  -20950.0     5.000      999.     0.0   11     0.0
  -19950.0    -14200.0    -19950.0    -14200.0
  -19950.0    -14200.0
 -0.19950000E+05     -0.6857915600E+04
 -0.19945000E+05     -0.6849103397E+04
 -0.19940000E+05     -0.6840297699E+04
 -0.19935000E+05     -0.6831498898E+04
 -0.19930000E+05     -0.6822707199E+04
 -0.19925000E+05     -0.6813921700E+04
 -0.19920000E+05     -0.6805143299E+04
 -0.19915000E+05     -0.6796371498E+04
 -0.19910000E+05     -0.6787606400E+04
 -0.19905000E+05     -0.6778847900E+04
 -0.19900000E+05     -0.6770095997E+04
 -0.19895000E+05     -0.6761350399E+04
 -0.19890000E+05     -0.6752611599E+04
 -0.19885000E+05     -0.6743878998E+04
 -0.19880000E+05     -0.6735153000E+04
 -0.19875000E+05     -0.6726433498E+04
 -0.19870000E+05     -0.6717720497E+04
 -0.19865000E+05     -0.6709013397E+04
 -0.19860000E+05     -0.6700313297E+04
 -0.19855000E+05     -0.6691619198E+04
 -0.19850000E+05     -0.6682931198E+04
 -0.19845000E+05     -0.6674249897E+04
 -0.19840000E+05     -0.6665574799E+04
 -0.19835000E+05     -0.6656905899E+04
 -0.19830000E+05     -0.6648243397E+04
 -0.19825000E+05     -0.6639586899E+04
 -0.19820000E+05     -0.6630936600E+04
 -0.19815000E+05     -0.6622292797E+04
 -0.19810000E+05     -0.6613654999E+04
 -0.19805000E+05     -0.6605023300E+04
 -0.19800000E+05     -0.6596397999E+04
 -0.19795000E+05     -0.6587778599E+04
 -0.19790000E+05     -0.6579165600E+04
 -0.19785000E+05     -0.6570558498E+04
 -0.19780000E+05     -0.6561957699E+04
 -0.19775000E+05     -0.6553362900E+04
 -0.19770000E+05     -0.6544774498E+04
 -0.19765000E+05     -0.6536191799E+04
 -0.19760000E+05     -0.6527615398E+04
 -0.19755000E+05     -0.6519044998E+04
 -0.19750000E+05     -0.6510480900E+04
 -0.19745000E+05     -0.6501922600E+04
 -0.19740000E+05     -0.6493370399E+04
 -0.19735000E+05     -0.6484824600E+04
 -0.19730000E+05     -0.6476284599E+04
 -0.19725000E+05     -0.6467750397E+04
 -0.19720000E+05     -0.6459222599E+04
 -0.19715000E+05     -0.6450700699E+04
 -0.19710000E+05     -0.6442185097E+04
 -0.19705000E+05     -0.6433675400E+04
 -0.19700000E+05     -0.6425171600E+04
 -0.19695000E+05     -0.6416673897E+04
 -0.19690000E+05     -0.6408182400E+04
 -0.19685000E+05     -0.6399696499E+04
 -0.19680000E+05     -0.6391216999E+04
 -0.19675000E+05     -0.6382743500E+04
 -0.19670000E+05     -0.6374275898E+04
 -0.19665000E+05     -0.6365814499E+04
 -0.19660000E+05     -0.6357358898E+04
 -0.19655000E+05     -0.6348909397E+04
 -0.19650000E+05     -0.6340465900E+04
 -0.19645000E+05     -0.6332028297E+04
 -0.19640000E+05     -0.6323596897E+04
 -0.19635000E+05     -0.6315171497E+04
 -0.19630000E+05     -0.6306752197E+04
 -0.19625000E+05     -0.6298338600E+04
 -0.19620000E+05     -0.6289931198E+04
 -0.19615000E+05     -0.6281529999E+04
 -0.19610000E+05     -0.6273134399E+04
 -0.19605000E+05     -0.6264744999E+04
 -0.19600000E+05     -0.6256361698E+04
 -0.19595000E+05     -0.6247984100E+04
 -0.19590000E+05     -0.6239612797E+04
 -0.19585000E+05     -0.6231247299E+04
 -0.19580000E+05     -0.6222887798E+04
 -0.19575000E+05     -0.6214534397E+04
 -0.19570000E+05     -0.6206187099E+04
 -0.19565000E+05     -0.6197845398E+04
 -0.19560000E+05     -0.6189510197E+04
 -0.19555000E+05     -0.6181180599E+04
 -0.19550000E+05     -0.6172857197E+04
 -0.19545000E+05     -0.6164539600E+04
 -0.19540000E+05     -0.6156228298E+04
 -0.19535000E+05     -0.6147922497E+04
 -0.19530000E+05     -0.6139623299E+04
 -0.19525000E+05     -0.6131329498E+04
 -0.19520000E+05     -0.6123041897E+04
 -0.19515000E+05     -0.6114760300E+04
 -0.19510000E+05     -0.6106484798E+04
 -0.19505000E+05     -0.6098214897E+04
 -0.19500000E+05     -0.6089951199E+04
 -0.19495000E+05     -0.6081693497E+04
 -0.19490000E+05     -0.6073441799E+04
 -0.19485000E+05     -0.6065195900E+04
 -0.19480000E+05     -0.6056955997E+04
 -0.19475000E+05     -0.6048721897E+04
 -0.19470000E+05     -0.6040494198E+04
 -0.19465000E+05     -0.6032272099E+04
 -0.19460000E+05     -0.6024056000E+04
 -0.19455000E+05     -0.6015845699E+04
 -0.19450000E+05     -0.6007641499E+04
 -0.19445000E+05     -0.5999443199E+04
 -0.19440000E+05     -0.5991250999E+04
 -0.19435000E+05     -0.5983064598E+04
 -0.19430000E+05     -0.5974883999E+04
 -0.19425000E+05     -0.5966709499E+04
 -0.19420000E+05     -0.5958541000E+04
 -0.19415000E+05     -0.5950377998E+04
 -0.19410000E+05     -0.5942221199E+04
 -0.19405000E+05     -0.5934070297E+04
 -0.19400000E+05     -0.5925925400E+04
 -0.19395000E+05     -0.5917786098E+04
 -0.19390000E+05     -0.5909653000E+04
 -0.19385000E+05     -0.5901525700E+04
 -0.19380000E+05     -0.5893404099E+04
 -0.19375000E+05     -0.5885288597E+04
 -0.19370000E+05     -0.5877178799E+04
 -0.19365000E+05     -0.5869074997E+04
 -0.19360000E+05     -0.5860976997E+04
 -0.19355000E+05     -0.5852884899E+04
 -0.19350000E+05     -0.5844798698E+04
 -0.19345000E+05     -0.5836718197E+04
 -0.19340000E+05     -0.5828643700E+04
 -0.19335000E+05     -0.5820574997E+04
 -0.19330000E+05     -0.5812512100E+04
 -0.19325000E+05     -0.5804455097E+04
 -0.19320000E+05     -0.5796403900E+04
 -0.19315000E+05     -0.5788358498E+04
 -0.19310000E+05     -0.5780319000E+04
 -0.19305000E+05     -0.5772285297E+04
 -0.19300000E+05     -0.5764257198E+04
 -0.19295000E+05     -0.5756235199E+04
 -0.19290000E+05     -0.5748218899E+04
 -0.19285000E+05     -0.5740208298E+04
 -0.19280000E+05     -0.5732203598E+04
 -0.19275000E+05     -0.5724204697E+04
 -0.19270000E+05     -0.5716211498E+04
 -0.19265000E+05     -0.5708224098E+04
 -0.19260000E+05     -0.5700242500E+04
 -0.19255000E+05     -0.5692266598E+04
 -0.19250000E+05     -0.5684296398E+04
 -0.19245000E+05     -0.5676332298E+04
 -0.19240000E+05     -0.5668373798E+04
 -0.19235000E+05     -0.5660420998E+04
 -0.19230000E+05     -0.5652473999E+04
 -0.19225000E+05     -0.5644532700E+04
 -0.19220000E+05     -0.5636597000E+04
 -0.19215000E+05     -0.5628667198E+04
 -0.19210000E+05     -0.5620743198E+04
 -0.19205000E+05     -0.5612824799E+04
 -0.19200000E+05     -0.5604912197E+04
 -0.19195000E+05     -0.5597005299E+04
 -0.19190000E+05     -0.5589104000E+04
 -0.19185000E+05     -0.5581208500E+04
 -0.19180000E+05     -0.5573318798E+04
 -0.19175000E+05     -0.5565434597E+04
 -0.19170000E+05     -0.5557556198E+04
 -0.19165000E+05     -0.5549683697E+04
 -0.19160000E+05     -0.5541816498E+04
 -0.19155000E+05     -0.5533955200E+04
 -0.19150000E+05     -0.5526099697E+04
 -0.19145000E+05     -0.5518249699E+04
 -0.19140000E+05     -0.5510405499E+04
 -0.19135000E+05     -0.5502566998E+04
 -0.19130000E+05     -0.5494733997E+04
 -0.19125000E+05     -0.5486906799E+04
 -0.19120000E+05     -0.5479085400E+04
 -0.19115000E+05     -0.5471269398E+04
 -0.19110000E+05     -0.5463459198E+04
 -0.19105000E+05     -0.5455654697E+04
 -0.19100000E+05     -0.5447855797E+04
 -0.19095000E+05     -0.5440062599E+04
 -0.19090000E+05     -0.5432274998E+04
 -0.19085000E+05     -0.5424493000E+04
 -0.19080000E+05     -0.5416716698E+04
 -0.19075000E+05     -0.5408945999E+04
 -0.19070000E+05     -0.5401181000E+04
 -0.19065000E+05     -0.5393421700E+04
 -0.19060000E+05     -0.5385667999E+04
 -0.19055000E+05     -0.5377919697E+04
 -0.19050000E+05     -0.5370177299E+04
 -0.19045000E+05     -0.5362440598E+04
 -0.19040000E+05     -0.5354709400E+04
 -0.19035000E+05     -0.5346983700E+04
 -0.19030000E+05     -0.5339263897E+04
 -0.19025000E+05     -0.5331549500E+04
 -0.19020000E+05     -0.5323840698E+04
 -0.19015000E+05     -0.5316137600E+04
 -0.19010000E+05     -0.5308440098E+04
 -0.19005000E+05     -0.5300748199E+04
 -0.19000000E+05     -0.5293061897E+04
 -0.18995000E+05     -0.5285381100E+04
 -0.18990000E+05     -0.5277706200E+04
 -0.18985000E+05     -0.5270036697E+04
 -0.18980000E+05     -0.5262372799E+04
 -0.18975000E+05     -0.5254714699E+04
 -0.18970000E+05     -0.5247061798E+04
 -0.18965000E+05     -0.5239414700E+04
 -0.18960000E+05     -0.5231773300E+04
 -0.18955000E+05     -0.5224137199E+04
 -0.18950000E+05     -0.5216506699E+04
 -0.18945000E+05     -0.5208882000E+04
 -0.18940000E+05     -0.5201262699E+04
 -0.18935000E+05     -0.5193648998E+04
 -0.18930000E+05     -0.5186040897E+04
 -0.18925000E+05     -0.5178438297E+04
 -0.18920000E+05     -0.5170841099E+04
 -0.18915000E+05     -0.5163249599E+04
 -0.18910000E+05     -0.5155663597E+04
 -0.18905000E+05     -0.5148083099E+04
 -0.18900000E+05     -0.5140508099E+04
 -0.18895000E+05     -0.5132938698E+04
 -0.18890000E+05     -0.5125374599E+04
 -0.18885000E+05     -0.5117816200E+04
 -0.18880000E+05     -0.5110263199E+04
 -0.18875000E+05     -0.5102715500E+04
 -0.18870000E+05     -0.5095173500E+04
 -0.18865000E+05     -0.5087636997E+04
 -0.18860000E+05     -0.5080105598E+04
 -0.18855000E+05     -0.5072579998E+04
 -0.18850000E+05     -0.5065059597E+04
 -0.18845000E+05     -0.5057544598E+04
 -0.18840000E+05     -0.5050035099E+04
 -0.18835000E+05     -0.5042530998E+04
 -0.18830000E+05     -0.5035032097E+04
 -0.18825000E+05     -0.5027538799E+04
 -0.18820000E+05     -0.5020050598E+04
 -0.18815000E+05     -0.5012567600E+04
 -0.18810000E+05     -0.5005090199E+04
 -0.18805000E+05     -0.4997618000E+04
 -0.18800000E+05     -0.4990150799E+04
 -0.19375000E+05     -0.5885236656E+04
 -0.19370000E+05     -0.5877130039E+04
 -0.19365000E+05     -0.5869029068E+04
 -0.19360000E+05     -0.5860933697E+04
 -0.19355000E+05     -0.5852844036E+04
 -0.19350000E+05     -0.5844760059E+04
 -0.19345000E+05     -0.5836681767E+04
 -0.19340000E+05     -0.5828609219E+04
 -0.19335000E+05     -0.5820542286E+04
 -0.19330000E+05     -0.5812481075E+04
 -0.19325000E+05     -0.5804425667E+04
 -0.19320000E+05     -0.5796375847E+04
 -0.19315000E+05     -0.5788331856E+04
 -0.19310000E+05     -0.5780293507E+04
 -0.19305000E+05     -0.5772260906E+04
 -0.19300000E+05     -0.5764234097E+04
 -0.19295000E+05     -0.5756213028E+04
 -0.19290000E+05     -0.5748197605E+04
 -0.19285000E+05     -0.5740187977E+04
 -0.19280000E+05     -0.5732184109E+04
 -0.19275000E+05     -0.5724185997E+04
 -0.19270000E+05     -0.5716193497E+04
 -0.19265000E+05     -0.5708206959E+04
 -0.19260000E+05     -0.5700225998E+04
 -0.19255000E+05     -0.5692250805E+04
 -0.19250000E+05     -0.5684281437E+04
 -0.19245000E+05     -0.5676317787E+04
 -0.19240000E+05     -0.5668359787E+04
 -0.19235000E+05     -0.5660407635E+04
 -0.19230000E+05     -0.5652461185E+04
 -0.19225000E+05     -0.5644520519E+04
 -0.19220000E+05     -0.5636585556E+04
 -0.19215000E+05     -0.5628656315E+04
 -0.19210000E+05     -0.5620732796E+04
 -0.19205000E+05     -0.5612815075E+04
 -0.19200000E+05     -0.5604903038E+04
 -0.19195000E+05     -0.5596996769E+04
 -0.19190000E+05     -0.5589096157E+04
 -0.19185000E+05     -0.5581201328E+04
 -0.19180000E+05     -0.5573312229E+04
 -0.19175000E+05     -0.5565428818E+04
 -0.19170000E+05     -0.5557551117E+04
 -0.19165000E+05     -0.5549679077E+04
 -0.19160000E+05     -0.5541812828E+04
 -0.19155000E+05     -0.5533952259E+04
 -0.19150000E+05     -0.5526097347E+04
 -0.19145000E+05     -0.5518248226E+04
 -0.19140000E+05     -0.5510404697E+04
 -0.19135000E+05     -0.5502566868E+04
 -0.19130000E+05     -0.5494734745E+04
 -0.19125000E+05     -0.5486908306E+04
 -0.19120000E+05     -0.5479087498E+04
 -0.19115000E+05     -0.5471272446E+04
 -0.19110000E+05     -0.5463463017E+04
 -0.19105000E+05     -0.5455659237E+04
 -0.19100000E+05     -0.5447861149E+04
 -0.19095000E+05     -0.5440068638E+04
 -0.19090000E+05     -0.5432281807E+04
 -0.19085000E+05     -0.5424500656E+04
 -0.19080000E+05     -0.5416725147E+04
 -0.19075000E+05     -0.5408955246E+04
 -0.19070000E+05     -0.5401190998E+04
 -0.19065000E+05     -0.5393432339E+04
 -0.19060000E+05     -0.5385679325E+04
 -0.19055000E+05     -0.5377931927E+04
 -0.19050000E+05     -0.5370190189E+04
 -0.19045000E+05     -0.5362453976E+04
 -0.19040000E+05     -0.5354723385E+04
 -0.19035000E+05     -0.5346998428E+04
 -0.19030000E+05     -0.5339279057E+04
 -0.19025000E+05     -0.5331565319E+04
 -0.19020000E+05     -0.5323857117E+04
 -0.19015000E+05     -0.5316154457E+04
 -0.19010000E+05     -0.5308457455E+04
 -0.19005000E+05     -0.5300765968E+04
 -0.19000000E+05     -0.5293080097E+04
 -0.18995000E+05     -0.5285399738E+04
 -0.18990000E+05     -0.5277724968E+04
 -0.18985000E+05     -0.5270055775E+04
 -0.18980000E+05     -0.5262392078E+04
 -0.18975000E+05     -0.5254733978E+04
 -0.18970000E+05     -0.5247081417E+04
 -0.18965000E+05     -0.5239434368E+04
 -0.18960000E+05     -0.5231792866E+04
 -0.18955000E+05     -0.5224156918E+04
 -0.18950000E+05     -0.5216526485E+04
 -0.18945000E+05     -0.5208901558E+04
 -0.18940000E+05     -0.5201282139E+04
 -0.18935000E+05     -0.5193668247E+04
 -0.18930000E+05     -0.5186059937E+04
 -0.18925000E+05     -0.5178456978E+04
 -0.18920000E+05     -0.5170859657E+04
 -0.18915000E+05     -0.5163267788E+04
 -0.18910000E+05     -0.5155681385E+04
 -0.18905000E+05     -0.5148100529E+04
 -0.18900000E+05     -0.5140525158E+04
 -0.18895000E+05     -0.5132955208E+04
 -0.18890000E+05     -0.5125390816E+04
 -0.18885000E+05     -0.5117831848E+04
 -0.18880000E+05     -0.5110278347E+04
 -0.18875000E+05     -0.5102730446E+04
 -0.18870000E+05     -0.5095187866E+04
 -0.18865000E+05     -0.5087650745E+04
 -0.18860000E+05     -0.5080119175E+04
 -0.18855000E+05     -0.5072592999E+04
 -0.18850000E+05     -0.5065072266E+04
 -0.18845000E+05     -0.5057556995E+04
 -0.18840000E+05     -0.5050047199E+04
 -0.18835000E+05     -0.5042542759E+04
 -0.18830000E+05     -0.5035043877E+04
 -0.18825000E+05     -0.5027550327E+04
 -0.18820000E+05     -0.5020062206E+04
 -0.18815000E+05     -0.5012579628E+04
 -0.18810000E+05     -0.5005102375E+04
 -0.18805000E+05     -0.4997630577E+04
 -0.18800000E+05     -0.4990164177E+04
 -0.18795000E+05     -0.4982703159E+04
 -0.18790000E+05     -0.4975247597E+04
 -0.18785000E+05     -0.4967797466E+04
 -0.18780000E+05     -0.4960352707E+04
 -0.18775000E+05     -0.4952913338E+04
 -0.18770000E+05     -0.4945479435E+04
 -0.18765000E+05     -0.4938050797E+04
 -0.18760000E+05     -0.4930627666E+04
 -0.18755000E+05     -0.4923209858E+04
 -0.18750000E+05     -0.4915797398E+04
 -0.18745000E+05     -0.4908390438E+04
 -0.18740000E+05     -0.4900988766E+04
 -0.18735000E+05     -0.4893592449E+04
 -0.18730000E+05     -0.4886201618E+04
 -0.18725000E+05     -0.4878815998E+04
 -0.18720000E+05     -0.4871435848E+04
 -0.18715000E+05     -0.4864060986E+04
 -0.18710000E+05     -0.4856691479E+04
 -0.18705000E+05     -0.4849327396E+04
 -0.18700000E+05     -0.4841968639E+04
 -0.18695000E+05     -0.4834615177E+04
 -0.18690000E+05     -0.4827267078E+04
 -0.18685000E+05     -0.4819924366E+04
 -0.18680000E+05     -0.4812586906E+04
 -0.18675000E+05     -0.4805254826E+04
 -0.18670000E+05     -0.4797928089E+04
 -0.18665000E+05     -0.4790606609E+04
 -0.18660000E+05     -0.4783290455E+04
 -0.18655000E+05     -0.4775979679E+04
 -0.18650000E+05     -0.4768674175E+04
 -0.18645000E+05     -0.4761373978E+04
 -0.18640000E+05     -0.4754079086E+04
 -0.18635000E+05     -0.4746789467E+04
 -0.18630000E+05     -0.4739505188E+04
 -0.18625000E+05     -0.4732226166E+04
 -0.18620000E+05     -0.4724952419E+04
 -0.18615000E+05     -0.4717683998E+04
 -0.18610000E+05     -0.4710420807E+04
 -0.18605000E+05     -0.4703162918E+04
 -0.18600000E+05     -0.4695910286E+04
 -0.18595000E+05     -0.4688662968E+04
 -0.18590000E+05     -0.4681420818E+04
 -0.18585000E+05     -0.4674184017E+04
 -0.18580000E+05     -0.4666952446E+04
 -0.18575000E+05     -0.4659726078E+04
 -0.18570000E+05     -0.4652504986E+04
 -0.18565000E+05     -0.4645289188E+04
 -0.18560000E+05     -0.4638078526E+04
 -0.18555000E+05     -0.4630873177E+04
 -0.18550000E+05     -0.4623673016E+04
 -0.18545000E+05     -0.4616478046E+04
 -0.18540000E+05     -0.4609288349E+04
 -0.18535000E+05     -0.4602103867E+04
 -0.18530000E+05     -0.4594924519E+04
 -0.18525000E+05     -0.4587750488E+04
 -0.18520000E+05     -0.4580581596E+04
 -0.18515000E+05     -0.4573417877E+04
 -0.18510000E+05     -0.4566259388E+04
 -0.18505000E+05     -0.4559106117E+04
 -0.18500000E+05     -0.4551957947E+04
 -0.18495000E+05     -0.4544815048E+04
 -0.18490000E+05     -0.4537677246E+04
 -0.18485000E+05     -0.4530544628E+04
 -0.18480000E+05     -0.4523417198E+04
 -0.18475000E+05     -0.4516294937E+04
 -0.18470000E+05     -0.4509177807E+04
 -0.18465000E+05     -0.4502065845E+04
 -0.18460000E+05     -0.4494959049E+04
 -0.18455000E+05     -0.4487857357E+04
 -0.18450000E+05     -0.4480760845E+04
 -0.18445000E+05     -0.4473669487E+04
 -0.18440000E+05     -0.4466583195E+04
 -0.18435000E+05     -0.4459502056E+04
 -0.18430000E+05     -0.4452426075E+04
 -0.18425000E+05     -0.4445355217E+04
 -0.18420000E+05     -0.4438289467E+04
 -0.18415000E+05     -0.4431228817E+04
 -0.18410000E+05     -0.4424173298E+04
 -0.18405000E+05     -0.4417122887E+04
 -0.18400000E+05     -0.4410077568E+04
 -0.18395000E+05     -0.4403037388E+04
 -0.18390000E+05     -0.4396002266E+04
 -0.18385000E+05     -0.4388972267E+04
 -0.18380000E+05     -0.4381947327E+04
 -0.18375000E+05     -0.4374927517E+04
 -0.18370000E+05     -0.4367912838E+04
 -0.18365000E+05     -0.4360903168E+04
 -0.18360000E+05     -0.4353898636E+04
 -0.18355000E+05     -0.4346899178E+04
 -0.18350000E+05     -0.4339904789E+04
 -0.18345000E+05     -0.4332915527E+04
 -0.18340000E+05     -0.4325931309E+04
 -0.18335000E+05     -0.4318952175E+04
 -0.18330000E+05     -0.4311978168E+04
 -0.18325000E+05     -0.4305009186E+04
 -0.18320000E+05     -0.4298045307E+04
 -0.18315000E+05     -0.4291086536E+04
 -0.18310000E+05     -0.4284132866E+04
 -0.18305000E+05     -0.4277184208E+04
 -0.18300000E+05     -0.4270240688E+04
 -0.18295000E+05     -0.4263302258E+04
 -0.18290000E+05     -0.4256368896E+04
 -0.18285000E+05     -0.4249440636E+04
 -0.18280000E+05     -0.4242517506E+04
 -0.18275000E+05     -0.4235599445E+04
 -0.18270000E+05     -0.4228686497E+04
 -0.18265000E+05     -0.4221778667E+04
 -0.18260000E+05     -0.4214875938E+04
 -0.18255000E+05     -0.4207978329E+04
 -0.18250000E+05     -0.4201085838E+04
 -0.18245000E+05     -0.4194198467E+04
 -0.18240000E+05     -0.4187316296E+04
 -0.18235000E+05     -0.4180439228E+04
 -0.18230000E+05     -0.4173567337E+04
 -0.18225000E+05     -0.4166700558E+04
 -0.18800000E+05     -0.4990192844E+04
 -0.18795000E+05     -0.4982731598E+04
 -0.18790000E+05     -0.4975275787E+04
 -0.18785000E+05     -0.4967825397E+04
 -0.18780000E+05     -0.4960380478E+04
 -0.18775000E+05     -0.4952940956E+04
 -0.18770000E+05     -0.4945506767E+04
 -0.18765000E+05     -0.4938078075E+04
 -0.18760000E+05     -0.4930654675E+04
 -0.18755000E+05     -0.4923236706E+04
 -0.18750000E+05     -0.4915824097E+04
 -0.18745000E+05     -0.4908416836E+04
 -0.18740000E+05     -0.4901014935E+04
 -0.18735000E+05     -0.4893618397E+04
 -0.18730000E+05     -0.4886227116E+04
 -0.18725000E+05     -0.4878841286E+04
 -0.18720000E+05     -0.4871460728E+04
 -0.18715000E+05     -0.4864085476E+04
 -0.18710000E+05     -0.4856715576E+04
 -0.18705000E+05     -0.4849350956E+04
 -0.18700000E+05     -0.4841991577E+04
 -0.18695000E+05     -0.4834637638E+04
 -0.18690000E+05     -0.4827288876E+04
 -0.18685000E+05     -0.4819945488E+04
 -0.18680000E+05     -0.4812607357E+04
 -0.18675000E+05     -0.4805274525E+04
 -0.18670000E+05     -0.4797946938E+04
 -0.18665000E+05     -0.4790624668E+04
 -0.18660000E+05     -0.4783307686E+04
 -0.18655000E+05     -0.4775995895E+04
 -0.18650000E+05     -0.4768689548E+04
 -0.18645000E+05     -0.4761388268E+04
 -0.18640000E+05     -0.4754092358E+04
 -0.18635000E+05     -0.4746801739E+04
 -0.18630000E+05     -0.4739516327E+04
 -0.18625000E+05     -0.4732236187E+04
 -0.18620000E+05     -0.4724961376E+04
 -0.18615000E+05     -0.4717691685E+04
 -0.18610000E+05     -0.4710427357E+04
 -0.18605000E+05     -0.4703168236E+04
 -0.18600000E+05     -0.4695914425E+04
 -0.18595000E+05     -0.4688665775E+04
 -0.18590000E+05     -0.4681422485E+04
 -0.18585000E+05     -0.4674184387E+04
 -0.18580000E+05     -0.4666951515E+04
 -0.18575000E+05     -0.4659723919E+04
 -0.18570000E+05     -0.4652501568E+04
 -0.18565000E+05     -0.4645284435E+04
 -0.18560000E+05     -0.4638072647E+04
 -0.18555000E+05     -0.4630865936E+04
 -0.18550000E+05     -0.4623664585E+04
 -0.18545000E+05     -0.4616468506E+04
 -0.18540000E+05     -0.4609277538E+04
 -0.18535000E+05     -0.4602091877E+04
 -0.18530000E+05     -0.4594911465E+04
 -0.18525000E+05     -0.4587736347E+04
 -0.18520000E+05     -0.4580566338E+04
 -0.18515000E+05     -0.4573401638E+04
 -0.18510000E+05     -0.4566242085E+04
 -0.18505000E+05     -0.4559087826E+04
 -0.18500000E+05     -0.4551938847E+04
 -0.18495000E+05     -0.4544794987E+04
 -0.18490000E+05     -0.4537656456E+04
 -0.18485000E+05     -0.4530523117E+04
 -0.18480000E+05     -0.4523394897E+04
 -0.18475000E+05     -0.4516272038E+04
 -0.18470000E+05     -0.4509154308E+04
 -0.18465000E+05     -0.4502041817E+04
 -0.18460000E+05     -0.4494934517E+04
 -0.18455000E+05     -0.4487832497E+04
 -0.18450000E+05     -0.4480735596E+04
 -0.18445000E+05     -0.4473643967E+04
 -0.18440000E+05     -0.4466557507E+04
 -0.18435000E+05     -0.4459476307E+04
 -0.18430000E+05     -0.4452400246E+04
 -0.18425000E+05     -0.4445329407E+04
 -0.18420000E+05     -0.4438263718E+04
 -0.18415000E+05     -0.4431203236E+04
 -0.18410000E+05     -0.4424147987E+04
 -0.18405000E+05     -0.4417097916E+04
 -0.18400000E+05     -0.4410053005E+04
 -0.18395000E+05     -0.4403013248E+04
 -0.18390000E+05     -0.4395978718E+04
 -0.18385000E+05     -0.4388949326E+04
 -0.18380000E+05     -0.4381925117E+04
 -0.18375000E+05     -0.4374906086E+04
 -0.18370000E+05     -0.4367892197E+04
 -0.18365000E+05     -0.4360883507E+04
 -0.18360000E+05     -0.4353879875E+04
 -0.18355000E+05     -0.4346881397E+04
 -0.18350000E+05     -0.4339888157E+04
 -0.18345000E+05     -0.4332900036E+04
 -0.18340000E+05     -0.4325917007E+04
 -0.18335000E+05     -0.4318939198E+04
 -0.18330000E+05     -0.4311966488E+04
 -0.18325000E+05     -0.4304998905E+04
 -0.18320000E+05     -0.4298036427E+04
 -0.18315000E+05     -0.4291079075E+04
 -0.18310000E+05     -0.4284126766E+04
 -0.18305000E+05     -0.4277179657E+04
 -0.18300000E+05     -0.4270237598E+04
 -0.18295000E+05     -0.4263300697E+04
 -0.18290000E+05     -0.4256368908E+04
 -0.18285000E+05     -0.4249442104E+04
 -0.18280000E+05     -0.4242520466E+04
 -0.18275000E+05     -0.4235603935E+04
 -0.18270000E+05     -0.4228692417E+04
 -0.18265000E+05     -0.4221785976E+04
 -0.18260000E+05     -0.4214884647E+04
 -0.18255000E+05     -0.4207988338E+04
 -0.18250000E+05     -0.4201097107E+04
 -0.18245000E+05     -0.4194210926E+04
 -0.18240000E+05     -0.4187329845E+04
 -0.18235000E+05     -0.4180453766E+04
 -0.18230000E+05     -0.4173582745E+04
 -0.18225000E+05     -0.4166716705E+04
 -0.18220000E+05     -0.4159855755E+04
 -0.18215000E+05     -0.4152999775E+04
 -0.18210000E+05     -0.4146148876E+04
 -0.18205000E+05     -0.4139302917E+04
 -0.18200000E+05     -0.4132462067E+04
 -0.18195000E+05     -0.4125626156E+04
 -0.18190000E+05     -0.4118795265E+04
 -0.18185000E+05     -0.4111969368E+04
 -0.18180000E+05     -0.4105148457E+04
 -0.18175000E+05     -0.4098332558E+04
 -0.18170000E+05     -0.4091521637E+04
 -0.18165000E+05     -0.4084715626E+04
 -0.18160000E+05     -0.4077914646E+04
 -0.18155000E+05     -0.4071118656E+04
 -0.18150000E+05     -0.4064327557E+04
 -0.18145000E+05     -0.4057541466E+04
 -0.18140000E+05     -0.4050760345E+04
 -0.18135000E+05     -0.4043984165E+04
 -0.18130000E+05     -0.4037212894E+04
 -0.18125000E+05     -0.4030446648E+04
 -0.18120000E+05     -0.4023685207E+04
 -0.18115000E+05     -0.4016928768E+04
 -0.18110000E+05     -0.4010177277E+04
 -0.18105000E+05     -0.4003430637E+04
 -0.18100000E+05     -0.3996688995E+04
 -0.18095000E+05     -0.3989952206E+04
 -0.18090000E+05     -0.3983220406E+04
 -0.18085000E+05     -0.3976493416E+04
 -0.18080000E+05     -0.3969771446E+04
 -0.18075000E+05     -0.3963054276E+04
 -0.18070000E+05     -0.3956342068E+04
 -0.18065000E+05     -0.3949634739E+04
 -0.18060000E+05     -0.3942932255E+04
 -0.18055000E+05     -0.3936234608E+04
 -0.18050000E+05     -0.3929541946E+04
 -0.18045000E+05     -0.3922854107E+04
 -0.18040000E+05     -0.3916171207E+04
 -0.18035000E+05     -0.3909493114E+04
 -0.18030000E+05     -0.3902819927E+04
 -0.18025000E+05     -0.3896151566E+04
 -0.18020000E+05     -0.3889488094E+04
 -0.18015000E+05     -0.3882829475E+04
 -0.18010000E+05     -0.3876175686E+04
 -0.18005000E+05     -0.3869526798E+04
 -0.18000000E+05     -0.3862882706E+04
 -0.17995000E+05     -0.3856243446E+04
 -0.17990000E+05     -0.3849609089E+04
 -0.17985000E+05     -0.3842979546E+04
 -0.17980000E+05     -0.3836354836E+04
 -0.17975000E+05     -0.3829735016E+04
 -0.17970000E+05     -0.3823119926E+04
 -0.17965000E+05     -0.3816509766E+04
 -0.17960000E+05     -0.3809904396E+04
 -0.17955000E+05     -0.3803303837E+04
 -0.17950000E+05     -0.3796708065E+04
 -0.17945000E+05     -0.3790117214E+04
 -0.17940000E+05     -0.3783531116E+04
 -0.17935000E+05     -0.3776949818E+04
 -0.17930000E+05     -0.3770373356E+04
 -0.17925000E+05     -0.3763801739E+04
 -0.17920000E+05     -0.3757234837E+04
 -0.17915000E+05     -0.3750672878E+04
 -0.17910000E+05     -0.3744115627E+04
 -0.17905000E+05     -0.3737563206E+04
 -0.17900000E+05     -0.3731015606E+04
 -0.17895000E+05     -0.3724472797E+04
 -0.17890000E+05     -0.3717934734E+04
 -0.17885000E+05     -0.3711401527E+04
 -0.17880000E+05     -0.3704873096E+04
 -0.17875000E+05     -0.3698349499E+04
 -0.17870000E+05     -0.3691830616E+04
 -0.17865000E+05     -0.3685316555E+04
 -0.17860000E+05     -0.3678807224E+04
 -0.17855000E+05     -0.3672302769E+04
 -0.17850000E+05     -0.3665803059E+04
 -0.17845000E+05     -0.3659308079E+04
 -0.17840000E+05     -0.3652817905E+04
 -0.17835000E+05     -0.3646332497E+04
 -0.17830000E+05     -0.3639851887E+04
 -0.17825000E+05     -0.3633376026E+04
 -0.17820000E+05     -0.3626904926E+04
 -0.17815000E+05     -0.3620438557E+04
 -0.17810000E+05     -0.3613976936E+04
 -0.17805000E+05     -0.3607520138E+04
 -0.17800000E+05     -0.3601068016E+04
 -0.17795000E+05     -0.3594620754E+04
 -0.17790000E+05     -0.3588178085E+04
 -0.17785000E+05     -0.3581740227E+04
 -0.17780000E+05     -0.3575307106E+04
 -0.17775000E+05     -0.3568878696E+04
 -0.17770000E+05     -0.3562454998E+04
 -0.17765000E+05     -0.3556036068E+04
 -0.17760000E+05     -0.3549621815E+04
 -0.17755000E+05     -0.3543212238E+04
 -0.17750000E+05     -0.3536807476E+04
 -0.17745000E+05     -0.3530407288E+04
 -0.17740000E+05     -0.3524011818E+04
 -0.17735000E+05     -0.3517621056E+04
 -0.17730000E+05     -0.3511234966E+04
 -0.17725000E+05     -0.3504853516E+04
 -0.17720000E+05     -0.3498476807E+04
 -0.17715000E+05     -0.3492104649E+04
 -0.17710000E+05     -0.3485737148E+04
 -0.17705000E+05     -0.3479374317E+04
 -0.17700000E+05     -0.3473016087E+04
 -0.17695000E+05     -0.3466662437E+04
 -0.17690000E+05     -0.3460313446E+04
 -0.17685000E+05     -0.3453969006E+04
 -0.17680000E+05     -0.3447629154E+04
 -0.17675000E+05     -0.3441293896E+04
 -0.17670000E+05     -0.3434963139E+04
 -0.17665000E+05     -0.3428636948E+04
 -0.17660000E+05     -0.3422315315E+04
 -0.17655000E+05     -0.3415998158E+04
 -0.17650000E+05     -0.3409685467E+04
 -0.18225000E+05     -0.4166724472E+04
 -0.18220000E+05     -0.4159862694E+04
 -0.18215000E+05     -0.4153005943E+04
 -0.18210000E+05     -0.4146154217E+04
 -0.18205000E+05     -0.4139307514E+04
 -0.18200000E+05     -0.4132465828E+04
 -0.18195000E+05     -0.4125629150E+04
 -0.18190000E+05     -0.4118797489E+04
 -0.18185000E+05     -0.4111970833E+04
 -0.18180000E+05     -0.4105149170E+04
 -0.18175000E+05     -0.4098332508E+04
 -0.18170000E+05     -0.4091520836E+04
 -0.18165000E+05     -0.4084714157E+04
 -0.18160000E+05     -0.4077912460E+04
 -0.18155000E+05     -0.4071115749E+04
 -0.18150000E+05     -0.4064324005E+04
 -0.18145000E+05     -0.4057537239E+04
 -0.18140000E+05     -0.4050755447E+04
 -0.18135000E+05     -0.4043978622E+04
 -0.18130000E+05     -0.4037206757E+04
 -0.18125000E+05     -0.4030439850E+04
 -0.18120000E+05     -0.4023677898E+04
 -0.18115000E+05     -0.4016920902E+04
 -0.18110000E+05     -0.4010168858E+04
 -0.18105000E+05     -0.4003421753E+04
 -0.18100000E+05     -0.3996679588E+04
 -0.18095000E+05     -0.3989942368E+04
 -0.18090000E+05     -0.3983210079E+04
 -0.18085000E+05     -0.3976482723E+04
 -0.18080000E+05     -0.3969760300E+04
 -0.18075000E+05     -0.3963042801E+04
 -0.18070000E+05     -0.3956330219E+04
 -0.18065000E+05     -0.3949622562E+04
 -0.18060000E+05     -0.3942919815E+04
 -0.18055000E+05     -0.3936221985E+04
 -0.18050000E+05     -0.3929529068E+04
 -0.18045000E+05     -0.3922841053E+04
 -0.18040000E+05     -0.3916157944E+04
 -0.18035000E+05     -0.3909479733E+04
 -0.18030000E+05     -0.3902806416E+04
 -0.18025000E+05     -0.3896137993E+04
 -0.18020000E+05     -0.3889474464E+04
 -0.18015000E+05     -0.3882815826E+04
 -0.18010000E+05     -0.3876162067E+04
 -0.18005000E+05     -0.3869513195E+04
 -0.18000000E+05     -0.3862869198E+04
 -0.17995000E+05     -0.3856230072E+04
 -0.17990000E+05     -0.3849595825E+04
 -0.17985000E+05     -0.3842966442E+04
 -0.17980000E+05     -0.3836341927E+04
 -0.17975000E+05     -0.3829722279E+04
 -0.17970000E+05     -0.3823107483E+04
 -0.17965000E+05     -0.3816497543E+04
 -0.17960000E+05     -0.3809892464E+04
 -0.17955000E+05     -0.3803292229E+04
 -0.17950000E+05     -0.3796696842E+04
 -0.17945000E+05     -0.3790106304E+04
 -0.17940000E+05     -0.3783520603E+04
 -0.17935000E+05     -0.3776939739E+04
 -0.17930000E+05     -0.3770363716E+04
 -0.17925000E+05     -0.3763792519E+04
 -0.17920000E+05     -0.3757226151E+04
 -0.17915000E+05     -0.3750664608E+04
 -0.17910000E+05     -0.3744107887E+04
 -0.17905000E+05     -0.3737555984E+04
 -0.17900000E+05     -0.3731008896E+04
 -0.17895000E+05     -0.3724466625E+04
 -0.17890000E+05     -0.3717929157E+04
 -0.17885000E+05     -0.3711396500E+04
 -0.17880000E+05     -0.3704868641E+04
 -0.17875000E+05     -0.3698345581E+04
 -0.17870000E+05     -0.3691827320E+04
 -0.17865000E+05     -0.3685313854E+04
 -0.17860000E+05     -0.3678805172E+04
 -0.17855000E+05     -0.3672301285E+04
 -0.17850000E+05     -0.3665802170E+04
 -0.17845000E+05     -0.3659307838E+04
 -0.17840000E+05     -0.3652818283E+04
 -0.17835000E+05     -0.3646333500E+04
 -0.17830000E+05     -0.3639853485E+04
 -0.17825000E+05     -0.3633378242E+04
 -0.17820000E+05     -0.3626907757E+04
 -0.17815000E+05     -0.3620442028E+04
 -0.17810000E+05     -0.3613981056E+04
 -0.17805000E+05     -0.3607524837E+04
 -0.17800000E+05     -0.3601073368E+04
 -0.17795000E+05     -0.3594626648E+04
 -0.17790000E+05     -0.3588184662E+04
 -0.17785000E+05     -0.3581747417E+04
 -0.17780000E+05     -0.3575314907E+04
 -0.17775000E+05     -0.3568887127E+04
 -0.17770000E+05     -0.3562464073E+04
 -0.17765000E+05     -0.3556045750E+04
 -0.17760000E+05     -0.3549632141E+04
 -0.17755000E+05     -0.3543223248E+04
 -0.17750000E+05     -0.3536819077E+04
 -0.17745000E+05     -0.3530419609E+04
 -0.17740000E+05     -0.3524024845E+04
 -0.17735000E+05     -0.3517634785E+04
 -0.17730000E+05     -0.3511249424E+04
 -0.17725000E+05     -0.3504868755E+04
 -0.17720000E+05     -0.3498492786E+04
 -0.17715000E+05     -0.3492121498E+04
 -0.17710000E+05     -0.3485754894E+04
 -0.17705000E+05     -0.3479392975E+04
 -0.17700000E+05     -0.3473035725E+04
 -0.17695000E+05     -0.3466683155E+04
 -0.17690000E+05     -0.3460335255E+04
 -0.17685000E+05     -0.3453992020E+04
 -0.17680000E+05     -0.3447653442E+04
 -0.17675000E+05     -0.3441319523E+04
 -0.17670000E+05     -0.3434990257E+04
 -0.17665000E+05     -0.3428665649E+04
 -0.17660000E+05     -0.3422345684E+04
 -0.17655000E+05     -0.3416030361E+04
 -0.17650000E+05     -0.3409719681E+04
 -0.17645000E+05     -0.3403413635E+04
 -0.17640000E+05     -0.3397112221E+04
 -0.17635000E+05     -0.3390815430E+04
 -0.17630000E+05     -0.3384523270E+04
 -0.17625000E+05     -0.3378235729E+04
 -0.17620000E+05     -0.3371952801E+04
 -0.17615000E+05     -0.3365674488E+04
 -0.17610000E+05     -0.3359400791E+04
 -0.17605000E+05     -0.3353131691E+04
 -0.17600000E+05     -0.3346867199E+04
 -0.17595000E+05     -0.3340607300E+04
 -0.17590000E+05     -0.3334351997E+04
 -0.17585000E+05     -0.3328101288E+04
 -0.17580000E+05     -0.3321855160E+04
 -0.17575000E+05     -0.3315613621E+04
 -0.17570000E+05     -0.3309376659E+04
 -0.17565000E+05     -0.3303144276E+04
 -0.17560000E+05     -0.3296916458E+04
 -0.17555000E+05     -0.3290693218E+04
 -0.17550000E+05     -0.3284474537E+04
 -0.17545000E+05     -0.3278260414E+04
 -0.17540000E+05     -0.3272050854E+04
 -0.17535000E+05     -0.3265845844E+04
 -0.17530000E+05     -0.3259645386E+04
 -0.17525000E+05     -0.3253449478E+04
 -0.17520000E+05     -0.3247258106E+04
 -0.17515000E+05     -0.3241071274E+04
 -0.17510000E+05     -0.3234888981E+04
 -0.17505000E+05     -0.3228711220E+04
 -0.17500000E+05     -0.3222537983E+04
 -0.17495000E+05     -0.3216369274E+04
 -0.17490000E+05     -0.3210205090E+04
 -0.17485000E+05     -0.3204045418E+04
 -0.17480000E+05     -0.3197890263E+04
 -0.17475000E+05     -0.3191739616E+04
 -0.17470000E+05     -0.3185593479E+04
 -0.17465000E+05     -0.3179451851E+04
 -0.17460000E+05     -0.3173314716E+04
 -0.17455000E+05     -0.3167182079E+04
 -0.17450000E+05     -0.3161053944E+04
 -0.17445000E+05     -0.3154930290E+04
 -0.17440000E+05     -0.3148811127E+04
 -0.17435000E+05     -0.3142696449E+04
 -0.17430000E+05     -0.3136586246E+04
 -0.17425000E+05     -0.3130480526E+04
 -0.17420000E+05     -0.3124379280E+04
 -0.17415000E+05     -0.3118282501E+04
 -0.17410000E+05     -0.3112190189E+04
 -0.17405000E+05     -0.3106102348E+04
 -0.17400000E+05     -0.3100018963E+04
 -0.17395000E+05     -0.3093940037E+04
 -0.17390000E+05     -0.3087865570E+04
 -0.17385000E+05     -0.3081795551E+04
 -0.17380000E+05     -0.3075729984E+04
 -0.17375000E+05     -0.3069668865E+04
 -0.17370000E+05     -0.3063612186E+04
 -0.17365000E+05     -0.3057559948E+04
 -0.17360000E+05     -0.3051512150E+04
 -0.17355000E+05     -0.3045468781E+04
 -0.17350000E+05     -0.3039429848E+04
 -0.17345000E+05     -0.3033395348E+04
 -0.17340000E+05     -0.3027365269E+04
 -0.17335000E+05     -0.3021339615E+04
 -0.17330000E+05     -0.3015318386E+04
 -0.17325000E+05     -0.3009301571E+04
 -0.17320000E+05     -0.3003289173E+04
 -0.17315000E+05     -0.2997281189E+04
 -0.17310000E+05     -0.2991277618E+04
 -0.17305000E+05     -0.2985278454E+04
 -0.17300000E+05     -0.2979283695E+04
 -0.17295000E+05     -0.2973293339E+04
 -0.17290000E+05     -0.2967307384E+04
 -0.17285000E+05     -0.2961325832E+04
 -0.17280000E+05     -0.2955348671E+04
 -0.17275000E+05     -0.2949375908E+04
 -0.17270000E+05     -0.2943407539E+04
 -0.17265000E+05     -0.2937443554E+04
 -0.17260000E+05     -0.2931483963E+04
 -0.17255000E+05     -0.2925528759E+04
 -0.17250000E+05     -0.2919577934E+04
 -0.17245000E+05     -0.2913631493E+04
 -0.17240000E+05     -0.2907689430E+04
 -0.17235000E+05     -0.2901751747E+04
 -0.17230000E+05     -0.2895818436E+04
 -0.17225000E+05     -0.2889889507E+04
 -0.17220000E+05     -0.2883964943E+04
 -0.17215000E+05     -0.2878044758E+04
 -0.17210000E+05     -0.2872128941E+04
 -0.17205000E+05     -0.2866217487E+04
 -0.17200000E+05     -0.2860310398E+04
 -0.17195000E+05     -0.2854407677E+04
 -0.17190000E+05     -0.2848509315E+04
 -0.17185000E+05     -0.2842615318E+04
 -0.17180000E+05     -0.2836725681E+04
 -0.17175000E+05     -0.2830840401E+04
 -0.17170000E+05     -0.2824959476E+04
 -0.17165000E+05     -0.2819082912E+04
 -0.17160000E+05     -0.2813210697E+04
 -0.17155000E+05     -0.2807342842E+04
 -0.17150000E+05     -0.2801479332E+04
 -0.17145000E+05     -0.2795620182E+04
 -0.17140000E+05     -0.2789765373E+04
 -0.17135000E+05     -0.2783914921E+04
 -0.17130000E+05     -0.2778068813E+04
 -0.17125000E+05     -0.2772227051E+04
 -0.17120000E+05     -0.2766389637E+04
 -0.17115000E+05     -0.2760556564E+04
 -0.17110000E+05     -0.2754727840E+04
 -0.17105000E+05     -0.2748903461E+04
 -0.17100000E+05     -0.2743083416E+04
 -0.17095000E+05     -0.2737267719E+04
 -0.17090000E+05     -0.2731456367E+04
 -0.17085000E+05     -0.2725649353E+04
 -0.17080000E+05     -0.2719846676E+04
 -0.17075000E+05     -0.2714048340E+04
 -0.17650000E+05     -0.3409772575E+04
 -0.17645000E+05     -0.3403465347E+04
 -0.17640000E+05     -0.3397162807E+04
 -0.17635000E+05     -0.3390864956E+04
 -0.17630000E+05     -0.3384571827E+04
 -0.17625000E+05     -0.3378283245E+04
 -0.17620000E+05     -0.3371999386E+04
 -0.17615000E+05     -0.3365720165E+04
 -0.17610000E+05     -0.3359445568E+04
 -0.17605000E+05     -0.3353175556E+04
 -0.17600000E+05     -0.3346910206E+04
 -0.17595000E+05     -0.3340649445E+04
 -0.17590000E+05     -0.3334393295E+04
 -0.17585000E+05     -0.3328141727E+04
 -0.17580000E+05     -0.3321894695E+04
 -0.17575000E+05     -0.3315652306E+04
 -0.17570000E+05     -0.3309414474E+04
 -0.17565000E+05     -0.3303181225E+04
 -0.17560000E+05     -0.3296952526E+04
 -0.17555000E+05     -0.3290728367E+04
 -0.17550000E+05     -0.3284508778E+04
 -0.17545000E+05     -0.3278293716E+04
 -0.17540000E+05     -0.3272083256E+04
 -0.17535000E+05     -0.3265877296E+04
 -0.17530000E+05     -0.3259675846E+04
 -0.17525000E+05     -0.3253478954E+04
 -0.17520000E+05     -0.3247286594E+04
 -0.17515000E+05     -0.3241098705E+04
 -0.17510000E+05     -0.3234915417E+04
 -0.17505000E+05     -0.3228736588E+04
 -0.17500000E+05     -0.3222562298E+04
 -0.17495000E+05     -0.3216392525E+04
 -0.17490000E+05     -0.3210227226E+04
 -0.17485000E+05     -0.3204066494E+04
 -0.17480000E+05     -0.3197910255E+04
 -0.17475000E+05     -0.3191758476E+04
 -0.17470000E+05     -0.3185611206E+04
 -0.17465000E+05     -0.3179468456E+04
 -0.17460000E+05     -0.3173330185E+04
 -0.17455000E+05     -0.3167196365E+04
 -0.17450000E+05     -0.3161067085E+04
 -0.17445000E+05     -0.3154942295E+04
 -0.17440000E+05     -0.3148821964E+04
 -0.17435000E+05     -0.3142706158E+04
 -0.17430000E+05     -0.3136594788E+04
 -0.17425000E+05     -0.3130487885E+04
 -0.17420000E+05     -0.3124385517E+04
 -0.17415000E+05     -0.3118287605E+04
 -0.17410000E+05     -0.3112194157E+04
 -0.17405000E+05     -0.3106105186E+04
 -0.17400000E+05     -0.3100020718E+04
 -0.17395000E+05     -0.3093940655E+04
 -0.17390000E+05     -0.3087865105E+04
 -0.17385000E+05     -0.3081794006E+04
 -0.17380000E+05     -0.3075727356E+04
 -0.17375000E+05     -0.3069665195E+04
 -0.17370000E+05     -0.3063607475E+04
 -0.17365000E+05     -0.3057554207E+04
 -0.17360000E+05     -0.3051505417E+04
 -0.17355000E+05     -0.3045461086E+04
 -0.17350000E+05     -0.3039421196E+04
 -0.17345000E+05     -0.3033385735E+04
 -0.17340000E+05     -0.3027354767E+04
 -0.17335000E+05     -0.3021328205E+04
 -0.17330000E+05     -0.3015306137E+04
 -0.17325000E+05     -0.3009288445E+04
 -0.17320000E+05     -0.3003275234E+04
 -0.17315000E+05     -0.2997266407E+04
 -0.17310000E+05     -0.2991262066E+04
 -0.17305000E+05     -0.2985262135E+04
 -0.17300000E+05     -0.2979266697E+04
 -0.17295000E+05     -0.2973275597E+04
 -0.17290000E+05     -0.2967288975E+04
 -0.17285000E+05     -0.2961306767E+04
 -0.17280000E+05     -0.2955328976E+04
 -0.17275000E+05     -0.2949355606E+04
 -0.17270000E+05     -0.2943386665E+04
 -0.17265000E+05     -0.2937422096E+04
 -0.17260000E+05     -0.2931461967E+04
 -0.17255000E+05     -0.2925506245E+04
 -0.17250000E+05     -0.2919554935E+04
 -0.17245000E+05     -0.2913607975E+04
 -0.17240000E+05     -0.2907665466E+04
 -0.17235000E+05     -0.2901727314E+04
 -0.17230000E+05     -0.2895793598E+04
 -0.17225000E+05     -0.2889864265E+04
 -0.17220000E+05     -0.2883939297E+04
 -0.17215000E+05     -0.2878018715E+04
 -0.17210000E+05     -0.2872102558E+04
 -0.17205000E+05     -0.2866190708E+04
 -0.17200000E+05     -0.2860283268E+04
 -0.17195000E+05     -0.2854380215E+04
 -0.17190000E+05     -0.2848481518E+04
 -0.17185000E+05     -0.2842587166E+04
 -0.17180000E+05     -0.2836697186E+04
 -0.17175000E+05     -0.2830811577E+04
 -0.17170000E+05     -0.2824930286E+04
 -0.17165000E+05     -0.2819053406E+04
 -0.17160000E+05     -0.2813180786E+04
 -0.17155000E+05     -0.2807312576E+04
 -0.17150000E+05     -0.2801448685E+04
 -0.17145000E+05     -0.2795589157E+04
 -0.17140000E+05     -0.2789733925E+04
 -0.17135000E+05     -0.2783883038E+04
 -0.17130000E+05     -0.2778036476E+04
 -0.17125000E+05     -0.2772194248E+04
 -0.17120000E+05     -0.2766356304E+04
 -0.17115000E+05     -0.2760522717E+04
 -0.17110000E+05     -0.2754693417E+04
 -0.17105000E+05     -0.2748868435E+04
 -0.17100000E+05     -0.2743047745E+04
 -0.17095000E+05     -0.2737231335E+04
 -0.17090000E+05     -0.2731419285E+04
 -0.17085000E+05     -0.2725611465E+04
 -0.17080000E+05     -0.2719807964E+04
 -0.17075000E+05     -0.2714008755E+04
 -0.17070000E+05     -0.2708213825E+04
 -0.17065000E+05     -0.2702423176E+04
 -0.17060000E+05     -0.2696636806E+04
 -0.17055000E+05     -0.2690854675E+04
 -0.17050000E+05     -0.2685076878E+04
 -0.17045000E+05     -0.2679303276E+04
 -0.17040000E+05     -0.2673533955E+04
 -0.17035000E+05     -0.2667768894E+04
 -0.17030000E+05     -0.2662008087E+04
 -0.17025000E+05     -0.2656251537E+04
 -0.17020000E+05     -0.2650499237E+04
 -0.17015000E+05     -0.2644751194E+04
 -0.17010000E+05     -0.2639007378E+04
 -0.17005000E+05     -0.2633267788E+04
 -0.17000000E+05     -0.2627532455E+04
 -0.16995000E+05     -0.2621801334E+04
 -0.16990000E+05     -0.2616074406E+04
 -0.16985000E+05     -0.2610351795E+04
 -0.16980000E+05     -0.2604633327E+04
 -0.16975000E+05     -0.2598919106E+04
 -0.16970000E+05     -0.2593209095E+04
 -0.16965000E+05     -0.2587503296E+04
 -0.16960000E+05     -0.2581801716E+04
 -0.16955000E+05     -0.2576104378E+04
 -0.16950000E+05     -0.2570411186E+04
 -0.16945000E+05     -0.2564722218E+04
 -0.16940000E+05     -0.2559037457E+04
 -0.16935000E+05     -0.2553356846E+04
 -0.16930000E+05     -0.2547680485E+04
 -0.16925000E+05     -0.2542008305E+04
 -0.16920000E+05     -0.2536340256E+04
 -0.16915000E+05     -0.2530676426E+04
 -0.16910000E+05     -0.2525016827E+04
 -0.16905000E+05     -0.2519361355E+04
 -0.16900000E+05     -0.2513710068E+04
 -0.16895000E+05     -0.2508062977E+04
 -0.16890000E+05     -0.2502420048E+04
 -0.16885000E+05     -0.2496781277E+04
 -0.16880000E+05     -0.2491146675E+04
 -0.16875000E+05     -0.2485516247E+04
 -0.16870000E+05     -0.2479889977E+04
 -0.16865000E+05     -0.2474267876E+04
 -0.16860000E+05     -0.2468649956E+04
 -0.16855000E+05     -0.2463036175E+04
 -0.16850000E+05     -0.2457426537E+04
 -0.16845000E+05     -0.2451821087E+04
 -0.16840000E+05     -0.2446219727E+04
 -0.16835000E+05     -0.2440622597E+04
 -0.16830000E+05     -0.2435029556E+04
 -0.16825000E+05     -0.2429440685E+04
 -0.16820000E+05     -0.2423855927E+04
 -0.16815000E+05     -0.2418275337E+04
 -0.16810000E+05     -0.2412698895E+04
 -0.16805000E+05     -0.2407126587E+04
 -0.16800000E+05     -0.2401558407E+04
 -0.16795000E+05     -0.2395994347E+04
 -0.16790000E+05     -0.2390434456E+04
 -0.16785000E+05     -0.2384878666E+04
 -0.16780000E+05     -0.2379326996E+04
 -0.16775000E+05     -0.2373779507E+04
 -0.16770000E+05     -0.2368236088E+04
 -0.16765000E+05     -0.2362696804E+04
 -0.16760000E+05     -0.2357161674E+04
 -0.16755000E+05     -0.2351630634E+04
 -0.16750000E+05     -0.2346103664E+04
 -0.16745000E+05     -0.2340580894E+04
 -0.16740000E+05     -0.2335062168E+04
 -0.16735000E+05     -0.2329547577E+04
 -0.16730000E+05     -0.2324037117E+04
 -0.16725000E+05     -0.2318530716E+04
 -0.16720000E+05     -0.2313028416E+04
 -0.16715000E+05     -0.2307530277E+04
 -0.16710000E+05     -0.2302036156E+04
 -0.16705000E+05     -0.2296546146E+04
 -0.16700000E+05     -0.2291060265E+04
 -0.16695000E+05     -0.2285578426E+04
 -0.16690000E+05     -0.2280100685E+04
 -0.16685000E+05     -0.2274627045E+04
 -0.16680000E+05     -0.2269157444E+04
 -0.16675000E+05     -0.2263691917E+04
 -0.16670000E+05     -0.2258230476E+04
 -0.16665000E+05     -0.2252773075E+04
 -0.16660000E+05     -0.2247319736E+04
 -0.16655000E+05     -0.2241870464E+04
 -0.16650000E+05     -0.2236425217E+04
 -0.16645000E+05     -0.2230984028E+04
 -0.16640000E+05     -0.2225546875E+04
 -0.16635000E+05     -0.2220113758E+04
 -0.16630000E+05     -0.2214684658E+04
 -0.16625000E+05     -0.2209259586E+04
 -0.16620000E+05     -0.2203838505E+04
 -0.16615000E+05     -0.2198421417E+04
 -0.16610000E+05     -0.2193008347E+04
 -0.16605000E+05     -0.2187599285E+04
 -0.16600000E+05     -0.2182194157E+04
 -0.16595000E+05     -0.2176793076E+04
 -0.16590000E+05     -0.2171395897E+04
 -0.16585000E+05     -0.2166002666E+04
 -0.16580000E+05     -0.2160613407E+04
 -0.16575000E+05     -0.2155228077E+04
 -0.16570000E+05     -0.2149846664E+04
 -0.16565000E+05     -0.2144469185E+04
 -0.16560000E+05     -0.2139095577E+04
 -0.16555000E+05     -0.2133725857E+04
 -0.16550000E+05     -0.2128360035E+04
 -0.16545000E+05     -0.2122998035E+04
 -0.16540000E+05     -0.2117639904E+04
 -0.16535000E+05     -0.2112285618E+04
 -0.16530000E+05     -0.2106935127E+04
 -0.16525000E+05     -0.2101588467E+04
 -0.16520000E+05     -0.2096245594E+04
 -0.16515000E+05     -0.2090906437E+04
 -0.16510000E+05     -0.2085571087E+04
 -0.16505000E+05     -0.2080239456E+04
 -0.16500000E+05     -0.2074911518E+04
 -0.17075000E+05     -0.2713996841E+04
 -0.17070000E+05     -0.2708200893E+04
 -0.17065000E+05     -0.2702409363E+04
 -0.17060000E+05     -0.2696622253E+04
 -0.17055000E+05     -0.2690839523E+04
 -0.17050000E+05     -0.2685061192E+04
 -0.17045000E+05     -0.2679287231E+04
 -0.17040000E+05     -0.2673517643E+04
 -0.17035000E+05     -0.2667752411E+04
 -0.17030000E+05     -0.2661991524E+04
 -0.17025000E+05     -0.2656234962E+04
 -0.17020000E+05     -0.2650482723E+04
 -0.17015000E+05     -0.2644734844E+04
 -0.17010000E+05     -0.2638991192E+04
 -0.17005000E+05     -0.2633251873E+04
 -0.17000000E+05     -0.2627516861E+04
 -0.16995000E+05     -0.2621786121E+04
 -0.16990000E+05     -0.2616059612E+04
 -0.16985000E+05     -0.2610337421E+04
 -0.16980000E+05     -0.2604619461E+04
 -0.16975000E+05     -0.2598905750E+04
 -0.16970000E+05     -0.2593196301E+04
 -0.16965000E+05     -0.2587491062E+04
 -0.16960000E+05     -0.2581790081E+04
 -0.16955000E+05     -0.2576093334E+04
 -0.16950000E+05     -0.2570400784E+04
 -0.16945000E+05     -0.2564712463E+04
 -0.16940000E+05     -0.2559028351E+04
 -0.16935000E+05     -0.2553348442E+04
 -0.16930000E+05     -0.2547672691E+04
 -0.16925000E+05     -0.2542001202E+04
 -0.16920000E+05     -0.2536333843E+04
 -0.16915000E+05     -0.2530670723E+04
 -0.16910000E+05     -0.2525011772E+04
 -0.16905000E+05     -0.2519356983E+04
 -0.16900000E+05     -0.2513706371E+04
 -0.16895000E+05     -0.2508059940E+04
 -0.16890000E+05     -0.2502417641E+04
 -0.16885000E+05     -0.2496779552E+04
 -0.16880000E+05     -0.2491145611E+04
 -0.16875000E+05     -0.2485515812E+04
 -0.16870000E+05     -0.2479890163E+04
 -0.16865000E+05     -0.2474268673E+04
 -0.16860000E+05     -0.2468651333E+04
 -0.16855000E+05     -0.2463038132E+04
 -0.16850000E+05     -0.2457429062E+04
 -0.16845000E+05     -0.2451824154E+04
 -0.16840000E+05     -0.2446223351E+04
 -0.16835000E+05     -0.2440626713E+04
 -0.16830000E+05     -0.2435034184E+04
 -0.16825000E+05     -0.2429445774E+04
 -0.16820000E+05     -0.2423861492E+04
 -0.16815000E+05     -0.2418281353E+04
 -0.16810000E+05     -0.2412705280E+04
 -0.16805000E+05     -0.2407133373E+04
 -0.16800000E+05     -0.2401565563E+04
 -0.16795000E+05     -0.2396001850E+04
 -0.16790000E+05     -0.2390442272E+04
 -0.16785000E+05     -0.2384886803E+04
 -0.16780000E+05     -0.2379335423E+04
 -0.16775000E+05     -0.2373788132E+04
 -0.16770000E+05     -0.2368244961E+04
 -0.16765000E+05     -0.2362705853E+04
 -0.16760000E+05     -0.2357170902E+04
 -0.16755000E+05     -0.2351639980E+04
 -0.16750000E+05     -0.2346113152E+04
 -0.16745000E+05     -0.2340590431E+04
 -0.16740000E+05     -0.2335071812E+04
 -0.16735000E+05     -0.2329557232E+04
 -0.16730000E+05     -0.2324046761E+04
 -0.16725000E+05     -0.2318540363E+04
 -0.16720000E+05     -0.2313038021E+04
 -0.16715000E+05     -0.2307539772E+04
 -0.16710000E+05     -0.2302045574E+04
 -0.16705000E+05     -0.2296555412E+04
 -0.16700000E+05     -0.2291069382E+04
 -0.16695000E+05     -0.2285587353E+04
 -0.16690000E+05     -0.2280109402E+04
 -0.16685000E+05     -0.2274635521E+04
 -0.16680000E+05     -0.2269165684E+04
 -0.16675000E+05     -0.2263699871E+04
 -0.16670000E+05     -0.2258238140E+04
 -0.16665000E+05     -0.2252780434E+04
 -0.16660000E+05     -0.2247326771E+04
 -0.16655000E+05     -0.2241877151E+04
 -0.16650000E+05     -0.2236431553E+04
 -0.16645000E+05     -0.2230990021E+04
 -0.16640000E+05     -0.2225552494E+04
 -0.16635000E+05     -0.2220118992E+04
 -0.16630000E+05     -0.2214689491E+04
 -0.16625000E+05     -0.2209264053E+04
 -0.16620000E+05     -0.2203842594E+04
 -0.16615000E+05     -0.2198425171E+04
 -0.16610000E+05     -0.2193011753E+04
 -0.16605000E+05     -0.2187602352E+04
 -0.16600000E+05     -0.2182196934E+04
 -0.16595000E+05     -0.2176795551E+04
 -0.16590000E+05     -0.2171398144E+04
 -0.16585000E+05     -0.2166004734E+04
 -0.16580000E+05     -0.2160615311E+04
 -0.16575000E+05     -0.2155229881E+04
 -0.16570000E+05     -0.2149848431E+04
 -0.16565000E+05     -0.2144471001E+04
 -0.16560000E+05     -0.2139097492E+04
 -0.16555000E+05     -0.2133727982E+04
 -0.16550000E+05     -0.2128362453E+04
 -0.16545000E+05     -0.2123000881E+04
 -0.16540000E+05     -0.2117643261E+04
 -0.16535000E+05     -0.2112289642E+04
 -0.16530000E+05     -0.2106939953E+04
 -0.16525000E+05     -0.2101594231E+04
 -0.16520000E+05     -0.2096252441E+04
 -0.16515000E+05     -0.2090914623E+04
 -0.16510000E+05     -0.2085580742E+04
 -0.16505000E+05     -0.2080250793E+04
 -0.16500000E+05     -0.2074924801E+04
 -0.16495000E+05     -0.2069602734E+04
 -0.16490000E+05     -0.2064284592E+04
 -0.16485000E+05     -0.2058970371E+04
 -0.16480000E+05     -0.2053660103E+04
 -0.16475000E+05     -0.2048353741E+04
 -0.16470000E+05     -0.2043051281E+04
 -0.16465000E+05     -0.2037752750E+04
 -0.16460000E+05     -0.2032458141E+04
 -0.16455000E+05     -0.2027167431E+04
 -0.16450000E+05     -0.2021880604E+04
 -0.16445000E+05     -0.2016597733E+04
 -0.16440000E+05     -0.2011318722E+04
 -0.16435000E+05     -0.2006043602E+04
 -0.16430000E+05     -0.2000772392E+04
 -0.16425000E+05     -0.1995505051E+04
 -0.16420000E+05     -0.1990241604E+04
 -0.16415000E+05     -0.1984982052E+04
 -0.16410000E+05     -0.1979726360E+04
 -0.16405000E+05     -0.1974474552E+04
 -0.16400000E+05     -0.1969226624E+04
 -0.16395000E+05     -0.1963982540E+04
 -0.16390000E+05     -0.1958742352E+04
 -0.16385000E+05     -0.1953506031E+04
 -0.16380000E+05     -0.1948273563E+04
 -0.16375000E+05     -0.1943044922E+04
 -0.16370000E+05     -0.1937820183E+04
 -0.16365000E+05     -0.1932599262E+04
 -0.16360000E+05     -0.1927382214E+04
 -0.16355000E+05     -0.1922169022E+04
 -0.16350000E+05     -0.1916959644E+04
 -0.16345000E+05     -0.1911754112E+04
 -0.16340000E+05     -0.1906552464E+04
 -0.16335000E+05     -0.1901354610E+04
 -0.16330000E+05     -0.1896160603E+04
 -0.16325000E+05     -0.1890970421E+04
 -0.16320000E+05     -0.1885784073E+04
 -0.16315000E+05     -0.1880601543E+04
 -0.16310000E+05     -0.1875422852E+04
 -0.16305000E+05     -0.1870247982E+04
 -0.16300000E+05     -0.1865076900E+04
 -0.16295000E+05     -0.1859909683E+04
 -0.16290000E+05     -0.1854746250E+04
 -0.16285000E+05     -0.1849586632E+04
 -0.16280000E+05     -0.1844430843E+04
 -0.16275000E+05     -0.1839278851E+04
 -0.16270000E+05     -0.1834130661E+04
 -0.16265000E+05     -0.1828986282E+04
 -0.16260000E+05     -0.1823845711E+04
 -0.16255000E+05     -0.1818708954E+04
 -0.16250000E+05     -0.1813575974E+04
 -0.16245000E+05     -0.1808446793E+04
 -0.16240000E+05     -0.1803321404E+04
 -0.16235000E+05     -0.1798199841E+04
 -0.16230000E+05     -0.1793082012E+04
 -0.16225000E+05     -0.1787968021E+04
 -0.16220000E+05     -0.1782857803E+04
 -0.16215000E+05     -0.1777751373E+04
 -0.16210000E+05     -0.1772648731E+04
 -0.16205000E+05     -0.1767549873E+04
 -0.16200000E+05     -0.1762454781E+04
 -0.16195000E+05     -0.1757363491E+04
 -0.16190000E+05     -0.1752275974E+04
 -0.16185000E+05     -0.1747192211E+04
 -0.16180000E+05     -0.1742112251E+04
 -0.16175000E+05     -0.1737036053E+04
 -0.16170000E+05     -0.1731963612E+04
 -0.16165000E+05     -0.1726894974E+04
 -0.16160000E+05     -0.1721830082E+04
 -0.16155000E+05     -0.1716768963E+04
 -0.16150000E+05     -0.1711711601E+04
 -0.16145000E+05     -0.1706658012E+04
 -0.16140000E+05     -0.1701608173E+04
 -0.16135000E+05     -0.1696562103E+04
 -0.16130000E+05     -0.1691519802E+04
 -0.16125000E+05     -0.1686481243E+04
 -0.16120000E+05     -0.1681446430E+04
 -0.16115000E+05     -0.1676415401E+04
 -0.16110000E+05     -0.1671388081E+04
 -0.16105000E+05     -0.1666364544E+04
 -0.16100000E+05     -0.1661344730E+04
 -0.16095000E+05     -0.1656328682E+04
 -0.16090000E+05     -0.1651316372E+04
 -0.16085000E+05     -0.1646307781E+04
 -0.16080000E+05     -0.1641302933E+04
 -0.16075000E+05     -0.1636301823E+04
 -0.16070000E+05     -0.1631304451E+04
 -0.16065000E+05     -0.1626310802E+04
 -0.16060000E+05     -0.1621320881E+04
 -0.16055000E+05     -0.1616334690E+04
 -0.16050000E+05     -0.1611352192E+04
 -0.16045000E+05     -0.1606373432E+04
 -0.16040000E+05     -0.1601398380E+04
 -0.16035000E+05     -0.1596427032E+04
 -0.16030000E+05     -0.1591459381E+04
 -0.16025000E+05     -0.1586495453E+04
 -0.16020000E+05     -0.1581535233E+04
 -0.16015000E+05     -0.1576578671E+04
 -0.16010000E+05     -0.1571625801E+04
 -0.16005000E+05     -0.1566676643E+04
 -0.16000000E+05     -0.1561731133E+04
 -0.15995000E+05     -0.1556789303E+04
 -0.15990000E+05     -0.1551851131E+04
 -0.15985000E+05     -0.1546916653E+04
 -0.15980000E+05     -0.1541985802E+04
 -0.15975000E+05     -0.1537058594E+04
 -0.15970000E+05     -0.1532135021E+04
 -0.15965000E+05     -0.1527215111E+04
 -0.15960000E+05     -0.1522298813E+04
 -0.15955000E+05     -0.1517386131E+04
 -0.15950000E+05     -0.1512477074E+04
 -0.15945000E+05     -0.1507571613E+04
 -0.15940000E+05     -0.1502669743E+04
 -0.15935000E+05     -0.1497771454E+04
 -0.15930000E+05     -0.1492876732E+04
 -0.15925000E+05     -0.1487985603E+04
 -0.16500000E+05     -0.2074911549E+04
 -0.16495000E+05     -0.2069588249E+04
 -0.16490000E+05     -0.2064268978E+04
 -0.16485000E+05     -0.2058953716E+04
 -0.16480000E+05     -0.2053642460E+04
 -0.16475000E+05     -0.2048335197E+04
 -0.16470000E+05     -0.2043031948E+04
 -0.16465000E+05     -0.2037732647E+04
 -0.16460000E+05     -0.2032437359E+04
 -0.16455000E+05     -0.2027146027E+04
 -0.16450000E+05     -0.2021858646E+04
 -0.16445000E+05     -0.2016575249E+04
 -0.16440000E+05     -0.2011295807E+04
 -0.16435000E+05     -0.2006020287E+04
 -0.16430000E+05     -0.2000748737E+04
 -0.16425000E+05     -0.1995481110E+04
 -0.16420000E+05     -0.1990217419E+04
 -0.16415000E+05     -0.1984957668E+04
 -0.16410000E+05     -0.1979701828E+04
 -0.16405000E+05     -0.1974449898E+04
 -0.16400000E+05     -0.1969201897E+04
 -0.16395000E+05     -0.1963957809E+04
 -0.16390000E+05     -0.1958717609E+04
 -0.16385000E+05     -0.1953481319E+04
 -0.16380000E+05     -0.1948248917E+04
 -0.16375000E+05     -0.1943020439E+04
 -0.16370000E+05     -0.1937795837E+04
 -0.16365000E+05     -0.1932575100E+04
 -0.16360000E+05     -0.1927358269E+04
 -0.16355000E+05     -0.1922145317E+04
 -0.16350000E+05     -0.1916936237E+04
 -0.16345000E+05     -0.1911731018E+04
 -0.16340000E+05     -0.1906529690E+04
 -0.16335000E+05     -0.1901332218E+04
 -0.16330000E+05     -0.1896138607E+04
 -0.16325000E+05     -0.1890948856E+04
 -0.16320000E+05     -0.1885762966E+04
 -0.16315000E+05     -0.1880580936E+04
 -0.16310000E+05     -0.1875402760E+04
 -0.16305000E+05     -0.1870228428E+04
 -0.16300000E+05     -0.1865057926E+04
 -0.16295000E+05     -0.1859891296E+04
 -0.16290000E+05     -0.1854728497E+04
 -0.16285000E+05     -0.1849569508E+04
 -0.16280000E+05     -0.1844414398E+04
 -0.16275000E+05     -0.1839263088E+04
 -0.16270000E+05     -0.1834115620E+04
 -0.16265000E+05     -0.1828971977E+04
 -0.16260000E+05     -0.1823832157E+04
 -0.16255000E+05     -0.1818696148E+04
 -0.16250000E+05     -0.1813563976E+04
 -0.16245000E+05     -0.1808435608E+04
 -0.16240000E+05     -0.1803311058E+04
 -0.16235000E+05     -0.1798190327E+04
 -0.16230000E+05     -0.1793073380E+04
 -0.16225000E+05     -0.1787960258E+04
 -0.16220000E+05     -0.1782850937E+04
 -0.16215000E+05     -0.1777745419E+04
 -0.16210000E+05     -0.1772643688E+04
 -0.16205000E+05     -0.1767545750E+04
 -0.16200000E+05     -0.1762451607E+04
 -0.16195000E+05     -0.1757361248E+04
 -0.16190000E+05     -0.1752274670E+04
 -0.16185000E+05     -0.1747191887E+04
 -0.16180000E+05     -0.1742112888E+04
 -0.16175000E+05     -0.1737037659E+04
 -0.16170000E+05     -0.1731966198E+04
 -0.16165000E+05     -0.1726898518E+04
 -0.16160000E+05     -0.1721834606E+04
 -0.16155000E+05     -0.1716774460E+04
 -0.16150000E+05     -0.1711718067E+04
 -0.16145000E+05     -0.1706665447E+04
 -0.16140000E+05     -0.1701616577E+04
 -0.16135000E+05     -0.1696571457E+04
 -0.16130000E+05     -0.1691530098E+04
 -0.16125000E+05     -0.1686492470E+04
 -0.16120000E+05     -0.1681458607E+04
 -0.16115000E+05     -0.1676428478E+04
 -0.16110000E+05     -0.1671402077E+04
 -0.16105000E+05     -0.1666379429E+04
 -0.16100000E+05     -0.1661360497E+04
 -0.16095000E+05     -0.1656345299E+04
 -0.16090000E+05     -0.1651333828E+04
 -0.16085000E+05     -0.1646326088E+04
 -0.16080000E+05     -0.1641322060E+04
 -0.16075000E+05     -0.1636321739E+04
 -0.16070000E+05     -0.1631325138E+04
 -0.16065000E+05     -0.1626332249E+04
 -0.16060000E+05     -0.1621343060E+04
 -0.16055000E+05     -0.1616357590E+04
 -0.16050000E+05     -0.1611375797E+04
 -0.16045000E+05     -0.1606397717E+04
 -0.16040000E+05     -0.1601423328E+04
 -0.16035000E+05     -0.1596452618E+04
 -0.16030000E+05     -0.1591485607E+04
 -0.16025000E+05     -0.1586522278E+04
 -0.16020000E+05     -0.1581562630E+04
 -0.16015000E+05     -0.1576606647E+04
 -0.16010000E+05     -0.1571654346E+04
 -0.16005000E+05     -0.1566705719E+04
 -0.16000000E+05     -0.1561760750E+04
 -0.15995000E+05     -0.1556819447E+04
 -0.15990000E+05     -0.1551881798E+04
 -0.15985000E+05     -0.1546947819E+04
 -0.15980000E+05     -0.1542017487E+04
 -0.15975000E+05     -0.1537090809E+04
 -0.15970000E+05     -0.1532167759E+04
 -0.15965000E+05     -0.1527248367E+04
 -0.15960000E+05     -0.1522332619E+04
 -0.15955000E+05     -0.1517420498E+04
 -0.15950000E+05     -0.1512512016E+04
 -0.15945000E+05     -0.1507607166E+04
 -0.15940000E+05     -0.1502705936E+04
 -0.15935000E+05     -0.1497808338E+04
 -0.15930000E+05     -0.1492914349E+04
 -0.15925000E+05     -0.1488023987E+04
 -0.15920000E+05     -0.1483137249E+04
 -0.15915000E+05     -0.1478254108E+04
 -0.15910000E+05     -0.1473374557E+04
 -0.15905000E+05     -0.1468498650E+04
 -0.15900000E+05     -0.1463626316E+04
 -0.15895000E+05     -0.1458757599E+04
 -0.15890000E+05     -0.1453892479E+04
 -0.15885000E+05     -0.1449030937E+04
 -0.15880000E+05     -0.1444172989E+04
 -0.15875000E+05     -0.1439318626E+04
 -0.15870000E+05     -0.1434467857E+04
 -0.15865000E+05     -0.1429620667E+04
 -0.15860000E+05     -0.1424777058E+04
 -0.15855000E+05     -0.1419937008E+04
 -0.15850000E+05     -0.1415100536E+04
 -0.15845000E+05     -0.1410267658E+04
 -0.15840000E+05     -0.1405438316E+04
 -0.15835000E+05     -0.1400612556E+04
 -0.15830000E+05     -0.1395790367E+04
 -0.15825000E+05     -0.1390971729E+04
 -0.15820000E+05     -0.1386156639E+04
 -0.15815000E+05     -0.1381345119E+04
 -0.15810000E+05     -0.1376537136E+04
 -0.15805000E+05     -0.1371732708E+04
 -0.15800000E+05     -0.1366931839E+04
 -0.15795000E+05     -0.1362134510E+04
 -0.15790000E+05     -0.1357340717E+04
 -0.15785000E+05     -0.1352550480E+04
 -0.15780000E+05     -0.1347763779E+04
 -0.15775000E+05     -0.1342980598E+04
 -0.15770000E+05     -0.1338200970E+04
 -0.15765000E+05     -0.1333424870E+04
 -0.15760000E+05     -0.1328652287E+04
 -0.15755000E+05     -0.1323883259E+04
 -0.15750000E+05     -0.1319117729E+04
 -0.15745000E+05     -0.1314355728E+04
 -0.15740000E+05     -0.1309597260E+04
 -0.15735000E+05     -0.1304842319E+04
 -0.15730000E+05     -0.1300090878E+04
 -0.15725000E+05     -0.1295342979E+04
 -0.15720000E+05     -0.1290598579E+04
 -0.15715000E+05     -0.1285857697E+04
 -0.15710000E+05     -0.1281120319E+04
 -0.15705000E+05     -0.1276386459E+04
 -0.15700000E+05     -0.1271656097E+04
 -0.15695000E+05     -0.1266929268E+04
 -0.15690000E+05     -0.1262205917E+04
 -0.15685000E+05     -0.1257486069E+04
 -0.15680000E+05     -0.1252769749E+04
 -0.15675000E+05     -0.1248056908E+04
 -0.15670000E+05     -0.1243347569E+04
 -0.15665000E+05     -0.1238641739E+04
 -0.15660000E+05     -0.1233939388E+04
 -0.15655000E+05     -0.1229240528E+04
 -0.15650000E+05     -0.1224545177E+04
 -0.15645000E+05     -0.1219853310E+04
 -0.15640000E+05     -0.1215164928E+04
 -0.15635000E+05     -0.1210480049E+04
 -0.15630000E+05     -0.1205798649E+04
 -0.15625000E+05     -0.1201120716E+04
 -0.15620000E+05     -0.1196446297E+04
 -0.15615000E+05     -0.1191775330E+04
 -0.15610000E+05     -0.1187107849E+04
 -0.15605000E+05     -0.1182443848E+04
 -0.15600000E+05     -0.1177783329E+04
 -0.15595000E+05     -0.1173126278E+04
 -0.15590000E+05     -0.1168472698E+04
 -0.15585000E+05     -0.1163822590E+04
 -0.15580000E+05     -0.1159175938E+04
 -0.15575000E+05     -0.1154532780E+04
 -0.15570000E+05     -0.1149893059E+04
 -0.15565000E+05     -0.1145256817E+04
 -0.15560000E+05     -0.1140624020E+04
 -0.15555000E+05     -0.1135994686E+04
 -0.15550000E+05     -0.1131368797E+04
 -0.15545000E+05     -0.1126746368E+04
 -0.15540000E+05     -0.1122127388E+04
 -0.15535000E+05     -0.1117511848E+04
 -0.15530000E+05     -0.1112899757E+04
 -0.15525000E+05     -0.1108291088E+04
 -0.15520000E+05     -0.1103685879E+04
 -0.15515000E+05     -0.1099084087E+04
 -0.15510000E+05     -0.1094485729E+04
 -0.15505000E+05     -0.1089890789E+04
 -0.15500000E+05     -0.1085299278E+04
 -0.15495000E+05     -0.1080711178E+04
 -0.15490000E+05     -0.1076126488E+04
 -0.15485000E+05     -0.1071545208E+04
 -0.15480000E+05     -0.1066967339E+04
 -0.15475000E+05     -0.1062392868E+04
 -0.15470000E+05     -0.1057821796E+04
 -0.15465000E+05     -0.1053254089E+04
 -0.15460000E+05     -0.1048689777E+04
 -0.15455000E+05     -0.1044128838E+04
 -0.15450000E+05     -0.1039571270E+04
 -0.15445000E+05     -0.1035017067E+04
 -0.15440000E+05     -0.1030466217E+04
 -0.15435000E+05     -0.1025918716E+04
 -0.15430000E+05     -0.1021374557E+04
 -0.15425000E+05     -0.1016833736E+04
 -0.15420000E+05     -0.1012296238E+04
 -0.15415000E+05     -0.1007762058E+04
 -0.15410000E+05     -0.1003231197E+04
 -0.15405000E+05     -0.9987036095E+03
 -0.15400000E+05     -0.9941793289E+03
 -0.15395000E+05     -0.9896583290E+03
 -0.15390000E+05     -0.9851405983E+03
 -0.15385000E+05     -0.9806261177E+03
 -0.15380000E+05     -0.9761148987E+03
 -0.15375000E+05     -0.9716068993E+03
 -0.15370000E+05     -0.9671021194E+03
 -0.15365000E+05     -0.9626005669E+03
 -0.15360000E+05     -0.9581022072E+03
 -0.15355000E+05     -0.9536070290E+03
 -0.15350000E+05     -0.9491150169E+03
 -0.15925000E+05     -0.1488014492E+04
 -0.15920000E+05     -0.1483128147E+04
 -0.15915000E+05     -0.1478245373E+04
 -0.15910000E+05     -0.1473366177E+04
 -0.15905000E+05     -0.1468490551E+04
 -0.15900000E+05     -0.1463618500E+04
 -0.15895000E+05     -0.1458750023E+04
 -0.15890000E+05     -0.1453885117E+04
 -0.15885000E+05     -0.1449023788E+04
 -0.15880000E+05     -0.1444166027E+04
 -0.15875000E+05     -0.1439311840E+04
 -0.15870000E+05     -0.1434461227E+04
 -0.15865000E+05     -0.1429614182E+04
 -0.15860000E+05     -0.1424770706E+04
 -0.15855000E+05     -0.1419930801E+04
 -0.15850000E+05     -0.1415094460E+04
 -0.15845000E+05     -0.1410261692E+04
 -0.15840000E+05     -0.1405432484E+04
 -0.15835000E+05     -0.1400606846E+04
 -0.15830000E+05     -0.1395784767E+04
 -0.15825000E+05     -0.1390966255E+04
 -0.15820000E+05     -0.1386151299E+04
 -0.15815000E+05     -0.1381339905E+04
 -0.15810000E+05     -0.1376532063E+04
 -0.15805000E+05     -0.1371727783E+04
 -0.15800000E+05     -0.1366927055E+04
 -0.15795000E+05     -0.1362129879E+04
 -0.15790000E+05     -0.1357336254E+04
 -0.15785000E+05     -0.1352546177E+04
 -0.15780000E+05     -0.1347759647E+04
 -0.15775000E+05     -0.1342976658E+04
 -0.15770000E+05     -0.1338197216E+04
 -0.15765000E+05     -0.1333421314E+04
 -0.15760000E+05     -0.1328648952E+04
 -0.15755000E+05     -0.1323880127E+04
 -0.15750000E+05     -0.1319114834E+04
 -0.15745000E+05     -0.1314353077E+04
 -0.15740000E+05     -0.1309594845E+04
 -0.15735000E+05     -0.1304840145E+04
 -0.15730000E+05     -0.1300088970E+04
 -0.15725000E+05     -0.1295341312E+04
 -0.15720000E+05     -0.1290597179E+04
 -0.15715000E+05     -0.1285856567E+04
 -0.15710000E+05     -0.1281119469E+04
 -0.15705000E+05     -0.1276385887E+04
 -0.15700000E+05     -0.1271655811E+04
 -0.15695000E+05     -0.1266929245E+04
 -0.15690000E+05     -0.1262206188E+04
 -0.15685000E+05     -0.1257486637E+04
 -0.15680000E+05     -0.1252770580E+04
 -0.15675000E+05     -0.1248058025E+04
 -0.15670000E+05     -0.1243348972E+04
 -0.15665000E+05     -0.1238643402E+04
 -0.15660000E+05     -0.1233941330E+04
 -0.15655000E+05     -0.1229242748E+04
 -0.15650000E+05     -0.1224547649E+04
 -0.15645000E+05     -0.1219856033E+04
 -0.15640000E+05     -0.1215167900E+04
 -0.15635000E+05     -0.1210483242E+04
 -0.15630000E+05     -0.1205802063E+04
 -0.15625000E+05     -0.1201124355E+04
 -0.15620000E+05     -0.1196450119E+04
 -0.15615000E+05     -0.1191779350E+04
 -0.15610000E+05     -0.1187112045E+04
 -0.15605000E+05     -0.1182448204E+04
 -0.15600000E+05     -0.1177787827E+04
 -0.15595000E+05     -0.1173130905E+04
 -0.15590000E+05     -0.1168477432E+04
 -0.15585000E+05     -0.1163827419E+04
 -0.15580000E+05     -0.1159180855E+04
 -0.15575000E+05     -0.1154537735E+04
 -0.15570000E+05     -0.1149898060E+04
 -0.15565000E+05     -0.1145261829E+04
 -0.15560000E+05     -0.1140629032E+04
 -0.15555000E+05     -0.1135999680E+04
 -0.15550000E+05     -0.1131373760E+04
 -0.15545000E+05     -0.1126751266E+04
 -0.15540000E+05     -0.1122132210E+04
 -0.15535000E+05     -0.1117516579E+04
 -0.15530000E+05     -0.1112904369E+04
 -0.15525000E+05     -0.1108295582E+04
 -0.15520000E+05     -0.1103690216E+04
 -0.15515000E+05     -0.1099088264E+04
 -0.15510000E+05     -0.1094489727E+04
 -0.15505000E+05     -0.1089894600E+04
 -0.15500000E+05     -0.1085302883E+04
 -0.15495000E+05     -0.1080714577E+04
 -0.15490000E+05     -0.1076129673E+04
 -0.15485000E+05     -0.1071548172E+04
 -0.15480000E+05     -0.1066970070E+04
 -0.15475000E+05     -0.1062395363E+04
 -0.15470000E+05     -0.1057824051E+04
 -0.15465000E+05     -0.1053256130E+04
 -0.15460000E+05     -0.1048691605E+04
 -0.15455000E+05     -0.1044130463E+04
 -0.15450000E+05     -0.1039572708E+04
 -0.15445000E+05     -0.1035018333E+04
 -0.15440000E+05     -0.1030467342E+04
 -0.15435000E+05     -0.1025919727E+04
 -0.15430000E+05     -0.1021375488E+04
 -0.15425000E+05     -0.1016834621E+04
 -0.15420000E+05     -0.1012297127E+04
 -0.15415000E+05     -0.1007763000E+04
 -0.15410000E+05     -0.1003232239E+04
 -0.15405000E+05     -0.9987048492E+03
 -0.15400000E+05     -0.9941808128E+03
 -0.15395000E+05     -0.9896601410E+03
 -0.15390000E+05     -0.9851428223E+03
 -0.15385000E+05     -0.9806288605E+03
 -0.15380000E+05     -0.9761182518E+03
 -0.15375000E+05     -0.9716109924E+03
 -0.15370000E+05     -0.9671070824E+03
 -0.15365000E+05     -0.9626065178E+03
 -0.15360000E+05     -0.9581092987E+03
 -0.15355000E+05     -0.9536154213E+03
 -0.15350000E+05     -0.9491248817E+03
 -0.15345000E+05     -0.9446376762E+03
 -0.15340000E+05     -0.9401538124E+03
 -0.15335000E+05     -0.9356732750E+03
 -0.15330000E+05     -0.9311960716E+03
 -0.15325000E+05     -0.9267221947E+03
 -0.15320000E+05     -0.9222516403E+03
 -0.15315000E+05     -0.9177844162E+03
 -0.15310000E+05     -0.9133205109E+03
 -0.15305000E+05     -0.9088599243E+03
 -0.15300000E+05     -0.9044026527E+03
 -0.15295000E+05     -0.8999487038E+03
 -0.15290000E+05     -0.8954980583E+03
 -0.15285000E+05     -0.8910507278E+03
 -0.15280000E+05     -0.8866067047E+03
 -0.15275000E+05     -0.8821659889E+03
 -0.15270000E+05     -0.8777285728E+03
 -0.15265000E+05     -0.8732944641E+03
 -0.15260000E+05     -0.8688636475E+03
 -0.15255000E+05     -0.8644361343E+03
 -0.15250000E+05     -0.8600119133E+03
 -0.15245000E+05     -0.8555909843E+03
 -0.15240000E+05     -0.8511733475E+03
 -0.15235000E+05     -0.8467589989E+03
 -0.15230000E+05     -0.8423479347E+03
 -0.15225000E+05     -0.8379401512E+03
 -0.15220000E+05     -0.8335356560E+03
 -0.15215000E+05     -0.8291344337E+03
 -0.15210000E+05     -0.8247364883E+03
 -0.15205000E+05     -0.8203418198E+03
 -0.15200000E+05     -0.8159504204E+03
 -0.15195000E+05     -0.8115622940E+03
 -0.15190000E+05     -0.8071774368E+03
 -0.15185000E+05     -0.8027958374E+03
 -0.15180000E+05     -0.7984175072E+03
 -0.15175000E+05     -0.7940424347E+03
 -0.15170000E+05     -0.7896706200E+03
 -0.15165000E+05     -0.7853020630E+03
 -0.15160000E+05     -0.7809367561E+03
 -0.15155000E+05     -0.7765747032E+03
 -0.15150000E+05     -0.7722158966E+03
 -0.15145000E+05     -0.7678603363E+03
 -0.15140000E+05     -0.7635080185E+03
 -0.15135000E+05     -0.7591589432E+03
 -0.15130000E+05     -0.7548131065E+03
 -0.15125000E+05     -0.7504705009E+03
 -0.15120000E+05     -0.7461311340E+03
 -0.15115000E+05     -0.7417949944E+03
 -0.15110000E+05     -0.7374620857E+03
 -0.15105000E+05     -0.7331324043E+03
 -0.15100000E+05     -0.7288059425E+03
 -0.15095000E+05     -0.7244827042E+03
 -0.15090000E+05     -0.7201626816E+03
 -0.15085000E+05     -0.7158458748E+03
 -0.15080000E+05     -0.7115322800E+03
 -0.15075000E+05     -0.7072218971E+03
 -0.15070000E+05     -0.7029147224E+03
 -0.15065000E+05     -0.6986107483E+03
 -0.15060000E+05     -0.6943099823E+03
 -0.15055000E+05     -0.6900124092E+03
 -0.15050000E+05     -0.6857180367E+03
 -0.15045000E+05     -0.6814268532E+03
 -0.15040000E+05     -0.6771388664E+03
 -0.15035000E+05     -0.6728540649E+03
 -0.15030000E+05     -0.6685724449E+03
 -0.15025000E+05     -0.6642940140E+03
 -0.15020000E+05     -0.6600187569E+03
 -0.15015000E+05     -0.6557466812E+03
 -0.15010000E+05     -0.6514777756E+03
 -0.15005000E+05     -0.6472120399E+03
 -0.15000000E+05     -0.6429494743E+03
 -0.14995000E+05     -0.6386900711E+03
 -0.14990000E+05     -0.6344338341E+03
 -0.14985000E+05     -0.6301807518E+03
 -0.14980000E+05     -0.6259308281E+03
 -0.14975000E+05     -0.6216840553E+03
 -0.14970000E+05     -0.6174404335E+03
 -0.14965000E+05     -0.6131999550E+03
 -0.14960000E+05     -0.6089626236E+03
 -0.14955000E+05     -0.6047284317E+03
 -0.14950000E+05     -0.6004973755E+03
 -0.14945000E+05     -0.5962694550E+03
 -0.14940000E+05     -0.5920446663E+03
 -0.14935000E+05     -0.5878230019E+03
 -0.14930000E+05     -0.5836044655E+03
 -0.14925000E+05     -0.5793890495E+03
 -0.14920000E+05     -0.5751767502E+03
 -0.14915000E+05     -0.5709675636E+03
 -0.14910000E+05     -0.5667614937E+03
 -0.14905000E+05     -0.5625585327E+03
 -0.14900000E+05     -0.5583586731E+03
 -0.14895000E+05     -0.5541619186E+03
 -0.14890000E+05     -0.5499682617E+03
 -0.14885000E+05     -0.5457776985E+03
 -0.14880000E+05     -0.5415902252E+03
 -0.14875000E+05     -0.5374058456E+03
 -0.14870000E+05     -0.5332245522E+03
 -0.14865000E+05     -0.5290463333E+03
 -0.14860000E+05     -0.5248712006E+03
 -0.14855000E+05     -0.5206991425E+03
 -0.14850000E+05     -0.5165301552E+03
 -0.14845000E+05     -0.5123642349E+03
 -0.14840000E+05     -0.5082013817E+03
 -0.14835000E+05     -0.5040415916E+03
 -0.14830000E+05     -0.4998848572E+03
 -0.14825000E+05     -0.4957311821E+03
 -0.14820000E+05     -0.4915805550E+03
 -0.14815000E+05     -0.4874329796E+03
 -0.14810000E+05     -0.4832884521E+03
 -0.14805000E+05     -0.4791469612E+03
 -0.14800000E+05     -0.4750085144E+03
 -0.14795000E+05     -0.4708731003E+03
 -0.14790000E+05     -0.4667407188E+03
 -0.14785000E+05     -0.4626113663E+03
 -0.14780000E+05     -0.4584850426E+03
 -0.14775000E+05     -0.4543617401E+03
 -0.15350000E+05     -0.9491359062E+03
 -0.15345000E+05     -0.9446496086E+03
 -0.15340000E+05     -0.9401665421E+03
 -0.15335000E+05     -0.9356867142E+03
 -0.15330000E+05     -0.9312101364E+03
 -0.15325000E+05     -0.9267368050E+03
 -0.15320000E+05     -0.9222667198E+03
 -0.15315000E+05     -0.9177998886E+03
 -0.15310000E+05     -0.9133363228E+03
 -0.15305000E+05     -0.9088759995E+03
 -0.15300000E+05     -0.9044189453E+03
 -0.15295000E+05     -0.8999651566E+03
 -0.15290000E+05     -0.8955146179E+03
 -0.15285000E+05     -0.8910673485E+03
 -0.15280000E+05     -0.8866233559E+03
 -0.15275000E+05     -0.8821826172E+03
 -0.15270000E+05     -0.8777451515E+03
 -0.15265000E+05     -0.8733109550E+03
 -0.15260000E+05     -0.8688800240E+03
 -0.15255000E+05     -0.8644523659E+03
 -0.15250000E+05     -0.8600279732E+03
 -0.15245000E+05     -0.8556068459E+03
 -0.15240000E+05     -0.8511889954E+03
 -0.15235000E+05     -0.8467744064E+03
 -0.15230000E+05     -0.8423630867E+03
 -0.15225000E+05     -0.8379550323E+03
 -0.15220000E+05     -0.8335502472E+03
 -0.15215000E+05     -0.8291487236E+03
 -0.15210000E+05     -0.8247504616E+03
 -0.15205000E+05     -0.8203554649E+03
 -0.15200000E+05     -0.8159637222E+03
 -0.15195000E+05     -0.8115752525E+03
 -0.15190000E+05     -0.8071900368E+03
 -0.15185000E+05     -0.8028080673E+03
 -0.15180000E+05     -0.7984293633E+03
 -0.15175000E+05     -0.7940539131E+03
 -0.15170000E+05     -0.7896817055E+03
 -0.15165000E+05     -0.7853127518E+03
 -0.15160000E+05     -0.7809470444E+03
 -0.15155000E+05     -0.7765845795E+03
 -0.15150000E+05     -0.7722253647E+03
 -0.15145000E+05     -0.7678693886E+03
 -0.15140000E+05     -0.7635166435E+03
 -0.15135000E+05     -0.7591671448E+03
 -0.15130000E+05     -0.7548208847E+03
 -0.15125000E+05     -0.7504778404E+03
 -0.15120000E+05     -0.7461380386E+03
 -0.15115000E+05     -0.7418014565E+03
 -0.15110000E+05     -0.7374680939E+03
 -0.15105000E+05     -0.7331379623E+03
 -0.15100000E+05     -0.7288110504E+03
 -0.15095000E+05     -0.7244873466E+03
 -0.15090000E+05     -0.7201668663E+03
 -0.15085000E+05     -0.7158495941E+03
 -0.15080000E+05     -0.7115355301E+03
 -0.15075000E+05     -0.7072246704E+03
 -0.15070000E+05     -0.7029170227E+03
 -0.15065000E+05     -0.6986125641E+03
 -0.15060000E+05     -0.6943113098E+03
 -0.15055000E+05     -0.6900132561E+03
 -0.15050000E+05     -0.6857183838E+03
 -0.15045000E+05     -0.6814267159E+03
 -0.15040000E+05     -0.6771382256E+03
 -0.15035000E+05     -0.6728529167E+03
 -0.15030000E+05     -0.6685708008E+03
 -0.15025000E+05     -0.6642918625E+03
 -0.15020000E+05     -0.6600160942E+03
 -0.15015000E+05     -0.6557435112E+03
 -0.15010000E+05     -0.6514740906E+03
 -0.15005000E+05     -0.6472078438E+03
 -0.15000000E+05     -0.6429447594E+03
 -0.14995000E+05     -0.6386848412E+03
 -0.14990000E+05     -0.6344280815E+03
 -0.14985000E+05     -0.6301744843E+03
 -0.14980000E+05     -0.6259240456E+03
 -0.14975000E+05     -0.6216767502E+03
 -0.14970000E+05     -0.6174326210E+03
 -0.14965000E+05     -0.6131916237E+03
 -0.14960000E+05     -0.6089537773E+03
 -0.14955000E+05     -0.6047190781E+03
 -0.14950000E+05     -0.6004875145E+03
 -0.14945000E+05     -0.5962590904E+03
 -0.14940000E+05     -0.5920338058E+03
 -0.14935000E+05     -0.5878116493E+03
 -0.14930000E+05     -0.5835926285E+03
 -0.14925000E+05     -0.5793767319E+03
 -0.14920000E+05     -0.5751639671E+03
 -0.14915000E+05     -0.5709543114E+03
 -0.14910000E+05     -0.5667477913E+03
 -0.14905000E+05     -0.5625443878E+03
 -0.14900000E+05     -0.5583440933E+03
 -0.14895000E+05     -0.5541469193E+03
 -0.14890000E+05     -0.5499528542E+03
 -0.14885000E+05     -0.5457619019E+03
 -0.14880000E+05     -0.5415740547E+03
 -0.14875000E+05     -0.5373893051E+03
 -0.14870000E+05     -0.5332076683E+03
 -0.14865000E+05     -0.5290291252E+03
 -0.14860000E+05     -0.5248536797E+03
 -0.14855000E+05     -0.5206813393E+03
 -0.14850000E+05     -0.5165120811E+03
 -0.14845000E+05     -0.5123459129E+03
 -0.14840000E+05     -0.5081828423E+03
 -0.14835000E+05     -0.5040228539E+03
 -0.14830000E+05     -0.4998659554E+03
 -0.14825000E+05     -0.4957121353E+03
 -0.14820000E+05     -0.4915613937E+03
 -0.14815000E+05     -0.4874137344E+03
 -0.14810000E+05     -0.4832691460E+03
 -0.14805000E+05     -0.4791276283E+03
 -0.14800000E+05     -0.4749891815E+03
 -0.14795000E+05     -0.4708538132E+03
 -0.14790000E+05     -0.4667215080E+03
 -0.14785000E+05     -0.4625922661E+03
 -0.14780000E+05     -0.4584660912E+03
 -0.14775000E+05     -0.4543429680E+03
 -0.14770000E+05     -0.4502229042E+03
 -0.14765000E+05     -0.4461059036E+03
 -0.14760000E+05     -0.4419919548E+03
 -0.14755000E+05     -0.4378810501E+03
 -0.14750000E+05     -0.4337732086E+03
 -0.14745000E+05     -0.4296684036E+03
 -0.14740000E+05     -0.4255666466E+03
 -0.14735000E+05     -0.4214679337E+03
 -0.14730000E+05     -0.4173722572E+03
 -0.14725000E+05     -0.4132796249E+03
 -0.14720000E+05     -0.4091900253E+03
 -0.14715000E+05     -0.4051034622E+03
 -0.14710000E+05     -0.4010199280E+03
 -0.14705000E+05     -0.3969394264E+03
 -0.14700000E+05     -0.3928619537E+03
 -0.14695000E+05     -0.3887874985E+03
 -0.14690000E+05     -0.3847160683E+03
 -0.14685000E+05     -0.3806476631E+03
 -0.14680000E+05     -0.3765822716E+03
 -0.14675000E+05     -0.3725198975E+03
 -0.14670000E+05     -0.3684605408E+03
 -0.14665000E+05     -0.3644041862E+03
 -0.14660000E+05     -0.3603508492E+03
 -0.14655000E+05     -0.3563005066E+03
 -0.14650000E+05     -0.3522531776E+03
 -0.14645000E+05     -0.3482088509E+03
 -0.14640000E+05     -0.3441675186E+03
 -0.14635000E+05     -0.3401291847E+03
 -0.14630000E+05     -0.3360938454E+03
 -0.14625000E+05     -0.3320614967E+03
 -0.14620000E+05     -0.3280321388E+03
 -0.14615000E+05     -0.3240057640E+03
 -0.14610000E+05     -0.3199823761E+03
 -0.14605000E+05     -0.3159619675E+03
 -0.14600000E+05     -0.3119445381E+03
 -0.14595000E+05     -0.3079300919E+03
 -0.14590000E+05     -0.3039186096E+03
 -0.14585000E+05     -0.2999101105E+03
 -0.14580000E+05     -0.2959045715E+03
 -0.14575000E+05     -0.2919020004E+03
 -0.14570000E+05     -0.2879023933E+03
 -0.14565000E+05     -0.2839057465E+03
 -0.14560000E+05     -0.2799120598E+03
 -0.14555000E+05     -0.2759213257E+03
 -0.14550000E+05     -0.2719335480E+03
 -0.14545000E+05     -0.2679487152E+03
 -0.14540000E+05     -0.2639668388E+03
 -0.14535000E+05     -0.2599879036E+03
 -0.14530000E+05     -0.2560119095E+03
 -0.14525000E+05     -0.2520388603E+03
 -0.14520000E+05     -0.2480687408E+03
 -0.14515000E+05     -0.2441015587E+03
 -0.14510000E+05     -0.2401373100E+03
 -0.14505000E+05     -0.2361759872E+03
 -0.14500000E+05     -0.2322175941E+03
 -0.14495000E+05     -0.2282621269E+03
 -0.14490000E+05     -0.2243095741E+03
 -0.14485000E+05     -0.2203599472E+03
 -0.14480000E+05     -0.2164132385E+03
 -0.14475000E+05     -0.2124694405E+03
 -0.14470000E+05     -0.2085285492E+03
 -0.14465000E+05     -0.2045905762E+03
 -0.14460000E+05     -0.2006555023E+03
 -0.14455000E+05     -0.1967233315E+03
 -0.14450000E+05     -0.1927940674E+03
 -0.14445000E+05     -0.1888676949E+03
 -0.14440000E+05     -0.1849442253E+03
 -0.14435000E+05     -0.1810236511E+03
 -0.14430000E+05     -0.1771059647E+03
 -0.14425000E+05     -0.1731911697E+03
 -0.14420000E+05     -0.1692792625E+03
 -0.14415000E+05     -0.1653702393E+03
 -0.14410000E+05     -0.1614641037E+03
 -0.14405000E+05     -0.1575608521E+03
 -0.14400000E+05     -0.1536604767E+03
 -0.14395000E+05     -0.1497629814E+03
 -0.14390000E+05     -0.1458683586E+03
 -0.14385000E+05     -0.1419766121E+03
 -0.14380000E+05     -0.1380877419E+03
 -0.14375000E+05     -0.1342017479E+03
 -0.14370000E+05     -0.1303186150E+03
 -0.14365000E+05     -0.1264383545E+03
 -0.14360000E+05     -0.1225609627E+03
 -0.14355000E+05     -0.1186864357E+03
 -0.14350000E+05     -0.1148147774E+03
 -0.14345000E+05     -0.1109459839E+03
 -0.14340000E+05     -0.1070800552E+03
 -0.14335000E+05     -0.1032169914E+03
 -0.14330000E+05     -0.9935679626E+02
 -0.14325000E+05     -0.9549945450E+02
 -0.14320000E+05     -0.9164498520E+02
 -0.14315000E+05     -0.8779337311E+02
 -0.14310000E+05     -0.8394462967E+02
 -0.14305000E+05     -0.8009874725E+02
 -0.14300000E+05     -0.7625573349E+02
 -0.14295000E+05     -0.7241558075E+02
 -0.14290000E+05     -0.6857829666E+02
 -0.14285000E+05     -0.6474388504E+02
 -0.14280000E+05     -0.6091233444E+02
 -0.14275000E+05     -0.5708366394E+02
 -0.14270000E+05     -0.5325786209E+02
 -0.14265000E+05     -0.4943492889E+02
 -0.14260000E+05     -0.4561488724E+02
 -0.14255000E+05     -0.4179772186E+02
 -0.14250000E+05     -0.3798343277E+02
 -0.14245000E+05     -0.3417203522E+02
 -0.14240000E+05     -0.3036352539E+02
 -0.14235000E+05     -0.2655791092E+02
 -0.14230000E+05     -0.2275519180E+02
 -0.14225000E+05     -0.1895537567E+02
 -0.14220000E+05     -0.1515847015E+02
 -0.14215000E+05     -0.1136447144E+02
 -0.14210000E+05     -0.7573390961E+01
 -0.14205000E+05     -0.3785232544E+01
 -0.14200000E+05      0.0000000000E+00
