  -19950.000       -0.73693856E+02           0.00000E+00
  -19945.000       -0.72757617E+02           0.00000E+00
  -19940.000       -0.71826377E+02           0.00000E+00
  -19935.000       -0.70901138E+02           0.00000E+00
  -19930.000       -0.69980898E+02           0.00000E+00
  -19925.000       -0.69067658E+02           0.10099E-29
  -19920.000       -0.68161419E+02           0.24996E-29
  -19915.000       -0.67259179E+02           0.61618E-29
  -19910.000       -0.66363940E+02           0.15084E-28
  -19905.000       -0.65474700E+02           0.36703E-28
  -19900.000       -0.64589460E+02           0.88952E-28
  -19895.000       -0.63712221E+02           0.21386E-27
  -19890.000       -0.62839981E+02           0.51161E-27
  -19885.000       -0.61974742E+02           0.12154E-26
  -19880.000       -0.61115502E+02           0.28700E-26
  -19875.000       -0.60259262E+02           0.67567E-26
  -19870.000       -0.59412023E+02           0.15765E-25
  -19865.000       -0.58570783E+02           0.36562E-25
  -19860.000       -0.57733544E+02           0.84458E-25
  -19855.000       -0.56904304E+02           0.19354E-24
  -19850.000       -0.56080064E+02           0.44130E-24
  -19845.000       -0.55261825E+02           0.10002E-23
  -19840.000       -0.54449585E+02           0.22534E-23
  -19835.000       -0.53643346E+02           0.50465E-23
  -19830.000       -0.52843106E+02           0.11234E-22
  -19825.000       -0.52048866E+02           0.24858E-22
  -19820.000       -0.51260627E+02           0.54675E-22
  -19815.000       -0.50478387E+02           0.11954E-21
  -19810.000       -0.49704148E+02           0.25928E-21
  -19805.000       -0.48933908E+02           0.56011E-21
  -19800.000       -0.48168668E+02           0.12040E-20
  -19795.000       -0.47412429E+02           0.25647E-20
  -19790.000       -0.46659189E+02           0.54472E-20
  -19785.000       -0.45913950E+02           0.11477E-19
  -19780.000       -0.45175710E+02           0.24013E-19
  -19775.000       -0.44440470E+02           0.50090E-19
  -19770.000       -0.43713231E+02           0.10365E-18
  -19765.000       -0.42992991E+02           0.21300E-18
  -19760.000       -0.42276752E+02           0.43595E-18
  -19755.000       -0.41568512E+02           0.88517E-18
  -19750.000       -0.40864272E+02           0.17901E-17
  -19745.000       -0.40167033E+02           0.35948E-17
  -19740.000       -0.39476793E+02           0.71688E-17
  -19735.000       -0.38791554E+02           0.14225E-16
  -19730.000       -0.38112314E+02           0.28056E-16
  -19725.000       -0.37441074E+02           0.54897E-16
  -19720.000       -0.36772835E+02           0.10709E-15
  -19715.000       -0.36112595E+02           0.20725E-15
  -19710.000       -0.35456356E+02           0.39948E-15
  -19705.000       -0.34809116E+02           0.76312E-15
  -19700.000       -0.34166876E+02           0.14505E-14
  -19695.000       -0.33530637E+02           0.27405E-14
  -19690.000       -0.32899397E+02           0.51520E-14
  -19685.000       -0.32276158E+02           0.96082E-14
  -19680.000       -0.31658918E+02           0.17812E-13
  -19675.000       -0.31046678E+02           0.32855E-13
  -19670.000       -0.30439439E+02           0.60300E-13
  -19665.000       -0.29839199E+02           0.10990E-12
  -19660.000       -0.29245960E+02           0.19890E-12
  -19655.000       -0.28658720E+02           0.35783E-12
  -19650.000       -0.28076480E+02           0.64053E-12
  -19645.000       -0.27500241E+02           0.11397E-11
  -19640.000       -0.26932001E+02           0.20118E-11
  -19635.000       -0.26367762E+02           0.35369E-11
  -19630.000       -0.25810522E+02           0.61749E-11
  -19625.000       -0.25260283E+02           0.10705E-10
  -19620.000       -0.24714043E+02           0.18485E-10
  -19615.000       -0.24174803E+02           0.31697E-10
  -19610.000       -0.23641564E+02           0.54026E-10
  -19605.000       -0.23114324E+02           0.91533E-10
  -19600.000       -0.22593085E+02           0.15415E-09
  -19595.000       -0.22077845E+02           0.25806E-09
  -19590.000       -0.21567605E+02           0.42984E-09
  -19585.000       -0.21067366E+02           0.70886E-09
  -19580.000       -0.20569126E+02           0.11667E-08
  -19575.000       -0.20078887E+02           0.19048E-08
  -19570.000       -0.19593647E+02           0.30945E-08
  -19565.000       -0.19114407E+02           0.49971E-08
  -19560.000       -0.18642168E+02           0.80133E-08
  -19555.000       -0.18174928E+02           0.12786E-07
  -19550.000       -0.17713689E+02           0.20279E-07
  -19545.000       -0.17258449E+02           0.31971E-07
  -19540.000       -0.16811209E+02           0.50002E-07
  -19535.000       -0.16366970E+02           0.77968E-07
  -19530.000       -0.15930730E+02           0.12061E-06
  -19525.000       -0.15500491E+02           0.18545E-06
  -19520.000       -0.15075251E+02           0.28373E-06
  -19515.000       -0.14657011E+02           0.43106E-06
  -19510.000       -0.14243772E+02           0.65164E-06
  -19505.000       -0.13836532E+02           0.97920E-06
  -19500.000       -0.13436293E+02           0.14611E-05
  -19495.000       -0.13041053E+02           0.21694E-05
  -19490.000       -0.12651813E+02           0.32017E-05
  -19485.000       -0.12269574E+02           0.46924E-05
  -19480.000       -0.11893334E+02           0.68358E-05
  -19475.000       -0.11522095E+02           0.99087E-05
  -19470.000       -0.11156855E+02           0.14277E-04
  -19465.000       -0.10797615E+02           0.20448E-04
  -19460.000       -0.10444376E+02           0.29112E-04
  -19455.000       -0.10098136E+02           0.41156E-04
  -19450.000       -0.97568966E+01           0.57894E-04
  -19445.000       -0.94206570E+01           0.81033E-04
  -19440.000       -0.90924174E+01           0.11252E-03
  -19435.000       -0.87681778E+01           0.15561E-03
  -19430.000       -0.84509382E+01           0.21370E-03
  -19425.000       -0.81396986E+01           0.29173E-03
  -19420.000       -0.78344590E+01           0.39586E-03
  -19415.000       -0.75352194E+01           0.53394E-03
  -19410.000       -0.72409798E+01           0.71661E-03
  -19405.000       -0.69527402E+01           0.95601E-03
  -19400.000       -0.66705006E+01           0.12678E-02
  -19395.000       -0.63942610E+01           0.16711E-02
  -19390.000       -0.61250215E+01           0.21874E-02
  -19385.000       -0.58607819E+01           0.28490E-02
  -19380.000       -0.56025423E+01           0.36885E-02
  -19375.000       -0.53503027E+01           0.47467E-02
  -19370.000       -0.51030631E+01           0.60781E-02
  -19365.000       -0.48628235E+01           0.77286E-02
  -19360.000       -0.46285839E+01           0.97686E-02
  -19355.000       -0.43993443E+01           0.12285E-01
  -19350.000       -0.41761047E+01           0.15358E-01
  -19345.000       -0.39588651E+01           0.19085E-01
  -19340.000       -0.37476255E+01           0.23574E-01
  -19335.000       -0.35413859E+01           0.28973E-01
  -19330.000       -0.33431463E+01           0.35326E-01
  -19325.000       -0.31499067E+01           0.42856E-01
  -19320.000       -0.29606671E+01           0.51784E-01
  -19315.000       -0.27784275E+01           0.62136E-01
  -19310.000       -0.26011879E+01           0.74185E-01
  -19305.000       -0.24309483E+01           0.87953E-01
  -19300.000       -0.22677087E+01           0.10355E+00
  -19295.000       -0.21084691E+01           0.12142E+00
  -19290.000       -0.19542295E+01           0.14167E+00
  -19285.000       -0.18059899E+01           0.16431E+00
  -19280.000       -0.16667503E+01           0.18886E+00
  -19275.000       -0.15315107E+01           0.21621E+00
  -19270.000       -0.14012711E+01           0.24628E+00
  -19265.000       -0.12780315E+01           0.27859E+00
  -19260.000       -0.11577919E+01           0.31418E+00
  -19255.000       -0.10455523E+01           0.35150E+00
  -19250.000       -0.94031274E+00           0.39051E+00
  -19245.000       -0.83807315E+00           0.43254E+00
  -19240.000       -0.74283355E+00           0.47576E+00
  -19235.000       -0.65259395E+00           0.52069E+00
  -19230.000       -0.56835436E+00           0.56646E+00
  -19225.000       -0.49111476E+00           0.61194E+00
  -19220.000       -0.41887516E+00           0.65779E+00
  -19215.000       -0.35363556E+00           0.70213E+00
  -19210.000       -0.29339597E+00           0.74573E+00
  -19205.000       -0.23715637E+00           0.78887E+00
  -19200.000       -0.18791677E+00           0.82868E+00
  -19195.000       -0.14467718E+00           0.86530E+00
  -19190.000       -0.10743758E+00           0.89813E+00
  -19185.000       -0.74197984E-01           0.92849E+00
  -19180.000       -0.47958387E-01           0.95317E+00
  -19175.000       -0.27718790E-01           0.97266E+00
  -19170.000       -0.13479194E-01           0.98661E+00
  -19165.000       -0.32395968E-02           0.99677E+00
  -19160.000        0.00000000E+00           0.10000E+01
  -19155.000       -0.27604032E-02           0.99724E+00
  -19150.000       -0.10520806E-01           0.98953E+00
  -19145.000       -0.23281210E-01           0.97699E+00
  -19140.000       -0.43041613E-01           0.95787E+00
  -19135.000       -0.66802016E-01           0.93538E+00
  -19130.000       -0.98562419E-01           0.90614E+00
  -19125.000       -0.13432282E+00           0.87431E+00
  -19120.000       -0.17708323E+00           0.83771E+00
  -19115.000       -0.22384363E+00           0.79944E+00
  -19110.000       -0.27660403E+00           0.75835E+00
  -19105.000       -0.33736444E+00           0.71365E+00
  -19100.000       -0.40012484E+00           0.67024E+00
  -19095.000       -0.46988524E+00           0.62507E+00
  -19090.000       -0.54664564E+00           0.57889E+00
  -19085.000       -0.62740605E+00           0.53398E+00
  -19080.000       -0.71516645E+00           0.48911E+00
  -19075.000       -0.80792685E+00           0.44578E+00
  -19070.000       -0.90568726E+00           0.40426E+00
  -19065.000       -0.10104477E+01           0.36406E+00
  -19060.000       -0.11202081E+01           0.32621E+00
  -19055.000       -0.12339685E+01           0.29113E+00
  -19050.000       -0.13547289E+01           0.25802E+00
  -19045.000       -0.14814893E+01           0.22730E+00
  -19040.000       -0.16132497E+01           0.19924E+00
  -19035.000       -0.17500101E+01           0.17377E+00
  -19030.000       -0.18947705E+01           0.15035E+00
  -19025.000       -0.20425309E+01           0.12970E+00
  -19020.000       -0.21972913E+01           0.11110E+00
  -19015.000       -0.23570517E+01           0.94699E-01
  -19010.000       -0.25218121E+01           0.80314E-01
  -19005.000       -0.26935725E+01           0.67639E-01
  -19000.000       -0.28703329E+01           0.56680E-01
  -18995.000       -0.30520933E+01           0.47260E-01
  -18990.000       -0.32398537E+01           0.39170E-01
  -18985.000       -0.34336141E+01           0.32270E-01
  -18980.000       -0.36313745E+01           0.26480E-01
  -18975.000       -0.38361349E+01           0.21577E-01
  -18970.000       -0.40458953E+01           0.17494E-01
  -18965.000       -0.42616557E+01           0.14099E-01
  -18960.000       -0.44824161E+01           0.11306E-01
  -18955.000       -0.47101765E+01           0.90032E-02
  -18950.000       -0.49419369E+01           0.71408E-02
  -18945.000       -0.51786973E+01           0.56353E-02
  -18940.000       -0.54224577E+01           0.44163E-02
  -18935.000       -0.56702181E+01           0.34471E-02
  -18930.000       -0.59239785E+01           0.26745E-02
  -18925.000       -0.61837390E+01           0.20627E-02
  -18920.000       -0.64494994E+01           0.15813E-02
  -18915.000       -0.67202598E+01           0.12062E-02
  -18910.000       -0.69960202E+01           0.91552E-03
  -18905.000       -0.72777806E+01           0.69072E-03
  -18900.000       -0.75645410E+01           0.51852E-03
  -18895.000       -0.78563014E+01           0.38730E-03
  -18890.000       -0.81550618E+01           0.28728E-03
  -18885.000       -0.84588222E+01           0.21202E-03
  -18880.000       -0.87675826E+01           0.15570E-03
  -18875.000       -0.90823430E+01           0.11366E-03
  -18870.000       -0.94021034E+01           0.82550E-04
  -18865.000       -0.97278638E+01           0.59599E-04
  -18860.000       -0.10058624E+02           0.42815E-04
  -18855.000       -0.10395385E+02           0.30573E-04
  -18850.000       -0.10736145E+02           0.21745E-04
  -18845.000       -0.11082905E+02           0.15373E-04
  -18840.000       -0.11435666E+02           0.10803E-04
  -18835.000       -0.11794426E+02           0.75465E-05
  -18830.000       -0.12157187E+02           0.52505E-05
  -18825.000       -0.12525947E+02           0.36312E-05
  -18820.000       -0.12900707E+02           0.24963E-05
  -18815.000       -0.13280468E+02           0.17075E-05
  -18810.000       -0.13666228E+02           0.11610E-05
  -18805.000       -0.14056989E+02           0.78547E-06
  -18800.000       -0.14453749E+02           0.52822E-06
  -18795.000       -0.14854509E+02           0.35381E-06
  -18790.000       -0.15261270E+02           0.23557E-06
  -18785.000       -0.15673030E+02           0.15606E-06
  -18780.000       -0.16090791E+02           0.10277E-06
  -18775.000       -0.16514551E+02           0.67270E-07
  -18770.000       -0.16943311E+02           0.43814E-07
  -18765.000       -0.17377072E+02           0.28394E-07
  -18760.000       -0.17816832E+02           0.18291E-07
  -18755.000       -0.18261593E+02           0.11724E-07
  -18750.000       -0.18711353E+02           0.74776E-08
  -18745.000       -0.19166113E+02           0.47453E-08
  -18740.000       -0.19627874E+02           0.29904E-08
  -18735.000       -0.20093634E+02           0.18769E-08
  -18730.000       -0.20566395E+02           0.11698E-08
  -18725.000       -0.21042155E+02           0.72696E-09
  -18720.000       -0.21524915E+02           0.44859E-09
  -18715.000       -0.22011676E+02           0.27571E-09
  -18710.000       -0.22505436E+02           0.16827E-09
  -18705.000       -0.23003197E+02           0.10229E-09
  -18700.000       -0.23507957E+02           0.61748E-10
  -18695.000       -0.24016717E+02           0.37125E-10
  -18690.000       -0.24530478E+02           0.22210E-10
  -18685.000       -0.25051238E+02           0.13194E-10
  -18680.000       -0.25574999E+02           0.78148E-11
  -18675.000       -0.26104759E+02           0.46009E-11
  -18670.000       -0.26640520E+02           0.26926E-11
  -18665.000       -0.27182280E+02           0.15663E-11
  -18660.000       -0.27728040E+02           0.90754E-12
  -18655.000       -0.28280801E+02           0.52216E-12
  -18650.000       -0.28837561E+02           0.29923E-12
  -18645.000       -0.29399322E+02           0.17062E-12
  -18640.000       -0.29967082E+02           0.96708E-13
  -18635.000       -0.30539842E+02           0.54540E-13
  -18630.000       -0.31117603E+02           0.30605E-13
  -18625.000       -0.31701363E+02           0.17072E-13
  -18620.000       -0.32290124E+02           0.94750E-14
  -18615.000       -0.32884884E+02           0.52273E-14
  -18610.000       -0.33483644E+02           0.28724E-14
  -18605.000       -0.34088405E+02           0.15689E-14
  -18600.000       -0.34697165E+02           0.85352E-15
  -18595.000       -0.35312926E+02           0.46110E-15
  -18590.000       -0.35933686E+02           0.24786E-15
  -18585.000       -0.36559446E+02           0.13257E-15
  -18580.000       -0.37191207E+02           0.70480E-16
  -18575.000       -0.37827967E+02           0.37284E-16
  -18570.000       -0.38468728E+02           0.19645E-16
  -18565.000       -0.39115488E+02           0.10289E-16
  -18560.000       -0.39767248E+02           0.53617E-17
  -18555.000       -0.40424009E+02           0.27802E-17
  -18550.000       -0.41086769E+02           0.14330E-17
  -18545.000       -0.41753530E+02           0.73565E-18
  -18540.000       -0.42427290E+02           0.37503E-18
  -18535.000       -0.43105050E+02           0.19042E-18
  -18530.000       -0.43788811E+02           0.96108E-19
  -18525.000       -0.44478571E+02           0.48217E-19
  -18520.000       -0.45171332E+02           0.24118E-19
  -18515.000       -0.45871092E+02           0.11979E-19
  -18510.000       -0.46574852E+02           0.59265E-20
  -18505.000       -0.47284613E+02           0.29144E-20
  -18500.000       -0.47999373E+02           0.14261E-20
  -18495.000       -0.48719134E+02           0.69430E-21
  -18490.000       -0.49445894E+02           0.33568E-21
  -18485.000       -0.50174654E+02           0.16197E-21
  -18480.000       -0.50910415E+02           0.77605E-22
  -18475.000       -0.51651175E+02           0.36998E-22
  -18470.000       -0.52396936E+02           0.17551E-22
  -18465.000       -0.53148696E+02           0.82759E-23
  -18460.000       -0.53905456E+02           0.38829E-23
  -18455.000       -0.54666217E+02           0.18145E-23
  -18450.000       -0.55432977E+02           0.84288E-24
  -18445.000       -0.56204738E+02           0.38958E-24
  -18440.000       -0.56982498E+02           0.17898E-24
  -18435.000       -0.57764258E+02           0.81903E-25
  -18430.000       -0.58550019E+02           0.37329E-25
  -18425.000       -0.59342779E+02           0.16895E-25
  -18420.000       -0.60141540E+02           0.76008E-26
  -18415.000       -0.60945300E+02           0.34025E-26
  -18410.000       -0.61752060E+02           0.15185E-26
  -18405.000       -0.62565821E+02           0.67299E-27
  -18400.000       -0.63383581E+02           0.29707E-27
  -18395.000       -0.64207342E+02           0.13035E-27
  -18390.000       -0.65036102E+02           0.56909E-28
  -18385.000       -0.65868862E+02           0.24747E-28
  -18380.000       -0.66707623E+02           0.10697E-28
  -18375.000       -0.67552383E+02           0.45959E-29
  -18370.000       -0.68401144E+02           0.19668E-29
  -18365.000       -0.69254904E+02           0.00000E+00
  -18360.000       -0.70115665E+02           0.00000E+00
  -18355.000       -0.70979425E+02           0.00000E+00
  -18350.000       -0.71849185E+02           0.00000E+00
  -18345.000       -0.72723946E+02           0.00000E+00
  -18340.000       -0.73603706E+02           0.00000E+00
  -18335.000       -0.74488467E+02           0.00000E+00
  -18330.000       -0.75378227E+02           0.00000E+00
  -18325.000       -0.76272987E+02           0.00000E+00
  -18320.000       -0.77173748E+02           0.00000E+00
  -18315.000       -0.78078508E+02           0.00000E+00
  -18310.000       -0.78989269E+02           0.00000E+00
  -18305.000       -0.79904029E+02           0.00000E+00
  -18300.000       -0.80824789E+02           0.00000E+00
  -18295.000       -0.81750550E+02           0.00000E+00
  -18290.000       -0.82680310E+02           0.00000E+00
  -18285.000       -0.83617071E+02           0.00000E+00
  -18280.000       -0.84557831E+02           0.00000E+00
  -18275.000       -0.85503591E+02           0.00000E+00
  -18270.000       -0.86454352E+02           0.00000E+00
  -18265.000       -0.87409112E+02           0.00000E+00
  -18260.000       -0.88370873E+02           0.00000E+00
  -18255.000       -0.89336633E+02           0.00000E+00
  -18250.000       -0.90307393E+02           0.00000E+00
  -18245.000       -0.91284154E+02           0.00000E+00
  -18240.000       -0.92264914E+02           0.00000E+00
  -18235.000       -0.93251675E+02           0.00000E+00
  -18230.000       -0.94242435E+02           0.00000E+00
  -18225.000       -0.95238195E+02           0.00000E+00
  -18220.000       -0.96239956E+02           0.00000E+00
  -18215.000       -0.97245716E+02           0.00000E+00
  -18210.000       -0.98258477E+02           0.00000E+00
  -18205.000       -0.99273237E+02           0.00000E+00
  -18200.000       -0.10029500E+03           0.00000E+00
  -18195.000       -0.10132076E+03           0.00000E+00
  -18190.000       -0.10235352E+03           0.00000E+00
  -18185.000       -0.10338928E+03           0.00000E+00
  -18180.000       -0.10443104E+03           0.00000E+00
  -18175.000       -0.10547680E+03           0.00000E+00
  -18170.000       -0.10652856E+03           0.00000E+00
  -18165.000       -0.10758432E+03           0.00000E+00
  -18160.000       -0.10864608E+03           0.00000E+00
  -18155.000       -0.10971184E+03           0.00000E+00
  -18150.000       -0.11078360E+03           0.00000E+00
  -18145.000       -0.11185936E+03           0.00000E+00
  -18140.000       -0.11294012E+03           0.00000E+00
  -18135.000       -0.11402688E+03           0.00000E+00
  -18130.000       -0.11511864E+03           0.00000E+00
  -18125.000       -0.11621340E+03           0.00000E+00
  -18120.000       -0.11731516E+03           0.00000E+00
  -18115.000       -0.11842092E+03           0.00000E+00
  -18110.000       -0.11953168E+03           0.00000E+00
  -18105.000       -0.12064745E+03           0.00000E+00
  -18100.000       -0.12176821E+03           0.00000E+00
  -18095.000       -0.12289497E+03           0.00000E+00
  -18090.000       -0.12402473E+03           0.00000E+00
  -18085.000       -0.12516049E+03           0.00000E+00
  -18080.000       -0.12630025E+03           0.00000E+00
  -18075.000       -0.12744701E+03           0.00000E+00
  -18070.000       -0.12859677E+03           0.00000E+00
  -18065.000       -0.12975253E+03           0.00000E+00
  -18060.000       -0.13091229E+03           0.00000E+00
  -18055.000       -0.13207805E+03           0.00000E+00
  -18050.000       -0.13324681E+03           0.00000E+00
  -18045.000       -0.13442157E+03           0.00000E+00
  -18040.000       -0.13560333E+03           0.00000E+00
  -18035.000       -0.13678709E+03           0.00000E+00
  -18030.000       -0.13797685E+03           0.00000E+00
  -18025.000       -0.13917161E+03           0.00000E+00
  -18020.000       -0.14037137E+03           0.00000E+00
  -18015.000       -0.14157513E+03           0.00000E+00
  -18010.000       -0.14278389E+03           0.00000E+00
  -18005.000       -0.14399865E+03           0.00000E+00
  -18000.000       -0.14521741E+03           0.00000E+00
  -17995.000       -0.14644117E+03           0.00000E+00
  -17990.000       -0.14766993E+03           0.00000E+00
  -17985.000       -0.14890269E+03           0.00000E+00
  -17980.000       -0.15014146E+03           0.00000E+00
  -17975.000       -0.15138422E+03           0.00000E+00
  -17970.000       -0.15263198E+03           0.00000E+00
  -17965.000       -0.15388574E+03           0.00000E+00
  -17960.000       -0.15514350E+03           0.00000E+00
  -17955.000       -0.15640626E+03           0.00000E+00
  -17950.000       -0.15767402E+03           0.00000E+00
  -17945.000       -0.15894578E+03           0.00000E+00
  -17940.000       -0.16022254E+03           0.00000E+00
  -17935.000       -0.16150530E+03           0.00000E+00
  -17930.000       -0.16279306E+03           0.00000E+00
  -17925.000       -0.16408282E+03           0.00000E+00
  -17920.000       -0.16537958E+03           0.00000E+00
  -17915.000       -0.16668034E+03           0.00000E+00
  -17910.000       -0.16798710E+03           0.00000E+00
  -17905.000       -0.16929786E+03           0.00000E+00
  -17900.000       -0.17061362E+03           0.00000E+00
  -17895.000       -0.17193438E+03           0.00000E+00
  -17890.000       -0.17326014E+03           0.00000E+00
  -17885.000       -0.17458990E+03           0.00000E+00
  -17880.000       -0.17592466E+03           0.00000E+00
  -17875.000       -0.17726342E+03           0.00000E+00
  -17870.000       -0.17860918E+03           0.00000E+00
  -17865.000       -0.17995794E+03           0.00000E+00
  -17860.000       -0.18131270E+03           0.00000E+00
  -17855.000       -0.18267047E+03           0.00000E+00
  -17850.000       -0.18403323E+03           0.00000E+00
  -17845.000       -0.18540199E+03           0.00000E+00
  -17840.000       -0.18677575E+03           0.00000E+00
  -17835.000       -0.18815351E+03           0.00000E+00
  -17830.000       -0.18953627E+03           0.00000E+00
  -17825.000       -0.19092303E+03           0.00000E+00
  -17820.000       -0.19231579E+03           0.00000E+00
  -17815.000       -0.19371255E+03           0.00000E+00
  -17810.000       -0.19511431E+03           0.00000E+00
  -17805.000       -0.19652007E+03           0.00000E+00
  -17800.000       -0.19793083E+03           0.00000E+00
  -17795.000       -0.19934759E+03           0.00000E+00
  -17790.000       -0.20076735E+03           0.00000E+00
  -17785.000       -0.20219211E+03           0.00000E+00
  -17780.000       -0.20362287E+03           0.00000E+00
  -17775.000       -0.20505763E+03           0.00000E+00
  -17770.000       -0.20649739E+03           0.00000E+00
  -17765.000       -0.20794115E+03           0.00000E+00
  -17760.000       -0.20938991E+03           0.00000E+00
  -17755.000       -0.21084367E+03           0.00000E+00
  -17750.000       -0.21230143E+03           0.00000E+00
  -17745.000       -0.21376519E+03           0.00000E+00
  -17740.000       -0.21523195E+03           0.00000E+00
  -17735.000       -0.21670471E+03           0.00000E+00
  -17730.000       -0.21818148E+03           0.00000E+00
  -17725.000       -0.21966324E+03           0.00000E+00
  -17720.000       -0.22115000E+03           0.00000E+00
  -17715.000       -0.22264176E+03           0.00000E+00
  -17710.000       -0.22413652E+03           0.00000E+00
  -17705.000       -0.22563828E+03           0.00000E+00
  -17700.000       -0.22714304E+03           0.00000E+00
  -17695.000       -0.22865180E+03           0.00000E+00
  -17690.000       -0.23016656E+03           0.00000E+00
  -17685.000       -0.23168532E+03           0.00000E+00
  -17680.000       -0.23321008E+03           0.00000E+00
  -17675.000       -0.23473784E+03           0.00000E+00
  -17670.000       -0.23627060E+03           0.00000E+00
  -17665.000       -0.23780936E+03           0.00000E+00
  -17660.000       -0.23935112E+03           0.00000E+00
  -17655.000       -0.24089788E+03           0.00000E+00
  -17650.000       -0.24244964E+03           0.00000E+00
  -17645.000       -0.24400540E+03           0.00000E+00
  -17640.000       -0.24556616E+03           0.00000E+00
  -17635.000       -0.24713192E+03           0.00000E+00
  -17630.000       -0.24870268E+03           0.00000E+00
  -17625.000       -0.25027744E+03           0.00000E+00
  -17620.000       -0.25185620E+03           0.00000E+00
  -17615.000       -0.25343996E+03           0.00000E+00
  -17610.000       -0.25502872E+03           0.00000E+00
  -17605.000       -0.25662249E+03           0.00000E+00
  -17600.000       -0.25822025E+03           0.00000E+00
  -17595.000       -0.25982201E+03           0.00000E+00
  -17590.000       -0.26142977E+03           0.00000E+00
  -17585.000       -0.26304153E+03           0.00000E+00
  -17580.000       -0.26465629E+03           0.00000E+00
  -17575.000       -0.26627805E+03           0.00000E+00
  -17570.000       -0.26790281E+03           0.00000E+00
  -17565.000       -0.26953257E+03           0.00000E+00
  -17560.000       -0.27116833E+03           0.00000E+00
  -17555.000       -0.27280609E+03           0.00000E+00
  -17550.000       -0.27445085E+03           0.00000E+00
  -17545.000       -0.27609861E+03           0.00000E+00
  -17540.000       -0.27775137E+03           0.00000E+00
  -17535.000       -0.27940913E+03           0.00000E+00
  -17530.000       -0.28107089E+03           0.00000E+00
  -17525.000       -0.28273665E+03           0.00000E+00
  -17520.000       -0.28440841E+03           0.00000E+00
  -17515.000       -0.28608317E+03           0.00000E+00
  -17510.000       -0.28776393E+03           0.00000E+00
  -17505.000       -0.28944869E+03           0.00000E+00
  -17500.000       -0.29113745E+03           0.00000E+00
  -17495.000       -0.29283121E+03           0.00000E+00
  -17490.000       -0.29452997E+03           0.00000E+00
  -17485.000       -0.29623274E+03           0.00000E+00
  -17480.000       -0.29793950E+03           0.00000E+00
  -17475.000       -0.29965126E+03           0.00000E+00
  -17470.000       -0.30136802E+03           0.00000E+00
  -17465.000       -0.30308878E+03           0.00000E+00
  -17460.000       -0.30481454E+03           0.00000E+00
  -17455.000       -0.30654430E+03           0.00000E+00
  -17450.000       -0.30827906E+03           0.00000E+00
  -17445.000       -0.31001682E+03           0.00000E+00
  -17440.000       -0.31176058E+03           0.00000E+00
  -17435.000       -0.31350834E+03           0.00000E+00
  -17430.000       -0.31526110E+03           0.00000E+00
  -17425.000       -0.31701786E+03           0.00000E+00
  -17420.000       -0.31877962E+03           0.00000E+00
  -17415.000       -0.32054538E+03           0.00000E+00
  -17410.000       -0.32231614E+03           0.00000E+00
  -17405.000       -0.32408990E+03           0.00000E+00
  -17400.000       -0.32586966E+03           0.00000E+00
  -17395.000       -0.32765242E+03           0.00000E+00
  -17390.000       -0.32944218E+03           0.00000E+00
  -17385.000       -0.33123394E+03           0.00000E+00
  -17380.000       -0.33303170E+03           0.00000E+00
  -17375.000       -0.33483246E+03           0.00000E+00
  -17370.000       -0.33663922E+03           0.00000E+00
  -17365.000       -0.33844898E+03           0.00000E+00
  -17360.000       -0.34026475E+03           0.00000E+00
  -17355.000       -0.34208351E+03           0.00000E+00
  -17350.000       -0.34390727E+03           0.00000E+00
  -17345.000       -0.34573603E+03           0.00000E+00
  -17340.000       -0.34756879E+03           0.00000E+00
  -17335.000       -0.34940655E+03           0.00000E+00
  -17330.000       -0.35124731E+03           0.00000E+00
  -17325.000       -0.35309307E+03           0.00000E+00
  -17320.000       -0.35494383E+03           0.00000E+00
  -17315.000       -0.35679859E+03           0.00000E+00
  -17310.000       -0.35865835E+03           0.00000E+00
  -17305.000       -0.36052211E+03           0.00000E+00
  -17300.000       -0.36238987E+03           0.00000E+00
  -17295.000       -0.36426163E+03           0.00000E+00
  -17290.000       -0.36613939E+03           0.00000E+00
  -17285.000       -0.36802115E+03           0.00000E+00
  -17280.000       -0.36990691E+03           0.00000E+00
  -17275.000       -0.37179667E+03           0.00000E+00
  -17270.000       -0.37369043E+03           0.00000E+00
  -17265.000       -0.37559019E+03           0.00000E+00
  -17260.000       -0.37749295E+03           0.00000E+00
  -17255.000       -0.37940071E+03           0.00000E+00
  -17250.000       -0.38131347E+03           0.00000E+00
  -17245.000       -0.38322923E+03           0.00000E+00
  -17240.000       -0.38515099E+03           0.00000E+00
  -17235.000       -0.38707576E+03           0.00000E+00
  -17230.000       -0.38900552E+03           0.00000E+00
  -17225.000       -0.39093928E+03           0.00000E+00
  -17220.000       -0.39287804E+03           0.00000E+00
  -17215.000       -0.39482080E+03           0.00000E+00
  -17210.000       -0.39676656E+03           0.00000E+00
  -17205.000       -0.39871832E+03           0.00000E+00
  -17200.000       -0.40067408E+03           0.00000E+00
  -17195.000       -0.40263384E+03           0.00000E+00
  -17190.000       -0.40459860E+03           0.00000E+00
  -17185.000       -0.40656836E+03           0.00000E+00
  -17180.000       -0.40854112E+03           0.00000E+00
  -17175.000       -0.41051788E+03           0.00000E+00
  -17170.000       -0.41249964E+03           0.00000E+00
  -17165.000       -0.41448640E+03           0.00000E+00
  -17160.000       -0.41647616E+03           0.00000E+00
  -17155.000       -0.41847092E+03           0.00000E+00
  -17150.000       -0.42046968E+03           0.00000E+00
  -17145.000       -0.42247344E+03           0.00000E+00
  -17140.000       -0.42448120E+03           0.00000E+00
  -17135.000       -0.42649296E+03           0.00000E+00
  -17130.000       -0.42850972E+03           0.00000E+00
  -17125.000       -0.43053048E+03           0.00000E+00
  -17120.000       -0.43255524E+03           0.00000E+00
  -17115.000       -0.43458400E+03           0.00000E+00
  -17110.000       -0.43661777E+03           0.00000E+00
  -17105.000       -0.43865553E+03           0.00000E+00
  -17100.000       -0.44069829E+03           0.00000E+00
  -17095.000       -0.44274405E+03           0.00000E+00
  -17090.000       -0.44479481E+03           0.00000E+00
  -17085.000       -0.44685057E+03           0.00000E+00
  -17080.000       -0.44890933E+03           0.00000E+00
  -17075.000       -0.45097309E+03           0.00000E+00
  -17070.000       -0.45304085E+03           0.00000E+00
  -17065.000       -0.45511261E+03           0.00000E+00
  -17060.000       -0.45718937E+03           0.00000E+00
  -17055.000       -0.45927013E+03           0.00000E+00
  -17050.000       -0.46135489E+03           0.00000E+00
  -17045.000       -0.46344365E+03           0.00000E+00
  -17040.000       -0.46553741E+03           0.00000E+00
  -17035.000       -0.46763417E+03           0.00000E+00
  -17030.000       -0.46973693E+03           0.00000E+00
  -17025.000       -0.47184269E+03           0.00000E+00
  -17020.000       -0.47395345E+03           0.00000E+00
  -17015.000       -0.47606821E+03           0.00000E+00
  -17010.000       -0.47818697E+03           0.00000E+00
  -17005.000       -0.48030973E+03           0.00000E+00
  -17000.000       -0.48243749E+03           0.00000E+00
  -16995.000       -0.48456925E+03           0.00000E+00
  -16990.000       -0.48670501E+03           0.00000E+00
  -16985.000       -0.48884578E+03           0.00000E+00
  -16980.000       -0.49098954E+03           0.00000E+00
  -16975.000       -0.49313730E+03           0.00000E+00
  -16970.000       -0.49529006E+03           0.00000E+00
  -16965.000       -0.49744782E+03           0.00000E+00
  -16960.000       -0.49960858E+03           0.00000E+00
  -16955.000       -0.50177334E+03           0.00000E+00
  -16950.000       -0.50394310E+03           0.00000E+00
  -16945.000       -0.50611686E+03           0.00000E+00
  -16940.000       -0.50829462E+03           0.00000E+00
  -16935.000       -0.51047738E+03           0.00000E+00
  -16930.000       -0.51266414E+03           0.00000E+00
  -16925.000       -0.51485390E+03           0.00000E+00
  -16920.000       -0.51704866E+03           0.00000E+00
  -16915.000       -0.51924842E+03           0.00000E+00
  -16910.000       -0.52145018E+03           0.00000E+00
  -16905.000       -0.52365794E+03           0.00000E+00
  -16900.000       -0.52586970E+03           0.00000E+00
  -16895.000       -0.52808546E+03           0.00000E+00
  -16890.000       -0.53030522E+03           0.00000E+00
  -16885.000       -0.53252898E+03           0.00000E+00
  -16880.000       -0.53475674E+03           0.00000E+00
  -16875.000       -0.53698950E+03           0.00000E+00
  -16870.000       -0.53922626E+03           0.00000E+00
  -16865.000       -0.54146603E+03           0.00000E+00
  -16860.000       -0.54371179E+03           0.00000E+00
  -16855.000       -0.54596055E+03           0.00000E+00
  -16850.000       -0.54821331E+03           0.00000E+00
  -16845.000       -0.55047007E+03           0.00000E+00
  -16840.000       -0.55273183E+03           0.00000E+00
  -16835.000       -0.55499659E+03           0.00000E+00
  -16830.000       -0.55726735E+03           0.00000E+00
  -16825.000       -0.55954011E+03           0.00000E+00
  -16820.000       -0.56181887E+03           0.00000E+00
  -16815.000       -0.56410063E+03           0.00000E+00
  -16810.000       -0.56638639E+03           0.00000E+00
  -16805.000       -0.56867715E+03           0.00000E+00
  -16800.000       -0.57097091E+03           0.00000E+00
  -16795.000       -0.57327067E+03           0.00000E+00
  -16790.000       -0.57557243E+03           0.00000E+00
  -16785.000       -0.57787919E+03           0.00000E+00
  -16780.000       -0.58018995E+03           0.00000E+00
  -16775.000       -0.58250571E+03           0.00000E+00
  -16770.000       -0.58482447E+03           0.00000E+00
  -16765.000       -0.58714723E+03           0.00000E+00
  -16760.000       -0.58947399E+03           0.00000E+00
  -16755.000       -0.59180575E+03           0.00000E+00
  -16750.000       -0.59414151E+03           0.00000E+00
  -16745.000       -0.59648127E+03           0.00000E+00
  -16740.000       -0.59882504E+03           0.00000E+00
  -16735.000       -0.60117280E+03           0.00000E+00
  -16730.000       -0.60352356E+03           0.00000E+00
  -16725.000       -0.60587932E+03           0.00000E+00
  -16720.000       -0.60824008E+03           0.00000E+00
  -16715.000       -0.61060384E+03           0.00000E+00
  -16710.000       -0.61297160E+03           0.00000E+00
  -16705.000       -0.61534436E+03           0.00000E+00
  -16700.000       -0.61772012E+03           0.00000E+00
  -16695.000       -0.62010088E+03           0.00000E+00
  -16690.000       -0.62248464E+03           0.00000E+00
  -16685.000       -0.62487340E+03           0.00000E+00
  -16680.000       -0.62726516E+03           0.00000E+00
  -16675.000       -0.62966192E+03           0.00000E+00
  -16670.000       -0.63206268E+03           0.00000E+00
  -16665.000       -0.63446744E+03           0.00000E+00
  -16660.000       -0.63687620E+03           0.00000E+00
  -16655.000       -0.63928796E+03           0.00000E+00
  -16650.000       -0.64170572E+03           0.00000E+00
  -16645.000       -0.64412548E+03           0.00000E+00
  -16640.000       -0.64655124E+03           0.00000E+00
  -16635.000       -0.64898000E+03           0.00000E+00
  -16630.000       -0.65141276E+03           0.00000E+00
  -16625.000       -0.65384952E+03           0.00000E+00
  -16620.000       -0.65629028E+03           0.00000E+00
  -16615.000       -0.65873505E+03           0.00000E+00
  -16610.000       -0.66118481E+03           0.00000E+00
  -16605.000       -0.66363657E+03           0.00000E+00
  -16600.000       -0.66609433E+03           0.00000E+00
  -16595.000       -0.66855509E+03           0.00000E+00
  -16590.000       -0.67101985E+03           0.00000E+00
  -16585.000       -0.67348861E+03           0.00000E+00
  -16580.000       -0.67596137E+03           0.00000E+00
  -16575.000       -0.67843813E+03           0.00000E+00
  -16570.000       -0.68091889E+03           0.00000E+00
  -16565.000       -0.68340365E+03           0.00000E+00
  -16560.000       -0.68589341E+03           0.00000E+00
  -16555.000       -0.68838517E+03           0.00000E+00
  -16550.000       -0.69088193E+03           0.00000E+00
  -16545.000       -0.69338369E+03           0.00000E+00
  -16540.000       -0.69588845E+03           0.00000E+00
  -16535.000       -0.69839721E+03           0.00000E+00
  -16530.000       -0.70090997E+03           0.00000E+00
  -16525.000       -0.70342573E+03           0.00000E+00
  -16520.000       -0.70594749E+03           0.00000E+00
  -16515.000       -0.70847225E+03           0.00000E+00
  -16510.000       -0.71100001E+03           0.00000E+00
  -16505.000       -0.71353277E+03           0.00000E+00
  -16500.000       -0.71606953E+03           0.00000E+00
  -16495.000       -0.71861029E+03           0.00000E+00
  -16490.000       -0.72115406E+03           0.00000E+00
  -16485.000       -0.72370282E+03           0.00000E+00
  -16480.000       -0.72625458E+03           0.00000E+00
  -16475.000       -0.72881134E+03           0.00000E+00
  -16470.000       -0.73137110E+03           0.00000E+00
  -16465.000       -0.73393586E+03           0.00000E+00
  -16460.000       -0.73650362E+03           0.00000E+00
  -16455.000       -0.73907538E+03           0.00000E+00
  -16450.000       -0.74165214E+03           0.00000E+00
  -16445.000       -0.74423090E+03           0.00000E+00
  -16440.000       -0.74681466E+03           0.00000E+00
  -16435.000       -0.74940242E+03           0.00000E+00
  -16430.000       -0.75199318E+03           0.00000E+00
  -16425.000       -0.75458894E+03           0.00000E+00
  -16420.000       -0.75718870E+03           0.00000E+00
  -16415.000       -0.75979146E+03           0.00000E+00
  -16410.000       -0.76239922E+03           0.00000E+00
  -16405.000       -0.76500998E+03           0.00000E+00
  -16400.000       -0.76762474E+03           0.00000E+00
  -16395.000       -0.77024350E+03           0.00000E+00
  -16390.000       -0.77286626E+03           0.00000E+00
  -16385.000       -0.77549302E+03           0.00000E+00
  -16380.000       -0.77812378E+03           0.00000E+00
  -16375.000       -0.78075854E+03           0.00000E+00
  -16370.000       -0.78339630E+03           0.00000E+00
  -16365.000       -0.78603807E+03           0.00000E+00
  -16360.000       -0.78868483E+03           0.00000E+00
  -16355.000       -0.79133459E+03           0.00000E+00
  -16350.000       -0.79398735E+03           0.00000E+00
  -16345.000       -0.79664511E+03           0.00000E+00
  -16340.000       -0.79930687E+03           0.00000E+00
  -16335.000       -0.80197263E+03           0.00000E+00
  -16330.000       -0.80464139E+03           0.00000E+00
  -16325.000       -0.80731515E+03           0.00000E+00
  -16320.000       -0.80999091E+03           0.00000E+00
  -16315.000       -0.81267167E+03           0.00000E+00
  -16310.000       -0.81535743E+03           0.00000E+00
  -16305.000       -0.81804519E+03           0.00000E+00
  -16300.000       -0.82073795E+03           0.00000E+00
  -16295.000       -0.82343371E+03           0.00000E+00
  -16290.000       -0.82613347E+03           0.00000E+00
  -16285.000       -0.82883723E+03           0.00000E+00
  -16280.000       -0.83154499E+03           0.00000E+00
  -16275.000       -0.83425575E+03           0.00000E+00
  -16270.000       -0.83697151E+03           0.00000E+00
  -16265.000       -0.83969027E+03           0.00000E+00
  -16260.000       -0.84241303E+03           0.00000E+00
  -16255.000       -0.84514079E+03           0.00000E+00
  -16250.000       -0.84787055E+03           0.00000E+00
  -16245.000       -0.85060532E+03           0.00000E+00
  -16240.000       -0.85334308E+03           0.00000E+00
  -16235.000       -0.85608484E+03           0.00000E+00
  -16230.000       -0.85883060E+03           0.00000E+00
  -16225.000       -0.86158036E+03           0.00000E+00
  -16220.000       -0.86433412E+03           0.00000E+00
  -16215.000       -0.86709088E+03           0.00000E+00
  -16210.000       -0.86985164E+03           0.00000E+00
  -16205.000       -0.87261640E+03           0.00000E+00
  -16200.000       -0.87538516E+03           0.00000E+00
  -16195.000       -0.87815792E+03           0.00000E+00
  -16190.000       -0.88093368E+03           0.00000E+00
  -16185.000       -0.88371344E+03           0.00000E+00
  -16180.000       -0.88649720E+03           0.00000E+00
  -16175.000       -0.88928396E+03           0.00000E+00
  -16170.000       -0.89207472E+03           0.00000E+00
  -16165.000       -0.89486948E+03           0.00000E+00
  -16160.000       -0.89766824E+03           0.00000E+00
  -16155.000       -0.90047100E+03           0.00000E+00
  -16150.000       -0.90327676E+03           0.00000E+00
  -16145.000       -0.90608652E+03           0.00000E+00
  -16140.000       -0.90890028E+03           0.00000E+00
  -16135.000       -0.91171804E+03           0.00000E+00
  -16130.000       -0.91453880E+03           0.00000E+00
  -16125.000       -0.91736456E+03           0.00000E+00
  -16120.000       -0.92019333E+03           0.00000E+00
  -16115.000       -0.92302509E+03           0.00000E+00
  -16110.000       -0.92586085E+03           0.00000E+00
  -16105.000       -0.92870061E+03           0.00000E+00
  -16100.000       -0.93154437E+03           0.00000E+00
  -16095.000       -0.93439213E+03           0.00000E+00
  -16090.000       -0.93724289E+03           0.00000E+00
  -16085.000       -0.94009765E+03           0.00000E+00
  -16080.000       -0.94295541E+03           0.00000E+00
  -16075.000       -0.94581817E+03           0.00000E+00
  -16070.000       -0.94868393E+03           0.00000E+00
  -16065.000       -0.95155369E+03           0.00000E+00
  -16060.000       -0.95442645E+03           0.00000E+00
  -16055.000       -0.95730321E+03           0.00000E+00
  -16050.000       -0.96018397E+03           0.00000E+00
  -16045.000       -0.96306873E+03           0.00000E+00
  -16040.000       -0.96595749E+03           0.00000E+00
  -16035.000       -0.96884825E+03           0.00000E+00
  -16030.000       -0.97174501E+03           0.00000E+00
  -16025.000       -0.97464277E+03           0.00000E+00
  -16020.000       -0.97754553E+03           0.00000E+00
  -16015.000       -0.98045229E+03           0.00000E+00
  -16010.000       -0.98336305E+03           0.00000E+00
  -16005.000       -0.98627681E+03           0.00000E+00
  -16000.000       -0.98919357E+03           0.00000E+00
  -15995.000       -0.99211534E+03           0.00000E+00
  -15990.000       -0.99504010E+03           0.00000E+00
  -15985.000       -0.99796886E+03           0.00000E+00
  -15980.000       -0.10009006E+04           0.00000E+00
  -15975.000       -0.10038364E+04           0.00000E+00
  -15970.000       -0.10067761E+04           0.00000E+00
  -15965.000       -0.10097189E+04           0.00000E+00
  -15960.000       -0.10126657E+04           0.00000E+00
  -15955.000       -0.10156164E+04           0.00000E+00
  -15950.000       -0.10185702E+04           0.00000E+00
  -15945.000       -0.10215279E+04           0.00000E+00
  -15940.000       -0.10244897E+04           0.00000E+00
  -15935.000       -0.10274545E+04           0.00000E+00
  -15930.000       -0.10304232E+04           0.00000E+00
  -15925.000       -0.10333950E+04           0.00000E+00
  -15920.000       -0.10363717E+04           0.00000E+00
  -15915.000       -0.10393505E+04           0.00000E+00
  -15910.000       -0.10423343E+04           0.00000E+00
  -15905.000       -0.10453210E+04           0.00000E+00
  -15900.000       -0.10483108E+04           0.00000E+00
  -15895.000       -0.10513045E+04           0.00000E+00
  -15890.000       -0.10543023E+04           0.00000E+00
  -15885.000       -0.10573041E+04           0.00000E+00
  -15880.000       -0.10603088E+04           0.00000E+00
  -15875.000       -0.10633166E+04           0.00000E+00
  -15870.000       -0.10663293E+04           0.00000E+00
  -15865.000       -0.10693441E+04           0.00000E+00
  -15860.000       -0.10723639E+04           0.00000E+00
  -15855.000       -0.10753866E+04           0.00000E+00
  -15850.000       -0.10784134E+04           0.00000E+00
  -15845.000       -0.10814431E+04           0.00000E+00
  -15840.000       -0.10844769E+04           0.00000E+00
  -15835.000       -0.10875137E+04           0.00000E+00
  -15830.000       -0.10905544E+04           0.00000E+00
  -15825.000       -0.10935982E+04           0.00000E+00
  -15820.000       -0.10966469E+04           0.00000E+00
  -15815.000       -0.10996987E+04           0.00000E+00
  -15810.000       -0.11027525E+04           0.00000E+00
  -15805.000       -0.11058112E+04           0.00000E+00
  -15800.000       -0.11088740E+04           0.00000E+00
  -15795.000       -0.11119398E+04           0.00000E+00
  -15790.000       -0.11150085E+04           0.00000E+00
  -15785.000       -0.11180813E+04           0.00000E+00
  -15780.000       -0.11211580E+04           0.00000E+00
  -15775.000       -0.11242378E+04           0.00000E+00
  -15770.000       -0.11273216E+04           0.00000E+00
  -15765.000       -0.11304083E+04           0.00000E+00
  -15760.000       -0.11334991E+04           0.00000E+00
  -15755.000       -0.11365928E+04           0.00000E+00
  -15750.000       -0.11396906E+04           0.00000E+00
  -15745.000       -0.11427914E+04           0.00000E+00
  -15740.000       -0.11458961E+04           0.00000E+00
  -15735.000       -0.11490049E+04           0.00000E+00
  -15730.000       -0.11521166E+04           0.00000E+00
  -15725.000       -0.11552314E+04           0.00000E+00
  -15720.000       -0.11583502E+04           0.00000E+00
  -15715.000       -0.11614729E+04           0.00000E+00
  -15710.000       -0.11645987E+04           0.00000E+00
  -15705.000       -0.11677274E+04           0.00000E+00
  -15700.000       -0.11708602E+04           0.00000E+00
  -15695.000       -0.11739970E+04           0.00000E+00
  -15690.000       -0.11771357E+04           0.00000E+00
  -15685.000       -0.11802795E+04           0.00000E+00
  -15680.000       -0.11834272E+04           0.00000E+00
  -15675.000       -0.11865770E+04           0.00000E+00
  -15670.000       -0.11897308E+04           0.00000E+00
  -15665.000       -0.11928885E+04           0.00000E+00
  -15660.000       -0.11960493E+04           0.00000E+00
  -15655.000       -0.11992140E+04           0.00000E+00
  -15650.000       -0.12023808E+04           0.00000E+00
  -15645.000       -0.12055526E+04           0.00000E+00
  -15640.000       -0.12087273E+04           0.00000E+00
  -15635.000       -0.12119051E+04           0.00000E+00
  -15630.000       -0.12150868E+04           0.00000E+00
  -15625.000       -0.12182726E+04           0.00000E+00
  -15620.000       -0.12214614E+04           0.00000E+00
  -15615.000       -0.12246531E+04           0.00000E+00
  -15610.000       -0.12278489E+04           0.00000E+00
  -15605.000       -0.12310476E+04           0.00000E+00
  -15600.000       -0.12342504E+04           0.00000E+00
  -15595.000       -0.12374562E+04           0.00000E+00
  -15590.000       -0.12406659E+04           0.00000E+00
  -15585.000       -0.12438787E+04           0.00000E+00
  -15580.000       -0.12470944E+04           0.00000E+00
  -15575.000       -0.12503142E+04           0.00000E+00
  -15570.000       -0.12535380E+04           0.00000E+00
  -15565.000       -0.12567637E+04           0.00000E+00
  -15560.000       -0.12599945E+04           0.00000E+00
  -15555.000       -0.12632283E+04           0.00000E+00
  -15550.000       -0.12664650E+04           0.00000E+00
  -15545.000       -0.12697048E+04           0.00000E+00
  -15540.000       -0.12729495E+04           0.00000E+00
  -15535.000       -0.12761963E+04           0.00000E+00
  -15530.000       -0.12794471E+04           0.00000E+00
  -15525.000       -0.12827008E+04           0.00000E+00
  -15520.000       -0.12859586E+04           0.00000E+00
  -15515.000       -0.12892193E+04           0.00000E+00
  -15510.000       -0.12924841E+04           0.00000E+00
  -15505.000       -0.12957509E+04           0.00000E+00
  -15500.000       -0.12990226E+04           0.00000E+00
  -15495.000       -0.13022974E+04           0.00000E+00
  -15490.000       -0.13055751E+04           0.00000E+00
  -15485.000       -0.13088559E+04           0.00000E+00
  -15480.000       -0.13121407E+04           0.00000E+00
  -15475.000       -0.13154294E+04           0.00000E+00
  -15470.000       -0.13187202E+04           0.00000E+00
  -15465.000       -0.13220159E+04           0.00000E+00
  -15460.000       -0.13253137E+04           0.00000E+00
  -15455.000       -0.13286165E+04           0.00000E+00
  -15450.000       -0.13319212E+04           0.00000E+00
  -15445.000       -0.13352290E+04           0.00000E+00
  -15440.000       -0.13385417E+04           0.00000E+00
  -15435.000       -0.13418565E+04           0.00000E+00
  -15430.000       -0.13451753E+04           0.00000E+00
  -15425.000       -0.13484970E+04           0.00000E+00
  -15420.000       -0.13518228E+04           0.00000E+00
  -15415.000       -0.13551515E+04           0.00000E+00
  -15410.000       -0.13584833E+04           0.00000E+00
  -15405.000       -0.13618187E+04           0.00000E+00
  -15400.000       -0.13651574E+04           0.00000E+00
  -15395.000       -0.13684999E+04           0.00000E+00
  -15390.000       -0.13718450E+04           0.00000E+00
  -15385.000       -0.13751940E+04           0.00000E+00
  -15380.000       -0.13785462E+04           0.00000E+00
  -15375.000       -0.13819017E+04           0.00000E+00
  -15370.000       -0.13852608E+04           0.00000E+00
  -15365.000       -0.13886229E+04           0.00000E+00
  -15360.000       -0.13919883E+04           0.00000E+00
  -15355.000       -0.13953576E+04           0.00000E+00
  -15350.000       -0.13987297E+04           0.00000E+00
  -15345.000       -0.14021056E+04           0.00000E+00
  -15340.000       -0.14054845E+04           0.00000E+00
  -15335.000       -0.14088666E+04           0.00000E+00
  -15330.000       -0.14122522E+04           0.00000E+00
  -15325.000       -0.14156411E+04           0.00000E+00
  -15320.000       -0.14190333E+04           0.00000E+00
  -15315.000       -0.14224290E+04           0.00000E+00
  -15310.000       -0.14258276E+04           0.00000E+00
  -15305.000       -0.14292300E+04           0.00000E+00
  -15300.000       -0.14326356E+04           0.00000E+00
  -15295.000       -0.14360443E+04           0.00000E+00
  -15290.000       -0.14394565E+04           0.00000E+00
  -15285.000       -0.14428718E+04           0.00000E+00
  -15280.000       -0.14462905E+04           0.00000E+00
  -15275.000       -0.14497124E+04           0.00000E+00
  -15270.000       -0.14531379E+04           0.00000E+00
  -15265.000       -0.14565663E+04           0.00000E+00
  -15260.000       -0.14599983E+04           0.00000E+00
  -15255.000       -0.14634335E+04           0.00000E+00
  -15250.000       -0.14668719E+04           0.00000E+00
  -15245.000       -0.14703139E+04           0.00000E+00
  -15240.000       -0.14737588E+04           0.00000E+00
  -15235.000       -0.14772074E+04           0.00000E+00
  -15230.000       -0.14806589E+04           0.00000E+00
  -15225.000       -0.14841135E+04           0.00000E+00
  -15220.000       -0.14875718E+04           0.00000E+00
  -15215.000       -0.14910337E+04           0.00000E+00
  -15210.000       -0.14944980E+04           0.00000E+00
  -15205.000       -0.14979664E+04           0.00000E+00
  -15200.000       -0.15014372E+04           0.00000E+00
  -15195.000       -0.15049117E+04           0.00000E+00
  -15190.000       -0.15083898E+04           0.00000E+00
  -15185.000       -0.15118707E+04           0.00000E+00
  -15180.000       -0.15153551E+04           0.00000E+00
  -15175.000       -0.15188424E+04           0.00000E+00
  -15170.000       -0.15223333E+04           0.00000E+00
  -15165.000       -0.15258273E+04           0.00000E+00
  -15160.000       -0.15293245E+04           0.00000E+00
  -15155.000       -0.15328248E+04           0.00000E+00
  -15150.000       -0.15363287E+04           0.00000E+00
  -15145.000       -0.15398357E+04           0.00000E+00
  -15140.000       -0.15433462E+04           0.00000E+00
  -15135.000       -0.15468593E+04           0.00000E+00
  -15130.000       -0.15503762E+04           0.00000E+00
  -15125.000       -0.15538959E+04           0.00000E+00
  -15120.000       -0.15574191E+04           0.00000E+00
  -15115.000       -0.15609456E+04           0.00000E+00
  -15110.000       -0.15644754E+04           0.00000E+00
  -15105.000       -0.15680079E+04           0.00000E+00
  -15100.000       -0.15715441E+04           0.00000E+00
  -15095.000       -0.15750835E+04           0.00000E+00
  -15090.000       -0.15786260E+04           0.00000E+00
  -15085.000       -0.15821716E+04           0.00000E+00
  -15080.000       -0.15857204E+04           0.00000E+00
  -15075.000       -0.15892723E+04           0.00000E+00
  -15070.000       -0.15928274E+04           0.00000E+00
  -15065.000       -0.15963863E+04           0.00000E+00
  -15060.000       -0.15999478E+04           0.00000E+00
  -15055.000       -0.16035126E+04           0.00000E+00
  -15050.000       -0.16070808E+04           0.00000E+00
  -15045.000       -0.16106520E+04           0.00000E+00
  -15040.000       -0.16142267E+04           0.00000E+00
  -15035.000       -0.16178043E+04           0.00000E+00
  -15030.000       -0.16213850E+04           0.00000E+00
  -15025.000       -0.16249690E+04           0.00000E+00
  -15020.000       -0.16285560E+04           0.00000E+00
  -15015.000       -0.16321463E+04           0.00000E+00
  -15010.000       -0.16357396E+04           0.00000E+00
  -15005.000       -0.16393366E+04           0.00000E+00
  -15000.000       -0.16429366E+04           0.00000E+00
  -14995.000       -0.16465396E+04           0.00000E+00
  -14990.000       -0.16501458E+04           0.00000E+00
  -14985.000       -0.16537549E+04           0.00000E+00
  -14980.000       -0.16573677E+04           0.00000E+00
  -14975.000       -0.16609834E+04           0.00000E+00
  -14970.000       -0.16646021E+04           0.00000E+00
  -14965.000       -0.16682241E+04           0.00000E+00
  -14960.000       -0.16718492E+04           0.00000E+00
  -14955.000       -0.16754774E+04           0.00000E+00
  -14950.000       -0.16791089E+04           0.00000E+00
  -14945.000       -0.16827432E+04           0.00000E+00
  -14940.000       -0.16863809E+04           0.00000E+00
  -14935.000       -0.16900216E+04           0.00000E+00
  -14930.000       -0.16936658E+04           0.00000E+00
  -14925.000       -0.16973129E+04           0.00000E+00
  -14920.000       -0.17009631E+04           0.00000E+00
  -14915.000       -0.17046163E+04           0.00000E+00
  -14910.000       -0.17082728E+04           0.00000E+00
  -14905.000       -0.17119327E+04           0.00000E+00
  -14900.000       -0.17155954E+04           0.00000E+00
  -14895.000       -0.17192610E+04           0.00000E+00
  -14890.000       -0.17229299E+04           0.00000E+00
  -14885.000       -0.17266018E+04           0.00000E+00
  -14880.000       -0.17302770E+04           0.00000E+00
  -14875.000       -0.17339551E+04           0.00000E+00
  -14870.000       -0.17376368E+04           0.00000E+00
  -14865.000       -0.17413212E+04           0.00000E+00
  -14860.000       -0.17450085E+04           0.00000E+00
  -14855.000       -0.17486993E+04           0.00000E+00
  -14850.000       -0.17523931E+04           0.00000E+00
  -14845.000       -0.17560896E+04           0.00000E+00
  -14840.000       -0.17597897E+04           0.00000E+00
  -14835.000       -0.17634928E+04           0.00000E+00
  -14830.000       -0.17671986E+04           0.00000E+00
  -14825.000       -0.17709078E+04           0.00000E+00
  -14820.000       -0.17746200E+04           0.00000E+00
  -14815.000       -0.17783356E+04           0.00000E+00
  -14810.000       -0.17820539E+04           0.00000E+00
  -14805.000       -0.17857750E+04           0.00000E+00
  -14800.000       -0.17894998E+04           0.00000E+00
  -14795.000       -0.17932274E+04           0.00000E+00
  -14790.000       -0.17969580E+04           0.00000E+00
  -14785.000       -0.18006918E+04           0.00000E+00
  -14780.000       -0.18044284E+04           0.00000E+00
  -14775.000       -0.18081683E+04           0.00000E+00
  -14770.000       -0.18119111E+04           0.00000E+00
  -14765.000       -0.18156570E+04           0.00000E+00
  -14760.000       -0.18194060E+04           0.00000E+00
  -14755.000       -0.18231578E+04           0.00000E+00
  -14750.000       -0.18269132E+04           0.00000E+00
  -14745.000       -0.18306711E+04           0.00000E+00
  -14740.000       -0.18344320E+04           0.00000E+00
  -14735.000       -0.18381964E+04           0.00000E+00
  -14730.000       -0.18419634E+04           0.00000E+00
  -14725.000       -0.18457338E+04           0.00000E+00
  -14720.000       -0.18495069E+04           0.00000E+00
  -14715.000       -0.18532831E+04           0.00000E+00
  -14710.000       -0.18570625E+04           0.00000E+00
  -14705.000       -0.18608446E+04           0.00000E+00
  -14700.000       -0.18646302E+04           0.00000E+00
  -14695.000       -0.18684185E+04           0.00000E+00
  -14690.000       -0.18722094E+04           0.00000E+00
  -14685.000       -0.18760039E+04           0.00000E+00
  -14680.000       -0.18798012E+04           0.00000E+00
  -14675.000       -0.18836017E+04           0.00000E+00
  -14670.000       -0.18874049E+04           0.00000E+00
  -14665.000       -0.18912113E+04           0.00000E+00
  -14660.000       -0.18950209E+04           0.00000E+00
  -14655.000       -0.18988330E+04           0.00000E+00
  -14650.000       -0.19026486E+04           0.00000E+00
  -14645.000       -0.19064665E+04           0.00000E+00
  -14640.000       -0.19102880E+04           0.00000E+00
  -14635.000       -0.19141122E+04           0.00000E+00
  -14630.000       -0.19179394E+04           0.00000E+00
  -14625.000       -0.19217697E+04           0.00000E+00
  -14620.000       -0.19256028E+04           0.00000E+00
  -14615.000       -0.19294394E+04           0.00000E+00
  -14610.000       -0.19332783E+04           0.00000E+00
  -14605.000       -0.19371205E+04           0.00000E+00
  -14600.000       -0.19409655E+04           0.00000E+00
  -14595.000       -0.19448136E+04           0.00000E+00
  -14590.000       -0.19486646E+04           0.00000E+00
  -14585.000       -0.19525187E+04           0.00000E+00
  -14580.000       -0.19563755E+04           0.00000E+00
  -14575.000       -0.19602356E+04           0.00000E+00
  -14570.000       -0.19640983E+04           0.00000E+00
  -14565.000       -0.19679641E+04           0.00000E+00
  -14560.000       -0.19718328E+04           0.00000E+00
  -14555.000       -0.19757044E+04           0.00000E+00
  -14550.000       -0.19795792E+04           0.00000E+00
  -14545.000       -0.19834567E+04           0.00000E+00
  -14540.000       -0.19873372E+04           0.00000E+00
  -14535.000       -0.19912207E+04           0.00000E+00
  -14530.000       -0.19951070E+04           0.00000E+00
  -14525.000       -0.19989964E+04           0.00000E+00
  -14520.000       -0.20028886E+04           0.00000E+00
  -14515.000       -0.20067838E+04           0.00000E+00
  -14510.000       -0.20106820E+04           0.00000E+00
  -14505.000       -0.20145828E+04           0.00000E+00
  -14500.000       -0.20184870E+04           0.00000E+00
  -14495.000       -0.20223940E+04           0.00000E+00
  -14490.000       -0.20263037E+04           0.00000E+00
  -14485.000       -0.20302165E+04           0.00000E+00
  -14480.000       -0.20341321E+04           0.00000E+00
  -14475.000       -0.20380509E+04           0.00000E+00
  -14470.000       -0.20419723E+04           0.00000E+00
  -14465.000       -0.20458967E+04           0.00000E+00
  -14460.000       -0.20498240E+04           0.00000E+00
  -14455.000       -0.20537542E+04           0.00000E+00
  -14450.000       -0.20576873E+04           0.00000E+00
  -14445.000       -0.20616233E+04           0.00000E+00
  -14440.000       -0.20655625E+04           0.00000E+00
  -14435.000       -0.20695041E+04           0.00000E+00
  -14430.000       -0.20734489E+04           0.00000E+00
  -14425.000       -0.20773966E+04           0.00000E+00
  -14420.000       -0.20813472E+04           0.00000E+00
  -14415.000       -0.20853006E+04           0.00000E+00
  -14410.000       -0.20892572E+04           0.00000E+00
  -14405.000       -0.20932164E+04           0.00000E+00
  -14400.000       -0.20971785E+04           0.00000E+00
  -14395.000       -0.21011436E+04           0.00000E+00
  -14390.000       -0.21051115E+04           0.00000E+00
  -14385.000       -0.21090822E+04           0.00000E+00
  -14380.000       -0.21130563E+04           0.00000E+00
  -14375.000       -0.21170330E+04           0.00000E+00
  -14370.000       -0.21210125E+04           0.00000E+00
  -14365.000       -0.21249948E+04           0.00000E+00
  -14360.000       -0.21289803E+04           0.00000E+00
  -14355.000       -0.21329684E+04           0.00000E+00
  -14350.000       -0.21369595E+04           0.00000E+00
  -14345.000       -0.21409538E+04           0.00000E+00
  -14340.000       -0.21449505E+04           0.00000E+00
  -14335.000       -0.21489504E+04           0.00000E+00
  -14330.000       -0.21529531E+04           0.00000E+00
  -14325.000       -0.21569588E+04           0.00000E+00
  -14320.000       -0.21609673E+04           0.00000E+00
  -14315.000       -0.21649787E+04           0.00000E+00
  -14310.000       -0.21689931E+04           0.00000E+00
  -14305.000       -0.21730103E+04           0.00000E+00
  -14300.000       -0.21770303E+04           0.00000E+00
  -14295.000       -0.21810533E+04           0.00000E+00
  -14290.000       -0.21850793E+04           0.00000E+00
  -14285.000       -0.21891081E+04           0.00000E+00
  -14280.000       -0.21931401E+04           0.00000E+00
  -14275.000       -0.21971745E+04           0.00000E+00
  -14270.000       -0.22012121E+04           0.00000E+00
  -14265.000       -0.22052525E+04           0.00000E+00
  -14260.000       -0.22092959E+04           0.00000E+00
  -14255.000       -0.22133423E+04           0.00000E+00
  -14250.000       -0.22173915E+04           0.00000E+00
  -14245.000       -0.22214435E+04           0.00000E+00
  -14240.000       -0.22254986E+04           0.00000E+00
  -14235.000       -0.22295568E+04           0.00000E+00
  -14230.000       -0.22336176E+04           0.00000E+00
  -14225.000       -0.22376813E+04           0.00000E+00
  -14220.000       -0.22417481E+04           0.00000E+00
  -14215.000       -0.22458177E+04           0.00000E+00
  -14210.000       -0.22498905E+04           0.00000E+00
  -14205.000       -0.22539661E+04           0.00000E+00
  -14200.000       -0.22580445E+04           0.00000E+00
