  -19950.000       -0.27242584E+04           0.00000E+00
  -19945.000       -0.27190538E+04           0.00000E+00
  -19940.000       -0.27138542E+04           0.00000E+00
  -19935.000       -0.27086606E+04           0.00000E+00
  -19930.000       -0.27034720E+04           0.00000E+00
  -19925.000       -0.26982904E+04           0.00000E+00
  -19920.000       -0.26931158E+04           0.00000E+00
  -19915.000       -0.26879452E+04           0.00000E+00
  -19910.000       -0.26827816E+04           0.00000E+00
  -19905.000       -0.26776240E+04           0.00000E+00
  -19900.000       -0.26724704E+04           0.00000E+00
  -19895.000       -0.26673248E+04           0.00000E+00
  -19890.000       -0.26621842E+04           0.00000E+00
  -19885.000       -0.26570506E+04           0.00000E+00
  -19880.000       -0.26519230E+04           0.00000E+00
  -19875.000       -0.26467984E+04           0.00000E+00
  -19870.000       -0.26416828E+04           0.00000E+00
  -19865.000       -0.26365732E+04           0.00000E+00
  -19860.000       -0.26314676E+04           0.00000E+00
  -19855.000       -0.26263701E+04           0.00000E+00
  -19850.000       -0.26212775E+04           0.00000E+00
  -19845.000       -0.26161909E+04           0.00000E+00
  -19840.000       -0.26111103E+04           0.00000E+00
  -19835.000       -0.26060357E+04           0.00000E+00
  -19830.000       -0.26009671E+04           0.00000E+00
  -19825.000       -0.25959045E+04           0.00000E+00
  -19820.000       -0.25908479E+04           0.00000E+00
  -19815.000       -0.25857973E+04           0.00000E+00
  -19810.000       -0.25807547E+04           0.00000E+00
  -19805.000       -0.25757161E+04           0.00000E+00
  -19800.000       -0.25706825E+04           0.00000E+00
  -19795.000       -0.25656579E+04           0.00000E+00
  -19790.000       -0.25606363E+04           0.00000E+00
  -19785.000       -0.25556227E+04           0.00000E+00
  -19780.000       -0.25506161E+04           0.00000E+00
  -19775.000       -0.25456125E+04           0.00000E+00
  -19770.000       -0.25406169E+04           0.00000E+00
  -19765.000       -0.25356283E+04           0.00000E+00
  -19760.000       -0.25306437E+04           0.00000E+00
  -19755.000       -0.25256671E+04           0.00000E+00
  -19750.000       -0.25206946E+04           0.00000E+00
  -19745.000       -0.25157290E+04           0.00000E+00
  -19740.000       -0.25107704E+04           0.00000E+00
  -19735.000       -0.25058168E+04           0.00000E+00
  -19730.000       -0.25008692E+04           0.00000E+00
  -19725.000       -0.24959296E+04           0.00000E+00
  -19720.000       -0.24909930E+04           0.00000E+00
  -19715.000       -0.24860644E+04           0.00000E+00
  -19710.000       -0.24811398E+04           0.00000E+00
  -19705.000       -0.24762242E+04           0.00000E+00
  -19700.000       -0.24713136E+04           0.00000E+00
  -19695.000       -0.24664090E+04           0.00000E+00
  -19690.000       -0.24615094E+04           0.00000E+00
  -19685.000       -0.24566178E+04           0.00000E+00
  -19680.000       -0.24517322E+04           0.00000E+00
  -19675.000       -0.24468516E+04           0.00000E+00
  -19670.000       -0.24419760E+04           0.00000E+00
  -19665.000       -0.24371074E+04           0.00000E+00
  -19660.000       -0.24322458E+04           0.00000E+00
  -19655.000       -0.24273902E+04           0.00000E+00
  -19650.000       -0.24225396E+04           0.00000E+00
  -19645.000       -0.24176951E+04           0.00000E+00
  -19640.000       -0.24128585E+04           0.00000E+00
  -19635.000       -0.24080259E+04           0.00000E+00
  -19630.000       -0.24032003E+04           0.00000E+00
  -19625.000       -0.23983817E+04           0.00000E+00
  -19620.000       -0.23935671E+04           0.00000E+00
  -19615.000       -0.23887595E+04           0.00000E+00
  -19610.000       -0.23839579E+04           0.00000E+00
  -19605.000       -0.23791623E+04           0.00000E+00
  -19600.000       -0.23743727E+04           0.00000E+00
  -19595.000       -0.23695891E+04           0.00000E+00
  -19590.000       -0.23648105E+04           0.00000E+00
  -19585.000       -0.23600419E+04           0.00000E+00
  -19580.000       -0.23552753E+04           0.00000E+00
  -19575.000       -0.23505167E+04           0.00000E+00
  -19570.000       -0.23457631E+04           0.00000E+00
  -19565.000       -0.23410155E+04           0.00000E+00
  -19560.000       -0.23362749E+04           0.00000E+00
  -19555.000       -0.23315393E+04           0.00000E+00
  -19550.000       -0.23268097E+04           0.00000E+00
  -19545.000       -0.23220861E+04           0.00000E+00
  -19540.000       -0.23173706E+04           0.00000E+00
  -19535.000       -0.23126580E+04           0.00000E+00
  -19530.000       -0.23079534E+04           0.00000E+00
  -19525.000       -0.23032548E+04           0.00000E+00
  -19520.000       -0.22985612E+04           0.00000E+00
  -19515.000       -0.22938746E+04           0.00000E+00
  -19510.000       -0.22891930E+04           0.00000E+00
  -19505.000       -0.22845174E+04           0.00000E+00
  -19500.000       -0.22798488E+04           0.00000E+00
  -19495.000       -0.22751852E+04           0.00000E+00
  -19490.000       -0.22705276E+04           0.00000E+00
  -19485.000       -0.22658770E+04           0.00000E+00
  -19480.000       -0.22612324E+04           0.00000E+00
  -19475.000       -0.22565928E+04           0.00000E+00
  -19470.000       -0.22519592E+04           0.00000E+00
  -19465.000       -0.22473316E+04           0.00000E+00
  -19460.000       -0.22427100E+04           0.00000E+00
  -19455.000       -0.22380954E+04           0.00000E+00
  -19450.000       -0.22334858E+04           0.00000E+00
  -19445.000       -0.22288812E+04           0.00000E+00
  -19440.000       -0.22242846E+04           0.00000E+00
  -19435.000       -0.22196921E+04           0.00000E+00
  -19430.000       -0.22151065E+04           0.00000E+00
  -19425.000       -0.22105269E+04           0.00000E+00
  -19420.000       -0.22059533E+04           0.00000E+00
  -19415.000       -0.22013857E+04           0.00000E+00
  -19410.000       -0.21968231E+04           0.00000E+00
  -19405.000       -0.21922665E+04           0.00000E+00
  -19400.000       -0.21877159E+04           0.00000E+00
  -19395.000       -0.21831713E+04           0.00000E+00
  -19390.000       -0.21786337E+04           0.00000E+00
  -19385.000       -0.21741011E+04           0.00000E+00
  -19380.000       -0.21695745E+04           0.00000E+00
  -19375.000       -0.21650539E+04           0.00000E+00
  -19370.000       -0.21605383E+04           0.00000E+00
  -19365.000       -0.21560297E+04           0.00000E+00
  -19360.000       -0.21515271E+04           0.00000E+00
  -19355.000       -0.21470295E+04           0.00000E+00
  -19350.000       -0.21425379E+04           0.00000E+00
  -19345.000       -0.21380523E+04           0.00000E+00
  -19340.000       -0.21335727E+04           0.00000E+00
  -19335.000       -0.21290981E+04           0.00000E+00
  -19330.000       -0.21246316E+04           0.00000E+00
  -19325.000       -0.21201700E+04           0.00000E+00
  -19320.000       -0.21157124E+04           0.00000E+00
  -19315.000       -0.21112618E+04           0.00000E+00
  -19310.000       -0.21068162E+04           0.00000E+00
  -19305.000       -0.21023776E+04           0.00000E+00
  -19300.000       -0.20979460E+04           0.00000E+00
  -19295.000       -0.20935184E+04           0.00000E+00
  -19290.000       -0.20890958E+04           0.00000E+00
  -19285.000       -0.20846792E+04           0.00000E+00
  -19280.000       -0.20802716E+04           0.00000E+00
  -19275.000       -0.20758680E+04           0.00000E+00
  -19270.000       -0.20714694E+04           0.00000E+00
  -19265.000       -0.20670778E+04           0.00000E+00
  -19260.000       -0.20626892E+04           0.00000E+00
  -19255.000       -0.20583086E+04           0.00000E+00
  -19250.000       -0.20539350E+04           0.00000E+00
  -19245.000       -0.20495644E+04           0.00000E+00
  -19240.000       -0.20452008E+04           0.00000E+00
  -19235.000       -0.20408422E+04           0.00000E+00
  -19230.000       -0.20364896E+04           0.00000E+00
  -19225.000       -0.20321441E+04           0.00000E+00
  -19220.000       -0.20278035E+04           0.00000E+00
  -19215.000       -0.20234699E+04           0.00000E+00
  -19210.000       -0.20191413E+04           0.00000E+00
  -19205.000       -0.20148167E+04           0.00000E+00
  -19200.000       -0.20104991E+04           0.00000E+00
  -19195.000       -0.20061875E+04           0.00000E+00
  -19190.000       -0.20018819E+04           0.00000E+00
  -19185.000       -0.19975803E+04           0.00000E+00
  -19180.000       -0.19932857E+04           0.00000E+00
  -19175.000       -0.19889971E+04           0.00000E+00
  -19170.000       -0.19847145E+04           0.00000E+00
  -19165.000       -0.19804359E+04           0.00000E+00
  -19160.000       -0.19761643E+04           0.00000E+00
  -19155.000       -0.19718987E+04           0.00000E+00
  -19150.000       -0.19676381E+04           0.00000E+00
  -19145.000       -0.19633825E+04           0.00000E+00
  -19140.000       -0.19591339E+04           0.00000E+00
  -19135.000       -0.19548893E+04           0.00000E+00
  -19130.000       -0.19506527E+04           0.00000E+00
  -19125.000       -0.19464201E+04           0.00000E+00
  -19120.000       -0.19421946E+04           0.00000E+00
  -19115.000       -0.19379730E+04           0.00000E+00
  -19110.000       -0.19337574E+04           0.00000E+00
  -19105.000       -0.19295498E+04           0.00000E+00
  -19100.000       -0.19253442E+04           0.00000E+00
  -19095.000       -0.19211456E+04           0.00000E+00
  -19090.000       -0.19169540E+04           0.00000E+00
  -19085.000       -0.19127664E+04           0.00000E+00
  -19080.000       -0.19085858E+04           0.00000E+00
  -19075.000       -0.19044102E+04           0.00000E+00
  -19070.000       -0.19002396E+04           0.00000E+00
  -19065.000       -0.18960760E+04           0.00000E+00
  -19060.000       -0.18919174E+04           0.00000E+00
  -19055.000       -0.18877628E+04           0.00000E+00
  -19050.000       -0.18836152E+04           0.00000E+00
  -19045.000       -0.18794736E+04           0.00000E+00
  -19040.000       -0.18753370E+04           0.00000E+00
  -19035.000       -0.18712054E+04           0.00000E+00
  -19030.000       -0.18670818E+04           0.00000E+00
  -19025.000       -0.18629612E+04           0.00000E+00
  -19020.000       -0.18588476E+04           0.00000E+00
  -19015.000       -0.18547391E+04           0.00000E+00
  -19010.000       -0.18506355E+04           0.00000E+00
  -19005.000       -0.18465389E+04           0.00000E+00
  -19000.000       -0.18424473E+04           0.00000E+00
  -18995.000       -0.18383607E+04           0.00000E+00
  -18990.000       -0.18342801E+04           0.00000E+00
  -18985.000       -0.18302055E+04           0.00000E+00
  -18980.000       -0.18261349E+04           0.00000E+00
  -18975.000       -0.18220713E+04           0.00000E+00
  -18970.000       -0.18180127E+04           0.00000E+00
  -18965.000       -0.18139601E+04           0.00000E+00
  -18960.000       -0.18099125E+04           0.00000E+00
  -18955.000       -0.18058719E+04           0.00000E+00
  -18950.000       -0.18018353E+04           0.00000E+00
  -18945.000       -0.17978037E+04           0.00000E+00
  -18940.000       -0.17937791E+04           0.00000E+00
  -18935.000       -0.17897585E+04           0.00000E+00
  -18930.000       -0.17857439E+04           0.00000E+00
  -18925.000       -0.17817353E+04           0.00000E+00
  -18920.000       -0.17777327E+04           0.00000E+00
  -18915.000       -0.17737351E+04           0.00000E+00
  -18910.000       -0.17697426E+04           0.00000E+00
  -18905.000       -0.17657560E+04           0.00000E+00
  -18900.000       -0.17617744E+04           0.00000E+00
  -18895.000       -0.17577978E+04           0.00000E+00
  -18890.000       -0.17538282E+04           0.00000E+00
  -18885.000       -0.17498636E+04           0.00000E+00
  -18880.000       -0.17459040E+04           0.00000E+00
  -18875.000       -0.17419504E+04           0.00000E+00
  -18870.000       -0.17380018E+04           0.00000E+00
  -18865.000       -0.17340592E+04           0.00000E+00
  -18860.000       -0.17301216E+04           0.00000E+00
  -18855.000       -0.17261900E+04           0.00000E+00
  -18850.000       -0.17222624E+04           0.00000E+00
  -18845.000       -0.17183408E+04           0.00000E+00
  -18840.000       -0.17144252E+04           0.00000E+00
  -18835.000       -0.17105156E+04           0.00000E+00
  -18830.000       -0.17066100E+04           0.00000E+00
  -18825.000       -0.17027104E+04           0.00000E+00
  -18820.000       -0.16988168E+04           0.00000E+00
  -18815.000       -0.16949282E+04           0.00000E+00
  -18810.000       -0.16910456E+04           0.00000E+00
  -18805.000       -0.16871681E+04           0.00000E+00
  -18800.000       -0.16832965E+04           0.00000E+00
  -18795.000       -0.16794289E+04           0.00000E+00
  -18790.000       -0.16755673E+04           0.00000E+00
  -18785.000       -0.16717107E+04           0.00000E+00
  -18780.000       -0.16678601E+04           0.00000E+00
  -18775.000       -0.16640155E+04           0.00000E+00
  -18770.000       -0.16601759E+04           0.00000E+00
  -18765.000       -0.16563413E+04           0.00000E+00
  -18760.000       -0.16525127E+04           0.00000E+00
  -18755.000       -0.16486891E+04           0.00000E+00
  -18750.000       -0.16448705E+04           0.00000E+00
  -18745.000       -0.16410569E+04           0.00000E+00
  -18740.000       -0.16372503E+04           0.00000E+00
  -18735.000       -0.16334477E+04           0.00000E+00
  -18730.000       -0.16296521E+04           0.00000E+00
  -18725.000       -0.16258595E+04           0.00000E+00
  -18720.000       -0.16220739E+04           0.00000E+00
  -18715.000       -0.16182923E+04           0.00000E+00
  -18710.000       -0.16145177E+04           0.00000E+00
  -18705.000       -0.16107471E+04           0.00000E+00
  -18700.000       -0.16069836E+04           0.00000E+00
  -18695.000       -0.16032240E+04           0.00000E+00
  -18690.000       -0.15994694E+04           0.00000E+00
  -18685.000       -0.15957218E+04           0.00000E+00
  -18680.000       -0.15919772E+04           0.00000E+00
  -18675.000       -0.15882386E+04           0.00000E+00
  -18670.000       -0.15845060E+04           0.00000E+00
  -18665.000       -0.15807794E+04           0.00000E+00
  -18660.000       -0.15770568E+04           0.00000E+00
  -18655.000       -0.15733412E+04           0.00000E+00
  -18650.000       -0.15696296E+04           0.00000E+00
  -18645.000       -0.15659230E+04           0.00000E+00
  -18640.000       -0.15622224E+04           0.00000E+00
  -18635.000       -0.15585268E+04           0.00000E+00
  -18630.000       -0.15548362E+04           0.00000E+00
  -18625.000       -0.15511516E+04           0.00000E+00
  -18620.000       -0.15474720E+04           0.00000E+00
  -18615.000       -0.15437984E+04           0.00000E+00
  -18610.000       -0.15401288E+04           0.00000E+00
  -18605.000       -0.15364652E+04           0.00000E+00
  -18600.000       -0.15328056E+04           0.00000E+00
  -18595.000       -0.15291531E+04           0.00000E+00
  -18590.000       -0.15255055E+04           0.00000E+00
  -18585.000       -0.15218629E+04           0.00000E+00
  -18580.000       -0.15182263E+04           0.00000E+00
  -18575.000       -0.15145947E+04           0.00000E+00
  -18570.000       -0.15109671E+04           0.00000E+00
  -18565.000       -0.15073455E+04           0.00000E+00
  -18560.000       -0.15037289E+04           0.00000E+00
  -18555.000       -0.15001173E+04           0.00000E+00
  -18550.000       -0.14965117E+04           0.00000E+00
  -18545.000       -0.14929101E+04           0.00000E+00
  -18540.000       -0.14893155E+04           0.00000E+00
  -18535.000       -0.14857249E+04           0.00000E+00
  -18530.000       -0.14821403E+04           0.00000E+00
  -18525.000       -0.14785617E+04           0.00000E+00
  -18520.000       -0.14749861E+04           0.00000E+00
  -18515.000       -0.14714175E+04           0.00000E+00
  -18510.000       -0.14678529E+04           0.00000E+00
  -18505.000       -0.14642943E+04           0.00000E+00
  -18500.000       -0.14607407E+04           0.00000E+00
  -18495.000       -0.14571921E+04           0.00000E+00
  -18490.000       -0.14536506E+04           0.00000E+00
  -18485.000       -0.14501110E+04           0.00000E+00
  -18480.000       -0.14465784E+04           0.00000E+00
  -18475.000       -0.14430508E+04           0.00000E+00
  -18470.000       -0.14395282E+04           0.00000E+00
  -18465.000       -0.14360116E+04           0.00000E+00
  -18460.000       -0.14325000E+04           0.00000E+00
  -18455.000       -0.14289924E+04           0.00000E+00
  -18450.000       -0.14254908E+04           0.00000E+00
  -18445.000       -0.14219942E+04           0.00000E+00
  -18440.000       -0.14185036E+04           0.00000E+00
  -18435.000       -0.14150170E+04           0.00000E+00
  -18430.000       -0.14115344E+04           0.00000E+00
  -18425.000       -0.14080588E+04           0.00000E+00
  -18420.000       -0.14045892E+04           0.00000E+00
  -18415.000       -0.14011246E+04           0.00000E+00
  -18410.000       -0.13976630E+04           0.00000E+00
  -18405.000       -0.13942084E+04           0.00000E+00
  -18400.000       -0.13907578E+04           0.00000E+00
  -18395.000       -0.13873132E+04           0.00000E+00
  -18390.000       -0.13838736E+04           0.00000E+00
  -18385.000       -0.13804381E+04           0.00000E+00
  -18380.000       -0.13770085E+04           0.00000E+00
  -18375.000       -0.13735849E+04           0.00000E+00
  -18370.000       -0.13701653E+04           0.00000E+00
  -18365.000       -0.13667507E+04           0.00000E+00
  -18360.000       -0.13633431E+04           0.00000E+00
  -18355.000       -0.13599385E+04           0.00000E+00
  -18350.000       -0.13565399E+04           0.00000E+00
  -18345.000       -0.13531463E+04           0.00000E+00
  -18340.000       -0.13497577E+04           0.00000E+00
  -18335.000       -0.13463741E+04           0.00000E+00
  -18330.000       -0.13429955E+04           0.00000E+00
  -18325.000       -0.13396219E+04           0.00000E+00
  -18320.000       -0.13362543E+04           0.00000E+00
  -18315.000       -0.13328907E+04           0.00000E+00
  -18310.000       -0.13295331E+04           0.00000E+00
  -18305.000       -0.13261795E+04           0.00000E+00
  -18300.000       -0.13228319E+04           0.00000E+00
  -18295.000       -0.13194893E+04           0.00000E+00
  -18290.000       -0.13161507E+04           0.00000E+00
  -18285.000       -0.13128191E+04           0.00000E+00
  -18280.000       -0.13094916E+04           0.00000E+00
  -18275.000       -0.13061690E+04           0.00000E+00
  -18270.000       -0.13028514E+04           0.00000E+00
  -18265.000       -0.12995378E+04           0.00000E+00
  -18260.000       -0.12962312E+04           0.00000E+00
  -18255.000       -0.12929286E+04           0.00000E+00
  -18250.000       -0.12896310E+04           0.00000E+00
  -18245.000       -0.12863394E+04           0.00000E+00
  -18240.000       -0.12830518E+04           0.00000E+00
  -18235.000       -0.12797702E+04           0.00000E+00
  -18230.000       -0.12764926E+04           0.00000E+00
  -18225.000       -0.12732200E+04           0.00000E+00
  -18220.000       -0.12699534E+04           0.00000E+00
  -18215.000       -0.12666908E+04           0.00000E+00
  -18210.000       -0.12634352E+04           0.00000E+00
  -18205.000       -0.12601816E+04           0.00000E+00
  -18200.000       -0.12569350E+04           0.00000E+00
  -18195.000       -0.12536924E+04           0.00000E+00
  -18190.000       -0.12504568E+04           0.00000E+00
  -18185.000       -0.12472242E+04           0.00000E+00
  -18180.000       -0.12439976E+04           0.00000E+00
  -18175.000       -0.12407751E+04           0.00000E+00
  -18170.000       -0.12375585E+04           0.00000E+00
  -18165.000       -0.12343459E+04           0.00000E+00
  -18160.000       -0.12311393E+04           0.00000E+00
  -18155.000       -0.12279367E+04           0.00000E+00
  -18150.000       -0.12247401E+04           0.00000E+00
  -18145.000       -0.12215475E+04           0.00000E+00
  -18140.000       -0.12183599E+04           0.00000E+00
  -18135.000       -0.12151783E+04           0.00000E+00
  -18130.000       -0.12120017E+04           0.00000E+00
  -18125.000       -0.12088281E+04           0.00000E+00
  -18120.000       -0.12056615E+04           0.00000E+00
  -18115.000       -0.12024989E+04           0.00000E+00
  -18110.000       -0.11993413E+04           0.00000E+00
  -18105.000       -0.11961887E+04           0.00000E+00
  -18100.000       -0.11930411E+04           0.00000E+00
  -18095.000       -0.11898995E+04           0.00000E+00
  -18090.000       -0.11867609E+04           0.00000E+00
  -18085.000       -0.11836283E+04           0.00000E+00
  -18080.000       -0.11804997E+04           0.00000E+00
  -18075.000       -0.11773781E+04           0.00000E+00
  -18070.000       -0.11742596E+04           0.00000E+00
  -18065.000       -0.11711470E+04           0.00000E+00
  -18060.000       -0.11680384E+04           0.00000E+00
  -18055.000       -0.11649358E+04           0.00000E+00
  -18050.000       -0.11618362E+04           0.00000E+00
  -18045.000       -0.11587426E+04           0.00000E+00
  -18040.000       -0.11556560E+04           0.00000E+00
  -18035.000       -0.11525714E+04           0.00000E+00
  -18030.000       -0.11494928E+04           0.00000E+00
  -18025.000       -0.11464192E+04           0.00000E+00
  -18020.000       -0.11433506E+04           0.00000E+00
  -18015.000       -0.11402860E+04           0.00000E+00
  -18010.000       -0.11372264E+04           0.00000E+00
  -18005.000       -0.11341728E+04           0.00000E+00
  -18000.000       -0.11311232E+04           0.00000E+00
  -17995.000       -0.11280786E+04           0.00000E+00
  -17990.000       -0.11250390E+04           0.00000E+00
  -17985.000       -0.11220034E+04           0.00000E+00
  -17980.000       -0.11189738E+04           0.00000E+00
  -17975.000       -0.11159482E+04           0.00000E+00
  -17970.000       -0.11129276E+04           0.00000E+00
  -17965.000       -0.11099131E+04           0.00000E+00
  -17960.000       -0.11069025E+04           0.00000E+00
  -17955.000       -0.11038969E+04           0.00000E+00
  -17950.000       -0.11008963E+04           0.00000E+00
  -17945.000       -0.10978997E+04           0.00000E+00
  -17940.000       -0.10949081E+04           0.00000E+00
  -17935.000       -0.10919225E+04           0.00000E+00
  -17930.000       -0.10889419E+04           0.00000E+00
  -17925.000       -0.10859633E+04           0.00000E+00
  -17920.000       -0.10829917E+04           0.00000E+00
  -17915.000       -0.10800241E+04           0.00000E+00
  -17910.000       -0.10770625E+04           0.00000E+00
  -17905.000       -0.10741049E+04           0.00000E+00
  -17900.000       -0.10711523E+04           0.00000E+00
  -17895.000       -0.10682047E+04           0.00000E+00
  -17890.000       -0.10652621E+04           0.00000E+00
  -17885.000       -0.10623235E+04           0.00000E+00
  -17880.000       -0.10593899E+04           0.00000E+00
  -17875.000       -0.10564603E+04           0.00000E+00
  -17870.000       -0.10535377E+04           0.00000E+00
  -17865.000       -0.10506181E+04           0.00000E+00
  -17860.000       -0.10477046E+04           0.00000E+00
  -17855.000       -0.10447940E+04           0.00000E+00
  -17850.000       -0.10418884E+04           0.00000E+00
  -17845.000       -0.10389888E+04           0.00000E+00
  -17840.000       -0.10360942E+04           0.00000E+00
  -17835.000       -0.10332036E+04           0.00000E+00
  -17830.000       -0.10303180E+04           0.00000E+00
  -17825.000       -0.10274364E+04           0.00000E+00
  -17820.000       -0.10245608E+04           0.00000E+00
  -17815.000       -0.10216892E+04           0.00000E+00
  -17810.000       -0.10188226E+04           0.00000E+00
  -17805.000       -0.10159600E+04           0.00000E+00
  -17800.000       -0.10131024E+04           0.00000E+00
  -17795.000       -0.10102508E+04           0.00000E+00
  -17790.000       -0.10074022E+04           0.00000E+00
  -17785.000       -0.10045586E+04           0.00000E+00
  -17780.000       -0.10017210E+04           0.00000E+00
  -17775.000       -0.99888743E+03           0.00000E+00
  -17770.000       -0.99605884E+03           0.00000E+00
  -17765.000       -0.99323424E+03           0.00000E+00
  -17760.000       -0.99041465E+03           0.00000E+00
  -17755.000       -0.98760005E+03           0.00000E+00
  -17750.000       -0.98478945E+03           0.00000E+00
  -17745.000       -0.98198486E+03           0.00000E+00
  -17740.000       -0.97918326E+03           0.00000E+00
  -17735.000       -0.97638767E+03           0.00000E+00
  -17730.000       -0.97359607E+03           0.00000E+00
  -17725.000       -0.97080948E+03           0.00000E+00
  -17720.000       -0.96802788E+03           0.00000E+00
  -17715.000       -0.96525129E+03           0.00000E+00
  -17710.000       -0.96247769E+03           0.00000E+00
  -17705.000       -0.95971110E+03           0.00000E+00
  -17700.000       -0.95694750E+03           0.00000E+00
  -17695.000       -0.95418791E+03           0.00000E+00
  -17690.000       -0.95143431E+03           0.00000E+00
  -17685.000       -0.94868472E+03           0.00000E+00
  -17680.000       -0.94594112E+03           0.00000E+00
  -17675.000       -0.94320053E+03           0.00000E+00
  -17670.000       -0.94046493E+03           0.00000E+00
  -17665.000       -0.93773534E+03           0.00000E+00
  -17660.000       -0.93500874E+03           0.00000E+00
  -17655.000       -0.93228715E+03           0.00000E+00
  -17650.000       -0.92957055E+03           0.00000E+00
  -17645.000       -0.92685795E+03           0.00000E+00
  -17640.000       -0.92415036E+03           0.00000E+00
  -17635.000       -0.92144776E+03           0.00000E+00
  -17630.000       -0.91875017E+03           0.00000E+00
  -17625.000       -0.91605657E+03           0.00000E+00
  -17620.000       -0.91336698E+03           0.00000E+00
  -17615.000       -0.91068238E+03           0.00000E+00
  -17610.000       -0.90800279E+03           0.00000E+00
  -17605.000       -0.90532819E+03           0.00000E+00
  -17600.000       -0.90265760E+03           0.00000E+00
  -17595.000       -0.89999100E+03           0.00000E+00
  -17590.000       -0.89733041E+03           0.00000E+00
  -17585.000       -0.89467381E+03           0.00000E+00
  -17580.000       -0.89202022E+03           0.00000E+00
  -17575.000       -0.88937362E+03           0.00000E+00
  -17570.000       -0.88673003E+03           0.00000E+00
  -17565.000       -0.88409143E+03           0.00000E+00
  -17560.000       -0.88145884E+03           0.00000E+00
  -17555.000       -0.87882824E+03           0.00000E+00
  -17550.000       -0.87620465E+03           0.00000E+00
  -17545.000       -0.87358405E+03           0.00000E+00
  -17540.000       -0.87096845E+03           0.00000E+00
  -17535.000       -0.86835786E+03           0.00000E+00
  -17530.000       -0.86575126E+03           0.00000E+00
  -17525.000       -0.86314867E+03           0.00000E+00
  -17520.000       -0.86055207E+03           0.00000E+00
  -17515.000       -0.85795848E+03           0.00000E+00
  -17510.000       -0.85537088E+03           0.00000E+00
  -17505.000       -0.85278729E+03           0.00000E+00
  -17500.000       -0.85020769E+03           0.00000E+00
  -17495.000       -0.84763310E+03           0.00000E+00
  -17490.000       -0.84506350E+03           0.00000E+00
  -17485.000       -0.84249791E+03           0.00000E+00
  -17480.000       -0.83993631E+03           0.00000E+00
  -17475.000       -0.83737972E+03           0.00000E+00
  -17470.000       -0.83482812E+03           0.00000E+00
  -17465.000       -0.83228053E+03           0.00000E+00
  -17460.000       -0.82973793E+03           0.00000E+00
  -17455.000       -0.82719934E+03           0.00000E+00
  -17450.000       -0.82466574E+03           0.00000E+00
  -17445.000       -0.82213515E+03           0.00000E+00
  -17440.000       -0.81961055E+03           0.00000E+00
  -17435.000       -0.81708995E+03           0.00000E+00
  -17430.000       -0.81457436E+03           0.00000E+00
  -17425.000       -0.81206276E+03           0.00000E+00
  -17420.000       -0.80955617E+03           0.00000E+00
  -17415.000       -0.80705357E+03           0.00000E+00
  -17410.000       -0.80455598E+03           0.00000E+00
  -17405.000       -0.80206138E+03           0.00000E+00
  -17400.000       -0.79957279E+03           0.00000E+00
  -17395.000       -0.79708719E+03           0.00000E+00
  -17390.000       -0.79460860E+03           0.00000E+00
  -17385.000       -0.79213200E+03           0.00000E+00
  -17380.000       -0.78966141E+03           0.00000E+00
  -17375.000       -0.78719381E+03           0.00000E+00
  -17370.000       -0.78473222E+03           0.00000E+00
  -17365.000       -0.78227362E+03           0.00000E+00
  -17360.000       -0.77982103E+03           0.00000E+00
  -17355.000       -0.77737143E+03           0.00000E+00
  -17350.000       -0.77492684E+03           0.00000E+00
  -17345.000       -0.77248724E+03           0.00000E+00
  -17340.000       -0.77005164E+03           0.00000E+00
  -17335.000       -0.76762105E+03           0.00000E+00
  -17330.000       -0.76519345E+03           0.00000E+00
  -17325.000       -0.76277086E+03           0.00000E+00
  -17320.000       -0.76035326E+03           0.00000E+00
  -17315.000       -0.75793967E+03           0.00000E+00
  -17310.000       -0.75553107E+03           0.00000E+00
  -17305.000       -0.75312648E+03           0.00000E+00
  -17300.000       -0.75072588E+03           0.00000E+00
  -17295.000       -0.74832929E+03           0.00000E+00
  -17290.000       -0.74593869E+03           0.00000E+00
  -17285.000       -0.74355210E+03           0.00000E+00
  -17280.000       -0.74116950E+03           0.00000E+00
  -17275.000       -0.73879091E+03           0.00000E+00
  -17270.000       -0.73641631E+03           0.00000E+00
  -17265.000       -0.73404772E+03           0.00000E+00
  -17260.000       -0.73168212E+03           0.00000E+00
  -17255.000       -0.72932153E+03           0.00000E+00
  -17250.000       -0.72696593E+03           0.00000E+00
  -17245.000       -0.72461334E+03           0.00000E+00
  -17240.000       -0.72226674E+03           0.00000E+00
  -17235.000       -0.71992314E+03           0.00000E+00
  -17230.000       -0.71758455E+03           0.00000E+00
  -17225.000       -0.71524995E+03           0.00000E+00
  -17220.000       -0.71292036E+03           0.00000E+00
  -17215.000       -0.71059476E+03           0.00000E+00
  -17210.000       -0.70827217E+03           0.00000E+00
  -17205.000       -0.70595557E+03           0.00000E+00
  -17200.000       -0.70364298E+03           0.00000E+00
  -17195.000       -0.70133438E+03           0.00000E+00
  -17190.000       -0.69903079E+03           0.00000E+00
  -17185.000       -0.69673219E+03           0.00000E+00
  -17180.000       -0.69443660E+03           0.00000E+00
  -17175.000       -0.69214500E+03           0.00000E+00
  -17170.000       -0.68985841E+03           0.00000E+00
  -17165.000       -0.68757681E+03           0.00000E+00
  -17160.000       -0.68529822E+03           0.00000E+00
  -17155.000       -0.68302462E+03           0.00000E+00
  -17150.000       -0.68075503E+03           0.00000E+00
  -17145.000       -0.67849043E+03           0.00000E+00
  -17140.000       -0.67622984E+03           0.00000E+00
  -17135.000       -0.67397324E+03           0.00000E+00
  -17130.000       -0.67172164E+03           0.00000E+00
  -17125.000       -0.66947405E+03           0.00000E+00
  -17120.000       -0.66723045E+03           0.00000E+00
  -17115.000       -0.66499086E+03           0.00000E+00
  -17110.000       -0.66275626E+03           0.00000E+00
  -17105.000       -0.66052567E+03           0.00000E+00
  -17100.000       -0.65830007E+03           0.00000E+00
  -17095.000       -0.65607748E+03           0.00000E+00
  -17090.000       -0.65385988E+03           0.00000E+00
  -17085.000       -0.65164729E+03           0.00000E+00
  -17080.000       -0.64943769E+03           0.00000E+00
  -17075.000       -0.64723310E+03           0.00000E+00
  -17070.000       -0.64503250E+03           0.00000E+00
  -17065.000       -0.64283591E+03           0.00000E+00
  -17060.000       -0.64064431E+03           0.00000E+00
  -17055.000       -0.63845672E+03           0.00000E+00
  -17050.000       -0.63627312E+03           0.00000E+00
  -17045.000       -0.63409353E+03           0.00000E+00
  -17040.000       -0.63191893E+03           0.00000E+00
  -17035.000       -0.62974734E+03           0.00000E+00
  -17030.000       -0.62758174E+03           0.00000E+00
  -17025.000       -0.62541914E+03           0.00000E+00
  -17020.000       -0.62326155E+03           0.00000E+00
  -17015.000       -0.62110795E+03           0.00000E+00
  -17010.000       -0.61895836E+03           0.00000E+00
  -17005.000       -0.61681276E+03           0.00000E+00
  -17000.000       -0.61467217E+03           0.00000E+00
  -16995.000       -0.61253557E+03           0.00000E+00
  -16990.000       -0.61040298E+03           0.00000E+00
  -16985.000       -0.60827538E+03           0.00000E+00
  -16980.000       -0.60615079E+03           0.00000E+00
  -16975.000       -0.60403019E+03           0.00000E+00
  -16970.000       -0.60191460E+03           0.00000E+00
  -16965.000       -0.59980400E+03           0.00000E+00
  -16960.000       -0.59769641E+03           0.00000E+00
  -16955.000       -0.59559281E+03           0.00000E+00
  -16950.000       -0.59349422E+03           0.00000E+00
  -16945.000       -0.59139962E+03           0.00000E+00
  -16940.000       -0.58930903E+03           0.00000E+00
  -16935.000       -0.58722343E+03           0.00000E+00
  -16930.000       -0.58514183E+03           0.00000E+00
  -16925.000       -0.58306324E+03           0.00000E+00
  -16920.000       -0.58098964E+03           0.00000E+00
  -16915.000       -0.57892105E+03           0.00000E+00
  -16910.000       -0.57685445E+03           0.00000E+00
  -16905.000       -0.57479386E+03           0.00000E+00
  -16900.000       -0.57273726E+03           0.00000E+00
  -16895.000       -0.57068467E+03           0.00000E+00
  -16890.000       -0.56863607E+03           0.00000E+00
  -16885.000       -0.56659148E+03           0.00000E+00
  -16880.000       -0.56455088E+03           0.00000E+00
  -16875.000       -0.56251529E+03           0.00000E+00
  -16870.000       -0.56048369E+03           0.00000E+00
  -16865.000       -0.55845510E+03           0.00000E+00
  -16860.000       -0.55643250E+03           0.00000E+00
  -16855.000       -0.55441291E+03           0.00000E+00
  -16850.000       -0.55239731E+03           0.00000E+00
  -16845.000       -0.55038572E+03           0.00000E+00
  -16840.000       -0.54837912E+03           0.00000E+00
  -16835.000       -0.54637553E+03           0.00000E+00
  -16830.000       -0.54437793E+03           0.00000E+00
  -16825.000       -0.54238233E+03           0.00000E+00
  -16820.000       -0.54039274E+03           0.00000E+00
  -16815.000       -0.53840614E+03           0.00000E+00
  -16810.000       -0.53642355E+03           0.00000E+00
  -16805.000       -0.53444595E+03           0.00000E+00
  -16800.000       -0.53247136E+03           0.00000E+00
  -16795.000       -0.53050276E+03           0.00000E+00
  -16790.000       -0.52853617E+03           0.00000E+00
  -16785.000       -0.52657457E+03           0.00000E+00
  -16780.000       -0.52461698E+03           0.00000E+00
  -16775.000       -0.52266438E+03           0.00000E+00
  -16770.000       -0.52071479E+03           0.00000E+00
  -16765.000       -0.51876919E+03           0.00000E+00
  -16760.000       -0.51682760E+03           0.00000E+00
  -16755.000       -0.51489100E+03           0.00000E+00
  -16750.000       -0.51295841E+03           0.00000E+00
  -16745.000       -0.51102981E+03           0.00000E+00
  -16740.000       -0.50910522E+03           0.00000E+00
  -16735.000       -0.50718462E+03           0.00000E+00
  -16730.000       -0.50526703E+03           0.00000E+00
  -16725.000       -0.50335443E+03           0.00000E+00
  -16720.000       -0.50144683E+03           0.00000E+00
  -16715.000       -0.49954224E+03           0.00000E+00
  -16710.000       -0.49764164E+03           0.00000E+00
  -16705.000       -0.49574605E+03           0.00000E+00
  -16700.000       -0.49385345E+03           0.00000E+00
  -16695.000       -0.49196586E+03           0.00000E+00
  -16690.000       -0.49008126E+03           0.00000E+00
  -16685.000       -0.48820167E+03           0.00000E+00
  -16680.000       -0.48632507E+03           0.00000E+00
  -16675.000       -0.48445348E+03           0.00000E+00
  -16670.000       -0.48258588E+03           0.00000E+00
  -16665.000       -0.48072229E+03           0.00000E+00
  -16660.000       -0.47886269E+03           0.00000E+00
  -16655.000       -0.47700610E+03           0.00000E+00
  -16650.000       -0.47515550E+03           0.00000E+00
  -16645.000       -0.47330691E+03           0.00000E+00
  -16640.000       -0.47146431E+03           0.00000E+00
  -16635.000       -0.46962472E+03           0.00000E+00
  -16630.000       -0.46778912E+03           0.00000E+00
  -16625.000       -0.46595753E+03           0.00000E+00
  -16620.000       -0.46412993E+03           0.00000E+00
  -16615.000       -0.46230633E+03           0.00000E+00
  -16610.000       -0.46048774E+03           0.00000E+00
  -16605.000       -0.45867114E+03           0.00000E+00
  -16600.000       -0.45686055E+03           0.00000E+00
  -16595.000       -0.45505295E+03           0.00000E+00
  -16590.000       -0.45324936E+03           0.00000E+00
  -16585.000       -0.45144976E+03           0.00000E+00
  -16580.000       -0.44965417E+03           0.00000E+00
  -16575.000       -0.44786257E+03           0.00000E+00
  -16570.000       -0.44607498E+03           0.00000E+00
  -16565.000       -0.44429138E+03           0.00000E+00
  -16560.000       -0.44251279E+03           0.00000E+00
  -16555.000       -0.44073619E+03           0.00000E+00
  -16550.000       -0.43896460E+03           0.00000E+00
  -16545.000       -0.43719800E+03           0.00000E+00
  -16540.000       -0.43543441E+03           0.00000E+00
  -16535.000       -0.43367481E+03           0.00000E+00
  -16530.000       -0.43191922E+03           0.00000E+00
  -16525.000       -0.43016662E+03           0.00000E+00
  -16520.000       -0.42842002E+03           0.00000E+00
  -16515.000       -0.42667643E+03           0.00000E+00
  -16510.000       -0.42493583E+03           0.00000E+00
  -16505.000       -0.42320024E+03           0.00000E+00
  -16500.000       -0.42146864E+03           0.00000E+00
  -16495.000       -0.41974105E+03           0.00000E+00
  -16490.000       -0.41801645E+03           0.00000E+00
  -16485.000       -0.41629686E+03           0.00000E+00
  -16480.000       -0.41458026E+03           0.00000E+00
  -16475.000       -0.41286867E+03           0.00000E+00
  -16470.000       -0.41116007E+03           0.00000E+00
  -16465.000       -0.40945648E+03           0.00000E+00
  -16460.000       -0.40775588E+03           0.00000E+00
  -16455.000       -0.40605929E+03           0.00000E+00
  -16450.000       -0.40436769E+03           0.00000E+00
  -16445.000       -0.40267810E+03           0.00000E+00
  -16440.000       -0.40099350E+03           0.00000E+00
  -16435.000       -0.39931291E+03           0.00000E+00
  -16430.000       -0.39763531E+03           0.00000E+00
  -16425.000       -0.39596272E+03           0.00000E+00
  -16420.000       -0.39429412E+03           0.00000E+00
  -16415.000       -0.39262852E+03           0.00000E+00
  -16410.000       -0.39096793E+03           0.00000E+00
  -16405.000       -0.38931033E+03           0.00000E+00
  -16400.000       -0.38765674E+03           0.00000E+00
  -16395.000       -0.38600714E+03           0.00000E+00
  -16390.000       -0.38436155E+03           0.00000E+00
  -16385.000       -0.38271995E+03           0.00000E+00
  -16380.000       -0.38108236E+03           0.00000E+00
  -16375.000       -0.37944876E+03           0.00000E+00
  -16370.000       -0.37781817E+03           0.00000E+00
  -16365.000       -0.37619157E+03           0.00000E+00
  -16360.000       -0.37456998E+03           0.00000E+00
  -16355.000       -0.37295138E+03           0.00000E+00
  -16350.000       -0.37133579E+03           0.00000E+00
  -16345.000       -0.36972519E+03           0.00000E+00
  -16340.000       -0.36811860E+03           0.00000E+00
  -16335.000       -0.36651600E+03           0.00000E+00
  -16330.000       -0.36491641E+03           0.00000E+00
  -16325.000       -0.36332181E+03           0.00000E+00
  -16320.000       -0.36172922E+03           0.00000E+00
  -16315.000       -0.36014162E+03           0.00000E+00
  -16310.000       -0.35855902E+03           0.00000E+00
  -16305.000       -0.35697843E+03           0.00000E+00
  -16300.000       -0.35540283E+03           0.00000E+00
  -16295.000       -0.35383024E+03           0.00000E+00
  -16290.000       -0.35226164E+03           0.00000E+00
  -16285.000       -0.35069705E+03           0.00000E+00
  -16280.000       -0.34913645E+03           0.00000E+00
  -16275.000       -0.34757886E+03           0.00000E+00
  -16270.000       -0.34602626E+03           0.00000E+00
  -16265.000       -0.34447667E+03           0.00000E+00
  -16260.000       -0.34293107E+03           0.00000E+00
  -16255.000       -0.34139048E+03           0.00000E+00
  -16250.000       -0.33985188E+03           0.00000E+00
  -16245.000       -0.33831829E+03           0.00000E+00
  -16240.000       -0.33678769E+03           0.00000E+00
  -16235.000       -0.33526110E+03           0.00000E+00
  -16230.000       -0.33373850E+03           0.00000E+00
  -16225.000       -0.33221991E+03           0.00000E+00
  -16220.000       -0.33070531E+03           0.00000E+00
  -16215.000       -0.32919372E+03           0.00000E+00
  -16210.000       -0.32768612E+03           0.00000E+00
  -16205.000       -0.32618252E+03           0.00000E+00
  -16200.000       -0.32468293E+03           0.00000E+00
  -16195.000       -0.32318733E+03           0.00000E+00
  -16190.000       -0.32169474E+03           0.00000E+00
  -16185.000       -0.32020614E+03           0.00000E+00
  -16180.000       -0.31872155E+03           0.00000E+00
  -16175.000       -0.31723995E+03           0.00000E+00
  -16170.000       -0.31576236E+03           0.00000E+00
  -16165.000       -0.31428876E+03           0.00000E+00
  -16160.000       -0.31281917E+03           0.00000E+00
  -16155.000       -0.31135357E+03           0.00000E+00
  -16150.000       -0.30989098E+03           0.00000E+00
  -16145.000       -0.30843238E+03           0.00000E+00
  -16140.000       -0.30697779E+03           0.00000E+00
  -16135.000       -0.30552719E+03           0.00000E+00
  -16130.000       -0.30407960E+03           0.00000E+00
  -16125.000       -0.30263700E+03           0.00000E+00
  -16120.000       -0.30119741E+03           0.00000E+00
  -16115.000       -0.29976081E+03           0.00000E+00
  -16110.000       -0.29832821E+03           0.00000E+00
  -16105.000       -0.29689962E+03           0.00000E+00
  -16100.000       -0.29547502E+03           0.00000E+00
  -16095.000       -0.29405443E+03           0.00000E+00
  -16090.000       -0.29263683E+03           0.00000E+00
  -16085.000       -0.29122324E+03           0.00000E+00
  -16080.000       -0.28981264E+03           0.00000E+00
  -16075.000       -0.28840705E+03           0.00000E+00
  -16070.000       -0.28700445E+03           0.00000E+00
  -16065.000       -0.28560586E+03           0.00000E+00
  -16060.000       -0.28421026E+03           0.00000E+00
  -16055.000       -0.28281867E+03           0.00000E+00
  -16050.000       -0.28143107E+03           0.00000E+00
  -16045.000       -0.28004748E+03           0.00000E+00
  -16040.000       -0.27866788E+03           0.00000E+00
  -16035.000       -0.27729029E+03           0.00000E+00
  -16030.000       -0.27591869E+03           0.00000E+00
  -16025.000       -0.27454810E+03           0.00000E+00
  -16020.000       -0.27318250E+03           0.00000E+00
  -16015.000       -0.27182091E+03           0.00000E+00
  -16010.000       -0.27046331E+03           0.00000E+00
  -16005.000       -0.26910871E+03           0.00000E+00
  -16000.000       -0.26775712E+03           0.00000E+00
  -15995.000       -0.26641052E+03           0.00000E+00
  -15990.000       -0.26506693E+03           0.00000E+00
  -15985.000       -0.26372733E+03           0.00000E+00
  -15980.000       -0.26239074E+03           0.00000E+00
  -15975.000       -0.26105814E+03           0.00000E+00
  -15970.000       -0.25972955E+03           0.00000E+00
  -15965.000       -0.25840395E+03           0.00000E+00
  -15960.000       -0.25708236E+03           0.00000E+00
  -15955.000       -0.25576476E+03           0.00000E+00
  -15950.000       -0.25445017E+03           0.00000E+00
  -15945.000       -0.25313957E+03           0.00000E+00
  -15940.000       -0.25183298E+03           0.00000E+00
  -15935.000       -0.25052938E+03           0.00000E+00
  -15930.000       -0.24922979E+03           0.00000E+00
  -15925.000       -0.24793319E+03           0.00000E+00
  -15920.000       -0.24664160E+03           0.00000E+00
  -15915.000       -0.24535200E+03           0.00000E+00
  -15910.000       -0.24406741E+03           0.00000E+00
  -15905.000       -0.24278581E+03           0.00000E+00
  -15900.000       -0.24150721E+03           0.00000E+00
  -15895.000       -0.24023262E+03           0.00000E+00
  -15890.000       -0.23896202E+03           0.00000E+00
  -15885.000       -0.23769543E+03           0.00000E+00
  -15880.000       -0.23643183E+03           0.00000E+00
  -15875.000       -0.23517124E+03           0.00000E+00
  -15870.000       -0.23391564E+03           0.00000E+00
  -15865.000       -0.23266205E+03           0.00000E+00
  -15860.000       -0.23141345E+03           0.00000E+00
  -15855.000       -0.23016786E+03           0.00000E+00
  -15850.000       -0.22892626E+03           0.00000E+00
  -15845.000       -0.22768767E+03           0.00000E+00
  -15840.000       -0.22645307E+03           0.00000E+00
  -15835.000       -0.22522148E+03           0.00000E+00
  -15830.000       -0.22399388E+03           0.00000E+00
  -15825.000       -0.22276929E+03           0.00000E+00
  -15820.000       -0.22154969E+03           0.00000E+00
  -15815.000       -0.22033310E+03           0.00000E+00
  -15810.000       -0.21911850E+03           0.00000E+00
  -15805.000       -0.21790890E+03           0.00000E+00
  -15800.000       -0.21670331E+03           0.00000E+00
  -15795.000       -0.21550071E+03           0.00000E+00
  -15790.000       -0.21430112E+03           0.00000E+00
  -15785.000       -0.21310552E+03           0.00000E+00
  -15780.000       -0.21191393E+03           0.00000E+00
  -15775.000       -0.21072533E+03           0.00000E+00
  -15770.000       -0.20954074E+03           0.00000E+00
  -15765.000       -0.20835914E+03           0.00000E+00
  -15760.000       -0.20718155E+03           0.00000E+00
  -15755.000       -0.20600695E+03           0.00000E+00
  -15750.000       -0.20483636E+03           0.00000E+00
  -15745.000       -0.20366876E+03           0.00000E+00
  -15740.000       -0.20250517E+03           0.00000E+00
  -15735.000       -0.20134557E+03           0.00000E+00
  -15730.000       -0.20018898E+03           0.00000E+00
  -15725.000       -0.19903538E+03           0.00000E+00
  -15720.000       -0.19788579E+03           0.00000E+00
  -15715.000       -0.19674019E+03           0.00000E+00
  -15710.000       -0.19559760E+03           0.00000E+00
  -15705.000       -0.19445800E+03           0.00000E+00
  -15700.000       -0.19332240E+03           0.00000E+00
  -15695.000       -0.19219081E+03           0.00000E+00
  -15690.000       -0.19106121E+03           0.00000E+00
  -15685.000       -0.18993662E+03           0.00000E+00
  -15680.000       -0.18881602E+03           0.00000E+00
  -15675.000       -0.18769743E+03           0.00000E+00
  -15670.000       -0.18658283E+03           0.00000E+00
  -15665.000       -0.18547224E+03           0.00000E+00
  -15660.000       -0.18436464E+03           0.00000E+00
  -15655.000       -0.18326105E+03           0.00000E+00
  -15650.000       -0.18215945E+03           0.00000E+00
  -15645.000       -0.18106286E+03           0.00000E+00
  -15640.000       -0.17996926E+03           0.00000E+00
  -15635.000       -0.17887867E+03           0.00000E+00
  -15630.000       -0.17779207E+03           0.00000E+00
  -15625.000       -0.17670948E+03           0.00000E+00
  -15620.000       -0.17562988E+03           0.00000E+00
  -15615.000       -0.17455329E+03           0.00000E+00
  -15610.000       -0.17348069E+03           0.00000E+00
  -15605.000       -0.17241110E+03           0.00000E+00
  -15600.000       -0.17134550E+03           0.00000E+00
  -15595.000       -0.17028290E+03           0.00000E+00
  -15590.000       -0.16922431E+03           0.00000E+00
  -15585.000       -0.16816871E+03           0.00000E+00
  -15580.000       -0.16711612E+03           0.00000E+00
  -15575.000       -0.16606752E+03           0.00000E+00
  -15570.000       -0.16502293E+03           0.00000E+00
  -15565.000       -0.16398033E+03           0.00000E+00
  -15560.000       -0.16294274E+03           0.00000E+00
  -15555.000       -0.16190814E+03           0.00000E+00
  -15550.000       -0.16087655E+03           0.00000E+00
  -15545.000       -0.15984795E+03           0.00000E+00
  -15540.000       -0.15882436E+03           0.00000E+00
  -15535.000       -0.15780276E+03           0.00000E+00
  -15530.000       -0.15678517E+03           0.00000E+00
  -15525.000       -0.15577057E+03           0.00000E+00
  -15520.000       -0.15475998E+03           0.00000E+00
  -15515.000       -0.15375238E+03           0.00000E+00
  -15510.000       -0.15274879E+03           0.00000E+00
  -15505.000       -0.15174719E+03           0.00000E+00
  -15500.000       -0.15075060E+03           0.00000E+00
  -15495.000       -0.14975700E+03           0.00000E+00
  -15490.000       -0.14876640E+03           0.00000E+00
  -15485.000       -0.14777881E+03           0.00000E+00
  -15480.000       -0.14679521E+03           0.00000E+00
  -15475.000       -0.14581562E+03           0.00000E+00
  -15470.000       -0.14483802E+03           0.00000E+00
  -15465.000       -0.14386543E+03           0.00000E+00
  -15460.000       -0.14289483E+03           0.00000E+00
  -15455.000       -0.14192924E+03           0.00000E+00
  -15450.000       -0.14096564E+03           0.00000E+00
  -15445.000       -0.14000505E+03           0.00000E+00
  -15440.000       -0.13904945E+03           0.00000E+00
  -15435.000       -0.13809586E+03           0.00000E+00
  -15430.000       -0.13714626E+03           0.00000E+00
  -15425.000       -0.13619967E+03           0.00000E+00
  -15420.000       -0.13525707E+03           0.00000E+00
  -15415.000       -0.13431748E+03           0.00000E+00
  -15410.000       -0.13338088E+03           0.00000E+00
  -15405.000       -0.13244789E+03           0.00000E+00
  -15400.000       -0.13151829E+03           0.00000E+00
  -15395.000       -0.13059239E+03           0.00000E+00
  -15390.000       -0.12966920E+03           0.00000E+00
  -15385.000       -0.12874980E+03           0.00000E+00
  -15380.000       -0.12783361E+03           0.00000E+00
  -15375.000       -0.12692081E+03           0.00000E+00
  -15370.000       -0.12601152E+03           0.00000E+00
  -15365.000       -0.12510532E+03           0.00000E+00
  -15360.000       -0.12420233E+03           0.00000E+00
  -15355.000       -0.12330323E+03           0.00000E+00
  -15350.000       -0.12240704E+03           0.00000E+00
  -15345.000       -0.12151454E+03           0.00000E+00
  -15340.000       -0.12062515E+03           0.00000E+00
  -15335.000       -0.11973885E+03           0.00000E+00
  -15330.000       -0.11885606E+03           0.00000E+00
  -15325.000       -0.11797666E+03           0.00000E+00
  -15320.000       -0.11710047E+03           0.00000E+00
  -15315.000       -0.11622777E+03           0.00000E+00
  -15310.000       -0.11535808E+03           0.00000E+00
  -15305.000       -0.11449208E+03           0.00000E+00
  -15300.000       -0.11362939E+03           0.00000E+00
  -15295.000       -0.11276969E+03           0.00000E+00
  -15290.000       -0.11191349E+03           0.00000E+00
  -15285.000       -0.11106050E+03           0.00000E+00
  -15280.000       -0.11021080E+03           0.00000E+00
  -15275.000       -0.10936441E+03           0.00000E+00
  -15270.000       -0.10852151E+03           0.00000E+00
  -15265.000       -0.10768152E+03           0.00000E+00
  -15260.000       -0.10684522E+03           0.00000E+00
  -15255.000       -0.10601203E+03           0.00000E+00
  -15250.000       -0.10518213E+03           0.00000E+00
  -15245.000       -0.10435574E+03           0.00000E+00
  -15240.000       -0.10353224E+03           0.00000E+00
  -15235.000       -0.10271255E+03           0.00000E+00
  -15230.000       -0.10189565E+03           0.00000E+00
  -15225.000       -0.10108196E+03           0.00000E+00
  -15220.000       -0.10027186E+03           0.00000E+00
  -15215.000       -0.99465366E+02           0.00000E+00
  -15210.000       -0.98661371E+02           0.00000E+00
  -15205.000       -0.97861376E+02           0.00000E+00
  -15200.000       -0.97063880E+02           0.00000E+00
  -15195.000       -0.96269985E+02           0.00000E+00
  -15190.000       -0.95479690E+02           0.00000E+00
  -15185.000       -0.94692295E+02           0.00000E+00
  -15180.000       -0.93908299E+02           0.00000E+00
  -15175.000       -0.93127304E+02           0.00000E+00
  -15170.000       -0.92349809E+02           0.00000E+00
  -15165.000       -0.91575414E+02           0.00000E+00
  -15160.000       -0.90804318E+02           0.00000E+00
  -15155.000       -0.90036223E+02           0.00000E+00
  -15150.000       -0.89271828E+02           0.00000E+00
  -15145.000       -0.88510433E+02           0.00000E+00
  -15140.000       -0.87752537E+02           0.00000E+00
  -15135.000       -0.86997342E+02           0.00000E+00
  -15130.000       -0.86245847E+02           0.00000E+00
  -15125.000       -0.85497252E+02           0.00000E+00
  -15120.000       -0.84752057E+02           0.00000E+00
  -15115.000       -0.84010161E+02           0.00000E+00
  -15110.000       -0.83271666E+02           0.00000E+00
  -15105.000       -0.82535771E+02           0.00000E+00
  -15100.000       -0.81803676E+02           0.00000E+00
  -15095.000       -0.81074680E+02           0.00000E+00
  -15090.000       -0.80348785E+02           0.00000E+00
  -15085.000       -0.79626090E+02           0.00000E+00
  -15080.000       -0.78906495E+02           0.00000E+00
  -15075.000       -0.78190099E+02           0.00000E+00
  -15070.000       -0.77476804E+02           0.00000E+00
  -15065.000       -0.76767309E+02           0.00000E+00
  -15060.000       -0.76060514E+02           0.00000E+00
  -15055.000       -0.75356918E+02           0.00000E+00
  -15050.000       -0.74656723E+02           0.00000E+00
  -15045.000       -0.73959628E+02           0.00000E+00
  -15040.000       -0.73265933E+02           0.00000E+00
  -15035.000       -0.72575237E+02           0.00000E+00
  -15030.000       -0.71887542E+02           0.00000E+00
  -15025.000       -0.71203147E+02           0.00000E+00
  -15020.000       -0.70521852E+02           0.00000E+00
  -15015.000       -0.69843756E+02           0.00000E+00
  -15010.000       -0.69168761E+02           0.00000E+00
  -15005.000       -0.68497366E+02           0.17864E-29
  -15000.000       -0.67828971E+02           0.34854E-29
  -14995.000       -0.67163675E+02           0.67793E-29
  -14990.000       -0.66501480E+02           0.13145E-28
  -14985.000       -0.65842285E+02           0.25413E-28
  -14980.000       -0.65186690E+02           0.48953E-28
  -14975.000       -0.64533994E+02           0.94025E-28
  -14970.000       -0.63884399E+02           0.18004E-27
  -14965.000       -0.63238004E+02           0.34362E-27
  -14960.000       -0.62594809E+02           0.65376E-27
  -14955.000       -0.61954613E+02           0.12401E-26
  -14950.000       -0.61317718E+02           0.23445E-26
  -14945.000       -0.60683723E+02           0.44197E-26
  -14940.000       -0.60053028E+02           0.83043E-26
  -14935.000       -0.59425432E+02           0.15555E-25
  -14930.000       -0.58801237E+02           0.29037E-25
  -14925.000       -0.58179942E+02           0.54047E-25
  -14920.000       -0.57561847E+02           0.10028E-24
  -14915.000       -0.56946651E+02           0.18552E-24
  -14910.000       -0.56334856E+02           0.34204E-24
  -14905.000       -0.55726361E+02           0.62856E-24
  -14900.000       -0.55120666E+02           0.11519E-23
  -14895.000       -0.54517971E+02           0.21045E-23
  -14890.000       -0.53918475E+02           0.38327E-23
  -14885.000       -0.53322080E+02           0.69585E-23
  -14880.000       -0.52728885E+02           0.12593E-22
  -14875.000       -0.52138590E+02           0.22725E-22
  -14870.000       -0.51551994E+02           0.40856E-22
  -14865.000       -0.50967999E+02           0.73262E-22
  -14860.000       -0.50387004E+02           0.13098E-21
  -14855.000       -0.49809409E+02           0.23337E-21
  -14850.000       -0.49234813E+02           0.41456E-21
  -14845.000       -0.48663018E+02           0.73438E-21
  -14840.000       -0.48094723E+02           0.12964E-20
  -14835.000       -0.47529528E+02           0.22813E-20
  -14830.000       -0.46966932E+02           0.40042E-20
  -14825.000       -0.46407737E+02           0.70045E-20
  -14820.000       -0.45851642E+02           0.12215E-19
  -14815.000       -0.45298847E+02           0.21231E-19
  -14810.000       -0.44748751E+02           0.36801E-19
  -14805.000       -0.44201556E+02           0.63607E-19
  -14800.000       -0.43657961E+02           0.10954E-18
  -14795.000       -0.43117266E+02           0.18811E-18
  -14790.000       -0.42579470E+02           0.32209E-18
  -14785.000       -0.42044875E+02           0.54972E-18
  -14780.000       -0.41513180E+02           0.93552E-18
  -14775.000       -0.40984685E+02           0.15870E-17
  -14770.000       -0.40459189E+02           0.26841E-17
  -14765.000       -0.39936694E+02           0.45260E-17
  -14760.000       -0.39417299E+02           0.76082E-17
  -14755.000       -0.38900804E+02           0.12753E-16
  -14750.000       -0.38387808E+02           0.21300E-16
  -14745.000       -0.37877413E+02           0.35485E-16
  -14740.000       -0.37369918E+02           0.58946E-16
  -14735.000       -0.36865923E+02           0.97574E-16
  -14730.000       -0.36364627E+02           0.16108E-15
  -14725.000       -0.35866632E+02           0.26504E-15
  -14720.000       -0.35371437E+02           0.43489E-15
  -14715.000       -0.34879242E+02           0.71144E-15
  -14710.000       -0.34390246E+02           0.11601E-14
  -14705.000       -0.33904051E+02           0.18865E-14
  -14700.000       -0.33421256E+02           0.30573E-14
  -14695.000       -0.32941261E+02           0.49407E-14
  -14690.000       -0.32463766E+02           0.79646E-14
  -14685.000       -0.31989870E+02           0.12793E-13
  -14680.000       -0.31518875E+02           0.20489E-13
  -14675.000       -0.31050980E+02           0.32714E-13
  -14670.000       -0.30585885E+02           0.52086E-13
  -14665.000       -0.30123889E+02           0.82673E-13
  -14660.000       -0.29665094E+02           0.13080E-12
  -14655.000       -0.29208899E+02           0.20641E-12
  -14650.000       -0.28756104E+02           0.32463E-12
  -14645.000       -0.28305708E+02           0.50932E-12
  -14640.000       -0.27858813E+02           0.79629E-12
  -14635.000       -0.27414618E+02           0.12416E-11
  -14630.000       -0.26973523E+02           0.19300E-11
  -14625.000       -0.26535427E+02           0.29910E-11
  -14620.000       -0.26100232E+02           0.46218E-11
  -14615.000       -0.25668437E+02           0.71177E-11
  -14610.000       -0.25238942E+02           0.10936E-10
  -14605.000       -0.24812846E+02           0.16746E-10
  -14600.000       -0.24389451E+02           0.25574E-10
  -14595.000       -0.23969256E+02           0.38930E-10
  -14590.000       -0.23551861E+02           0.59096E-10
  -14585.000       -0.23137565E+02           0.89430E-10
  -14580.000       -0.22726070E+02           0.13496E-09
  -14575.000       -0.22317775E+02           0.20301E-09
  -14570.000       -0.21912080E+02           0.30458E-09
  -14565.000       -0.21509584E+02           0.45552E-09
  -14560.000       -0.21109889E+02           0.67935E-09
  -14555.000       -0.20713194E+02           0.10101E-08
  -14550.000       -0.20319599E+02           0.14973E-08
  -14545.000       -0.19928703E+02           0.22135E-08
  -14540.000       -0.19540908E+02           0.32621E-08
  -14535.000       -0.19156013E+02           0.47935E-08
  -14530.000       -0.18774018E+02           0.70234E-08
  -14525.000       -0.18395022E+02           0.10260E-07
  -14520.000       -0.18018827E+02           0.14946E-07
  -14515.000       -0.17645732E+02           0.21705E-07
  -14510.000       -0.17275537E+02           0.31429E-07
  -14505.000       -0.16908041E+02           0.45387E-07
  -14500.000       -0.16543846E+02           0.65328E-07
  -14495.000       -0.16182451E+02           0.93767E-07
  -14490.000       -0.15823856E+02           0.13421E-06
  -14485.000       -0.15468260E+02           0.19152E-06
  -14480.000       -0.15115565E+02           0.27252E-06
  -14475.000       -0.14765970E+02           0.38656E-06
  -14470.000       -0.14418975E+02           0.54691E-06
  -14465.000       -0.14075080E+02           0.77138E-06
  -14460.000       -0.13733984E+02           0.10849E-05
  -14455.000       -0.13395889E+02           0.15214E-05
  -14450.000       -0.13060594E+02           0.21274E-05
  -14445.000       -0.12728199E+02           0.29663E-05
  -14440.000       -0.12399103E+02           0.41223E-05
  -14435.000       -0.12072308E+02           0.57156E-05
  -14430.000       -0.11748813E+02           0.78987E-05
  -14425.000       -0.11428118E+02           0.10885E-04
  -14420.000       -0.11110322E+02           0.14957E-04
  -14415.000       -0.10795427E+02           0.20493E-04
  -14410.000       -0.10483632E+02           0.27991E-04
  -14405.000       -0.10174537E+02           0.38129E-04
  -14400.000       -0.98682413E+01           0.51794E-04
  -14395.000       -0.95649461E+01           0.70145E-04
  -14390.000       -0.92645509E+01           0.94723E-04
  -14385.000       -0.89668556E+01           0.12757E-03
  -14380.000       -0.86726604E+01           0.17120E-03
  -14375.000       -0.83809651E+01           0.22919E-03
  -14370.000       -0.80920699E+01           0.30596E-03
  -14365.000       -0.78060746E+01           0.40725E-03
  -14360.000       -0.75231794E+01           0.54041E-03
  -14355.000       -0.72429841E+01           0.71517E-03
  -14350.000       -0.69656889E+01           0.94371E-03
  -14345.000       -0.66915937E+01           0.12413E-02
  -14340.000       -0.64199984E+01           0.16287E-02
  -14335.000       -0.61515032E+01           0.21303E-02
  -14330.000       -0.58858779E+01           0.27784E-02
  -14325.000       -0.56231627E+01           0.36132E-02
  -14320.000       -0.53633574E+01           0.46851E-02
  -14315.000       -0.51063822E+01           0.60580E-02
  -14310.000       -0.48524369E+01           0.78093E-02
  -14305.000       -0.46013217E+01           0.10039E-01
  -14300.000       -0.43529265E+01           0.12869E-01
  -14295.000       -0.41075812E+01           0.16448E-01
  -14290.000       -0.38652560E+01           0.20958E-01
  -14285.000       -0.36256907E+01           0.26631E-01
  -14280.000       -0.33892555E+01           0.33734E-01
  -14275.000       -0.31553002E+01           0.42626E-01
  -14270.000       -0.29245850E+01           0.53687E-01
  -14265.000       -0.26966097E+01           0.67434E-01
  -14260.000       -0.24716445E+01           0.84446E-01
  -14255.000       -0.22496793E+01           0.10543E+00
  -14250.000       -0.20305240E+01           0.13127E+00
  -14245.000       -0.18141688E+01           0.16297E+00
  -14240.000       -0.16009535E+01           0.20170E+00
  -14235.000       -0.13908183E+01           0.24887E+00
  -14230.000       -0.11832030E+01           0.30630E+00
  -14225.000       -0.97856779E+00           0.37585E+00
  -14220.000       -0.77705255E+00           0.45976E+00
  -14215.000       -0.57831730E+00           0.56084E+00
  -14210.000       -0.38275006E+00           0.68198E+00
  -14205.000       -0.18992881E+00           0.82702E+00
  -14200.000        0.00000000E+00           0.10000E+01
