  -19950.000       -0.55465534E+03           0.00000E+00
  -19945.000       -0.55214655E+03           0.00000E+00
  -19940.000       -0.54964275E+03           0.00000E+00
  -19935.000       -0.54714496E+03           0.00000E+00
  -19930.000       -0.54465217E+03           0.00000E+00
  -19925.000       -0.54216638E+03           0.00000E+00
  -19920.000       -0.53968759E+03           0.00000E+00
  -19915.000       -0.53721280E+03           0.00000E+00
  -19910.000       -0.53474500E+03           0.00000E+00
  -19905.000       -0.53228321E+03           0.00000E+00
  -19900.000       -0.52982542E+03           0.00000E+00
  -19895.000       -0.52737563E+03           0.00000E+00
  -19890.000       -0.52493084E+03           0.00000E+00
  -19885.000       -0.52249305E+03           0.00000E+00
  -19880.000       -0.52006125E+03           0.00000E+00
  -19875.000       -0.51763246E+03           0.00000E+00
  -19870.000       -0.51521267E+03           0.00000E+00
  -19865.000       -0.51279888E+03           0.00000E+00
  -19860.000       -0.51038909E+03           0.00000E+00
  -19855.000       -0.50798730E+03           0.00000E+00
  -19850.000       -0.50559050E+03           0.00000E+00
  -19845.000       -0.50319971E+03           0.00000E+00
  -19840.000       -0.50081492E+03           0.00000E+00
  -19835.000       -0.49843613E+03           0.00000E+00
  -19830.000       -0.49606334E+03           0.00000E+00
  -19825.000       -0.49369655E+03           0.00000E+00
  -19820.000       -0.49133575E+03           0.00000E+00
  -19815.000       -0.48898096E+03           0.00000E+00
  -19810.000       -0.48663417E+03           0.00000E+00
  -19805.000       -0.48429138E+03           0.00000E+00
  -19800.000       -0.48195359E+03           0.00000E+00
  -19795.000       -0.47962480E+03           0.00000E+00
  -19790.000       -0.47729900E+03           0.00000E+00
  -19785.000       -0.47498121E+03           0.00000E+00
  -19780.000       -0.47267042E+03           0.00000E+00
  -19775.000       -0.47036263E+03           0.00000E+00
  -19770.000       -0.46806284E+03           0.00000E+00
  -19765.000       -0.46577005E+03           0.00000E+00
  -19760.000       -0.46348125E+03           0.00000E+00
  -19755.000       -0.46120046E+03           0.00000E+00
  -19750.000       -0.45892367E+03           0.00000E+00
  -19745.000       -0.45665388E+03           0.00000E+00
  -19740.000       -0.45439109E+03           0.00000E+00
  -19735.000       -0.45213330E+03           0.00000E+00
  -19730.000       -0.44988150E+03           0.00000E+00
  -19725.000       -0.44763771E+03           0.00000E+00
  -19720.000       -0.44539692E+03           0.00000E+00
  -19715.000       -0.44316413E+03           0.00000E+00
  -19710.000       -0.44093534E+03           0.00000E+00
  -19705.000       -0.43871555E+03           0.00000E+00
  -19700.000       -0.43650075E+03           0.00000E+00
  -19695.000       -0.43429196E+03           0.00000E+00
  -19690.000       -0.43208817E+03           0.00000E+00
  -19685.000       -0.42989238E+03           0.00000E+00
  -19680.000       -0.42770259E+03           0.00000E+00
  -19675.000       -0.42551780E+03           0.00000E+00
  -19670.000       -0.42333800E+03           0.00000E+00
  -19665.000       -0.42116521E+03           0.00000E+00
  -19660.000       -0.41899942E+03           0.00000E+00
  -19655.000       -0.41683963E+03           0.00000E+00
  -19650.000       -0.41468484E+03           0.00000E+00
  -19645.000       -0.41253605E+03           0.00000E+00
  -19640.000       -0.41039525E+03           0.00000E+00
  -19635.000       -0.40825846E+03           0.00000E+00
  -19630.000       -0.40612867E+03           0.00000E+00
  -19625.000       -0.40400588E+03           0.00000E+00
  -19620.000       -0.40188709E+03           0.00000E+00
  -19615.000       -0.39977530E+03           0.00000E+00
  -19610.000       -0.39766950E+03           0.00000E+00
  -19605.000       -0.39556971E+03           0.00000E+00
  -19600.000       -0.39347592E+03           0.00000E+00
  -19595.000       -0.39138813E+03           0.00000E+00
  -19590.000       -0.38930534E+03           0.00000E+00
  -19585.000       -0.38723255E+03           0.00000E+00
  -19580.000       -0.38516175E+03           0.00000E+00
  -19575.000       -0.38309896E+03           0.00000E+00
  -19570.000       -0.38104117E+03           0.00000E+00
  -19565.000       -0.37898938E+03           0.00000E+00
  -19560.000       -0.37694459E+03           0.00000E+00
  -19555.000       -0.37490480E+03           0.00000E+00
  -19550.000       -0.37287100E+03           0.00000E+00
  -19545.000       -0.37084321E+03           0.00000E+00
  -19540.000       -0.36882342E+03           0.00000E+00
  -19535.000       -0.36680663E+03           0.00000E+00
  -19530.000       -0.36479784E+03           0.00000E+00
  -19525.000       -0.36279505E+03           0.00000E+00
  -19520.000       -0.36079725E+03           0.00000E+00
  -19515.000       -0.35880646E+03           0.00000E+00
  -19510.000       -0.35682067E+03           0.00000E+00
  -19505.000       -0.35484088E+03           0.00000E+00
  -19500.000       -0.35286809E+03           0.00000E+00
  -19495.000       -0.35090030E+03           0.00000E+00
  -19490.000       -0.34893850E+03           0.00000E+00
  -19485.000       -0.34698371E+03           0.00000E+00
  -19480.000       -0.34503492E+03           0.00000E+00
  -19475.000       -0.34309113E+03           0.00000E+00
  -19470.000       -0.34115334E+03           0.00000E+00
  -19465.000       -0.33922155E+03           0.00000E+00
  -19460.000       -0.33729575E+03           0.00000E+00
  -19455.000       -0.33537696E+03           0.00000E+00
  -19450.000       -0.33346317E+03           0.00000E+00
  -19445.000       -0.33155438E+03           0.00000E+00
  -19440.000       -0.32965359E+03           0.00000E+00
  -19435.000       -0.32775680E+03           0.00000E+00
  -19430.000       -0.32586700E+03           0.00000E+00
  -19425.000       -0.32398321E+03           0.00000E+00
  -19420.000       -0.32210542E+03           0.00000E+00
  -19415.000       -0.32023363E+03           0.00000E+00
  -19410.000       -0.31836684E+03           0.00000E+00
  -19405.000       -0.31650605E+03           0.00000E+00
  -19400.000       -0.31465125E+03           0.00000E+00
  -19395.000       -0.31280246E+03           0.00000E+00
  -19390.000       -0.31096067E+03           0.00000E+00
  -19385.000       -0.30912388E+03           0.00000E+00
  -19380.000       -0.30729309E+03           0.00000E+00
  -19375.000       -0.30546830E+03           0.00000E+00
  -19370.000       -0.30364850E+03           0.00000E+00
  -19365.000       -0.30183571E+03           0.00000E+00
  -19360.000       -0.30002892E+03           0.00000E+00
  -19355.000       -0.29822713E+03           0.00000E+00
  -19350.000       -0.29643134E+03           0.00000E+00
  -19345.000       -0.29464155E+03           0.00000E+00
  -19340.000       -0.29285775E+03           0.00000E+00
  -19335.000       -0.29107896E+03           0.00000E+00
  -19330.000       -0.28930817E+03           0.00000E+00
  -19325.000       -0.28754238E+03           0.00000E+00
  -19320.000       -0.28578059E+03           0.00000E+00
  -19315.000       -0.28402580E+03           0.00000E+00
  -19310.000       -0.28227600E+03           0.00000E+00
  -19305.000       -0.28053321E+03           0.00000E+00
  -19300.000       -0.27879742E+03           0.00000E+00
  -19295.000       -0.27706563E+03           0.00000E+00
  -19290.000       -0.27533884E+03           0.00000E+00
  -19285.000       -0.27361805E+03           0.00000E+00
  -19280.000       -0.27190625E+03           0.00000E+00
  -19275.000       -0.27019846E+03           0.00000E+00
  -19270.000       -0.26849567E+03           0.00000E+00
  -19265.000       -0.26679988E+03           0.00000E+00
  -19260.000       -0.26510709E+03           0.00000E+00
  -19255.000       -0.26342230E+03           0.00000E+00
  -19250.000       -0.26174450E+03           0.00000E+00
  -19245.000       -0.26006971E+03           0.00000E+00
  -19240.000       -0.25840192E+03           0.00000E+00
  -19235.000       -0.25673913E+03           0.00000E+00
  -19230.000       -0.25508234E+03           0.00000E+00
  -19225.000       -0.25343255E+03           0.00000E+00
  -19220.000       -0.25178775E+03           0.00000E+00
  -19215.000       -0.25014996E+03           0.00000E+00
  -19210.000       -0.24851717E+03           0.00000E+00
  -19205.000       -0.24688838E+03           0.00000E+00
  -19200.000       -0.24526659E+03           0.00000E+00
  -19195.000       -0.24365080E+03           0.00000E+00
  -19190.000       -0.24204100E+03           0.00000E+00
  -19185.000       -0.24043521E+03           0.00000E+00
  -19180.000       -0.23883642E+03           0.00000E+00
  -19175.000       -0.23724363E+03           0.00000E+00
  -19170.000       -0.23565684E+03           0.00000E+00
  -19165.000       -0.23407404E+03           0.00000E+00
  -19160.000       -0.23249825E+03           0.00000E+00
  -19155.000       -0.23092846E+03           0.00000E+00
  -19150.000       -0.22936367E+03           0.00000E+00
  -19145.000       -0.22780388E+03           0.00000E+00
  -19140.000       -0.22625109E+03           0.00000E+00
  -19135.000       -0.22470229E+03           0.00000E+00
  -19130.000       -0.22316150E+03           0.00000E+00
  -19125.000       -0.22162471E+03           0.00000E+00
  -19120.000       -0.22009492E+03           0.00000E+00
  -19115.000       -0.21856913E+03           0.00000E+00
  -19110.000       -0.21704934E+03           0.00000E+00
  -19105.000       -0.21553754E+03           0.00000E+00
  -19100.000       -0.21402775E+03           0.00000E+00
  -19095.000       -0.21252496E+03           0.00000E+00
  -19090.000       -0.21102917E+03           0.00000E+00
  -19085.000       -0.20953738E+03           0.00000E+00
  -19080.000       -0.20805259E+03           0.00000E+00
  -19075.000       -0.20657279E+03           0.00000E+00
  -19070.000       -0.20509800E+03           0.00000E+00
  -19065.000       -0.20363021E+03           0.00000E+00
  -19060.000       -0.20216742E+03           0.00000E+00
  -19055.000       -0.20070863E+03           0.00000E+00
  -19050.000       -0.19925684E+03           0.00000E+00
  -19045.000       -0.19781104E+03           0.00000E+00
  -19040.000       -0.19637025E+03           0.00000E+00
  -19035.000       -0.19493446E+03           0.00000E+00
  -19030.000       -0.19350667E+03           0.00000E+00
  -19025.000       -0.19208188E+03           0.00000E+00
  -19020.000       -0.19066409E+03           0.00000E+00
  -19015.000       -0.18925129E+03           0.00000E+00
  -19010.000       -0.18784350E+03           0.00000E+00
  -19005.000       -0.18644271E+03           0.00000E+00
  -19000.000       -0.18504692E+03           0.00000E+00
  -18995.000       -0.18365613E+03           0.00000E+00
  -18990.000       -0.18227134E+03           0.00000E+00
  -18985.000       -0.18089254E+03           0.00000E+00
  -18980.000       -0.17951775E+03           0.00000E+00
  -18975.000       -0.17814996E+03           0.00000E+00
  -18970.000       -0.17678717E+03           0.00000E+00
  -18965.000       -0.17543038E+03           0.00000E+00
  -18960.000       -0.17407859E+03           0.00000E+00
  -18955.000       -0.17273379E+03           0.00000E+00
  -18950.000       -0.17139300E+03           0.00000E+00
  -18945.000       -0.17005721E+03           0.00000E+00
  -18940.000       -0.16872842E+03           0.00000E+00
  -18935.000       -0.16740363E+03           0.00000E+00
  -18930.000       -0.16608484E+03           0.00000E+00
  -18925.000       -0.16477204E+03           0.00000E+00
  -18920.000       -0.16346525E+03           0.00000E+00
  -18915.000       -0.16216346E+03           0.00000E+00
  -18910.000       -0.16086667E+03           0.00000E+00
  -18905.000       -0.15957588E+03           0.00000E+00
  -18900.000       -0.15829009E+03           0.00000E+00
  -18895.000       -0.15700929E+03           0.00000E+00
  -18890.000       -0.15573550E+03           0.00000E+00
  -18885.000       -0.15446671E+03           0.00000E+00
  -18880.000       -0.15320292E+03           0.00000E+00
  -18875.000       -0.15194513E+03           0.00000E+00
  -18870.000       -0.15069234E+03           0.00000E+00
  -18865.000       -0.14944554E+03           0.00000E+00
  -18860.000       -0.14820375E+03           0.00000E+00
  -18855.000       -0.14696796E+03           0.00000E+00
  -18850.000       -0.14573617E+03           0.00000E+00
  -18845.000       -0.14451038E+03           0.00000E+00
  -18840.000       -0.14329059E+03           0.00000E+00
  -18835.000       -0.14207679E+03           0.00000E+00
  -18830.000       -0.14086700E+03           0.00000E+00
  -18825.000       -0.13966321E+03           0.00000E+00
  -18820.000       -0.13846542E+03           0.00000E+00
  -18815.000       -0.13727263E+03           0.00000E+00
  -18810.000       -0.13608584E+03           0.00000E+00
  -18805.000       -0.13490404E+03           0.00000E+00
  -18800.000       -0.13372825E+03           0.00000E+00
  -18795.000       -0.13255646E+03           0.00000E+00
  -18790.000       -0.13139067E+03           0.00000E+00
  -18785.000       -0.13022988E+03           0.00000E+00
  -18780.000       -0.12907509E+03           0.00000E+00
  -18775.000       -0.12792629E+03           0.00000E+00
  -18770.000       -0.12678250E+03           0.00000E+00
  -18765.000       -0.12564371E+03           0.00000E+00
  -18760.000       -0.12451092E+03           0.00000E+00
  -18755.000       -0.12338313E+03           0.00000E+00
  -18750.000       -0.12226034E+03           0.00000E+00
  -18745.000       -0.12114254E+03           0.00000E+00
  -18740.000       -0.12003175E+03           0.00000E+00
  -18735.000       -0.11892496E+03           0.00000E+00
  -18730.000       -0.11782517E+03           0.00000E+00
  -18725.000       -0.11672838E+03           0.00000E+00
  -18720.000       -0.11563859E+03           0.00000E+00
  -18715.000       -0.11455279E+03           0.00000E+00
  -18710.000       -0.11347400E+03           0.00000E+00
  -18705.000       -0.11239921E+03           0.00000E+00
  -18700.000       -0.11133142E+03           0.00000E+00
  -18695.000       -0.11026763E+03           0.00000E+00
  -18690.000       -0.10920884E+03           0.00000E+00
  -18685.000       -0.10815704E+03           0.00000E+00
  -18680.000       -0.10710825E+03           0.00000E+00
  -18675.000       -0.10606546E+03           0.00000E+00
  -18670.000       -0.10502867E+03           0.00000E+00
  -18665.000       -0.10399788E+03           0.00000E+00
  -18660.000       -0.10297109E+03           0.00000E+00
  -18655.000       -0.10195129E+03           0.00000E+00
  -18650.000       -0.10093550E+03           0.00000E+00
  -18645.000       -0.99924711E+02           0.00000E+00
  -18640.000       -0.98919919E+02           0.00000E+00
  -18635.000       -0.97920127E+02           0.00000E+00
  -18630.000       -0.96925335E+02           0.00000E+00
  -18625.000       -0.95936544E+02           0.00000E+00
  -18620.000       -0.94952752E+02           0.00000E+00
  -18615.000       -0.93974960E+02           0.00000E+00
  -18610.000       -0.93001169E+02           0.00000E+00
  -18605.000       -0.92033377E+02           0.00000E+00
  -18600.000       -0.91069585E+02           0.00000E+00
  -18595.000       -0.90112794E+02           0.00000E+00
  -18590.000       -0.89161002E+02           0.00000E+00
  -18585.000       -0.88214210E+02           0.00000E+00
  -18580.000       -0.87273419E+02           0.00000E+00
  -18575.000       -0.86337627E+02           0.00000E+00
  -18570.000       -0.85405835E+02           0.00000E+00
  -18565.000       -0.84480044E+02           0.00000E+00
  -18560.000       -0.83559252E+02           0.00000E+00
  -18555.000       -0.82643460E+02           0.00000E+00
  -18550.000       -0.81733669E+02           0.00000E+00
  -18545.000       -0.80827877E+02           0.00000E+00
  -18540.000       -0.79929085E+02           0.00000E+00
  -18535.000       -0.79034294E+02           0.00000E+00
  -18530.000       -0.78145502E+02           0.00000E+00
  -18525.000       -0.77262710E+02           0.00000E+00
  -18520.000       -0.76382919E+02           0.00000E+00
  -18515.000       -0.75510127E+02           0.00000E+00
  -18510.000       -0.74641335E+02           0.00000E+00
  -18505.000       -0.73778544E+02           0.00000E+00
  -18500.000       -0.72920752E+02           0.00000E+00
  -18495.000       -0.72067960E+02           0.00000E+00
  -18490.000       -0.71222169E+02           0.00000E+00
  -18485.000       -0.70378377E+02           0.00000E+00
  -18480.000       -0.69541585E+02           0.00000E+00
  -18475.000       -0.68709793E+02           0.14445E-29
  -18470.000       -0.67883002E+02           0.33021E-29
  -18465.000       -0.67062210E+02           0.75033E-29
  -18460.000       -0.66246418E+02           0.16965E-28
  -18455.000       -0.65434627E+02           0.38203E-28
  -18450.000       -0.64628835E+02           0.85517E-28
  -18445.000       -0.63828043E+02           0.19047E-27
  -18440.000       -0.63033252E+02           0.42170E-27
  -18435.000       -0.62242460E+02           0.92991E-27
  -18430.000       -0.61455668E+02           0.20424E-26
  -18425.000       -0.60675877E+02           0.44545E-26
  -18420.000       -0.59902085E+02           0.96573E-26
  -18415.000       -0.59133293E+02           0.20832E-25
  -18410.000       -0.58367502E+02           0.44804E-25
  -18405.000       -0.57608710E+02           0.95687E-25
  -18400.000       -0.56853918E+02           0.20354E-24
  -18395.000       -0.56105127E+02           0.43038E-24
  -18390.000       -0.55361335E+02           0.90548E-24
  -18385.000       -0.54621543E+02           0.18974E-23
  -18380.000       -0.53887752E+02           0.39523E-23
  -18375.000       -0.53159960E+02           0.81832E-23
  -18370.000       -0.52436168E+02           0.16876E-22
  -18365.000       -0.51717377E+02           0.34628E-22
  -18360.000       -0.51005585E+02           0.70560E-22
  -18355.000       -0.50296793E+02           0.14334E-21
  -18350.000       -0.49594002E+02           0.28947E-21
  -18345.000       -0.48896210E+02           0.58163E-21
  -18340.000       -0.48203418E+02           0.11628E-20
  -18335.000       -0.47515627E+02           0.23133E-20
  -18330.000       -0.46832835E+02           0.45789E-20
  -18325.000       -0.46155043E+02           0.90182E-20
  -18320.000       -0.45483251E+02           0.17655E-19
  -18315.000       -0.44815460E+02           0.34427E-19
  -18310.000       -0.44153668E+02           0.66728E-19
  -18305.000       -0.43495876E+02           0.12882E-18
  -18300.000       -0.42844085E+02           0.24720E-18
  -18295.000       -0.42197293E+02           0.47201E-18
  -18290.000       -0.41554501E+02           0.89765E-18
  -18285.000       -0.40918710E+02           0.16952E-17
  -18280.000       -0.40286918E+02           0.31887E-17
  -18275.000       -0.39660126E+02           0.59680E-17
  -18270.000       -0.39038335E+02           0.11114E-16
  -18265.000       -0.38420543E+02           0.20614E-16
  -18260.000       -0.37809751E+02           0.37969E-16
  -18255.000       -0.37202960E+02           0.69656E-16
  -18250.000       -0.36601168E+02           0.12715E-15
  -18245.000       -0.36005376E+02           0.23071E-15
  -18240.000       -0.35413585E+02           0.41694E-15
  -18235.000       -0.34827793E+02           0.74900E-15
  -18230.000       -0.34246001E+02           0.13401E-14
  -18225.000       -0.33669210E+02           0.23859E-14
  -18220.000       -0.33098418E+02           0.42222E-14
  -18215.000       -0.32531626E+02           0.74421E-14
  -18210.000       -0.31971835E+02           0.13026E-13
  -18205.000       -0.31414043E+02           0.22754E-13
  -18200.000       -0.30863251E+02           0.39469E-13
  -18195.000       -0.30316460E+02           0.68191E-13
  -18190.000       -0.29776668E+02           0.11699E-12
  -18185.000       -0.29239876E+02           0.20012E-12
  -18180.000       -0.28709085E+02           0.34025E-12
  -18175.000       -0.28182293E+02           0.57622E-12
  -18170.000       -0.27661501E+02           0.96998E-12
  -18165.000       -0.27144709E+02           0.16263E-11
  -18160.000       -0.26633918E+02           0.27104E-11
  -18155.000       -0.26127126E+02           0.44992E-11
  -18150.000       -0.25626334E+02           0.74238E-11
  -18145.000       -0.25129543E+02           0.12201E-10
  -18140.000       -0.24637751E+02           0.19951E-10
  -18135.000       -0.24151959E+02           0.32429E-10
  -18130.000       -0.23671168E+02           0.52450E-10
  -18125.000       -0.23193376E+02           0.84576E-10
  -18120.000       -0.22722584E+02           0.13543E-09
  -18115.000       -0.22255793E+02           0.21599E-09
  -18110.000       -0.21794001E+02           0.34276E-09
  -18105.000       -0.21337209E+02           0.54121E-09
  -18100.000       -0.20885418E+02           0.85031E-09
  -18095.000       -0.20439626E+02           0.13280E-08
  -18090.000       -0.19996834E+02           0.20677E-08
  -18085.000       -0.19560043E+02           0.32002E-08
  -18080.000       -0.19127251E+02           0.49333E-08
  -18075.000       -0.18701459E+02           0.75520E-08
  -18070.000       -0.18278668E+02           0.11526E-07
  -18065.000       -0.17861876E+02           0.17486E-07
  -18060.000       -0.17449084E+02           0.26422E-07
  -18055.000       -0.17042293E+02           0.39685E-07
  -18050.000       -0.16638501E+02           0.59428E-07
  -18045.000       -0.16240709E+02           0.88461E-07
  -18040.000       -0.15849918E+02           0.13076E-06
  -18035.000       -0.15461126E+02           0.19289E-06
  -18030.000       -0.15078334E+02           0.28285E-06
  -18025.000       -0.14700543E+02           0.41270E-06
  -18020.000       -0.14327751E+02           0.59915E-06
  -18015.000       -0.13958959E+02           0.86637E-06
  -18010.000       -0.13595167E+02           0.12465E-05
  -18005.000       -0.13237376E+02           0.17827E-05
  -18000.000       -0.12883584E+02           0.25394E-05
  -17995.000       -0.12534792E+02           0.35992E-05
  -17990.000       -0.12191001E+02           0.50759E-05
  -17985.000       -0.11851209E+02           0.71299E-05
  -17980.000       -0.11517417E+02           0.99552E-05
  -17975.000       -0.11187626E+02           0.13844E-04
  -17970.000       -0.10862834E+02           0.19157E-04
  -17965.000       -0.10544042E+02           0.26350E-04
  -17960.000       -0.10229251E+02           0.36099E-04
  -17955.000       -0.99194590E+01           0.49208E-04
  -17950.000       -0.96146674E+01           0.66743E-04
  -17945.000       -0.93138757E+01           0.90164E-04
  -17940.000       -0.90180840E+01           0.12120E-03
  -17935.000       -0.87282923E+01           0.16194E-03
  -17930.000       -0.84435006E+01           0.21530E-03
  -17925.000       -0.81607090E+01           0.28566E-03
  -17920.000       -0.78849173E+01           0.37638E-03
  -17915.000       -0.76131256E+01           0.49393E-03
  -17910.000       -0.73473339E+01           0.64431E-03
  -17905.000       -0.70855423E+01           0.83712E-03
  -17900.000       -0.68287506E+01           0.10822E-02
  -17895.000       -0.65769589E+01           0.13921E-02
  -17890.000       -0.63301672E+01           0.17817E-02
  -17885.000       -0.60873755E+01           0.22714E-02
  -17880.000       -0.58495839E+01           0.28811E-02
  -17875.000       -0.56157922E+01           0.36399E-02
  -17870.000       -0.53890005E+01           0.45665E-02
  -17865.000       -0.51652088E+01           0.57119E-02
  -17860.000       -0.49474172E+01           0.71017E-02
  -17855.000       -0.47326255E+01           0.88033E-02
  -17850.000       -0.45228338E+01           0.10858E-01
  -17845.000       -0.43190421E+01           0.13313E-01
  -17840.000       -0.41202505E+01           0.16240E-01
  -17835.000       -0.39254588E+01           0.19733E-01
  -17830.000       -0.37356671E+01           0.23857E-01
  -17825.000       -0.35498754E+01           0.28728E-01
  -17820.000       -0.33700837E+01           0.34387E-01
  -17815.000       -0.31942921E+01           0.40996E-01
  -17810.000       -0.30235004E+01           0.48631E-01
  -17805.000       -0.28567087E+01           0.57458E-01
  -17800.000       -0.26949170E+01           0.67548E-01
  -17795.000       -0.25391254E+01           0.78935E-01
  -17790.000       -0.23863337E+01           0.91966E-01
  -17785.000       -0.22385420E+01           0.10661E+00
  -17780.000       -0.20967503E+01           0.12286E+00
  -17775.000       -0.19589586E+01           0.14101E+00
  -17770.000       -0.18261670E+01           0.16103E+00
  -17765.000       -0.16973753E+01           0.18316E+00
  -17760.000       -0.15735836E+01           0.20730E+00
  -17755.000       -0.14547919E+01           0.23345E+00
  -17750.000       -0.13400003E+01           0.26185E+00
  -17745.000       -0.12312086E+01           0.29194E+00
  -17740.000       -0.11254169E+01           0.32452E+00
  -17735.000       -0.10256252E+01           0.35857E+00
  -17730.000       -0.92983355E+00           0.39462E+00
  -17725.000       -0.83904187E+00           0.43212E+00
  -17720.000       -0.75325019E+00           0.47083E+00
  -17715.000       -0.67245852E+00           0.51045E+00
  -17710.000       -0.59466684E+00           0.55175E+00
  -17705.000       -0.52387516E+00           0.59222E+00
  -17700.000       -0.45608348E+00           0.63376E+00
  -17695.000       -0.39229181E+00           0.67551E+00
  -17690.000       -0.33450013E+00           0.71570E+00
  -17685.000       -0.28070845E+00           0.75525E+00
  -17680.000       -0.23291677E+00           0.79222E+00
  -17675.000       -0.18812510E+00           0.82851E+00
  -17670.000       -0.14833342E+00           0.86214E+00
  -17665.000       -0.11454174E+00           0.89177E+00
  -17660.000       -0.83750065E-01           0.91966E+00
  -17655.000       -0.57958387E-01           0.94369E+00
  -17650.000       -0.37166710E-01           0.96352E+00
  -17645.000       -0.20375032E-01           0.97983E+00
  -17640.000       -0.85833549E-02           0.99145E+00
  -17635.000       -0.17916774E-02           0.99821E+00
  -17630.000        0.00000000E+00           0.10000E+01
  -17625.000       -0.22083226E-02           0.99779E+00
  -17620.000       -0.84166451E-02           0.99162E+00
  -17615.000       -0.19624968E-01           0.98057E+00
  -17610.000       -0.35833290E-01           0.96480E+00
  -17605.000       -0.57041613E-01           0.94455E+00
  -17600.000       -0.82249935E-01           0.92104E+00
  -17595.000       -0.11145826E+00           0.89453E+00
  -17590.000       -0.14666658E+00           0.86358E+00
  -17585.000       -0.18587490E+00           0.83038E+00
  -17580.000       -0.22808323E+00           0.79606E+00
  -17575.000       -0.27729155E+00           0.75783E+00
  -17570.000       -0.32949987E+00           0.71928E+00
  -17565.000       -0.38670819E+00           0.67929E+00
  -17560.000       -0.44991652E+00           0.63768E+00
  -17555.000       -0.51512484E+00           0.59743E+00
  -17550.000       -0.58733316E+00           0.55581E+00
  -17545.000       -0.66254148E+00           0.51554E+00
  -17540.000       -0.74274981E+00           0.47580E+00
  -17535.000       -0.82795813E+00           0.43694E+00
  -17530.000       -0.91716645E+00           0.39965E+00
  -17525.000       -0.10103748E+01           0.36408E+00
  -17520.000       -0.11095831E+01           0.32970E+00
  -17515.000       -0.12117914E+01           0.29766E+00
  -17510.000       -0.13199997E+01           0.26714E+00
  -17505.000       -0.14322081E+01           0.23878E+00
  -17500.000       -0.15484164E+01           0.21258E+00
  -17495.000       -0.16696247E+01           0.18832E+00
  -17490.000       -0.17958330E+01           0.16599E+00
  -17485.000       -0.19260414E+01           0.14572E+00
  -17480.000       -0.20602497E+01           0.12742E+00
  -17475.000       -0.21994580E+01           0.11086E+00
  -17470.000       -0.23436663E+01           0.95975E-01
  -17465.000       -0.24918746E+01           0.82755E-01
  -17460.000       -0.26450830E+01           0.70999E-01
  -17455.000       -0.28022913E+01           0.60671E-01
  -17450.000       -0.29644996E+01           0.51586E-01
  -17445.000       -0.31297079E+01           0.43731E-01
  -17440.000       -0.33009163E+01           0.36849E-01
  -17435.000       -0.34761246E+01           0.30927E-01
  -17430.000       -0.36563329E+01           0.25827E-01
  -17425.000       -0.38405412E+01           0.21482E-01
  -17420.000       -0.40297495E+01           0.17779E-01
  -17415.000       -0.42229579E+01           0.14655E-01
  -17410.000       -0.44211662E+01           0.12020E-01
  -17405.000       -0.46223745E+01           0.98294E-02
  -17400.000       -0.48295828E+01           0.79899E-02
  -17395.000       -0.50397912E+01           0.64751E-02
  -17390.000       -0.52569995E+01           0.52109E-02
  -17385.000       -0.54762078E+01           0.41852E-02
  -17380.000       -0.57014161E+01           0.33412E-02
  -17375.000       -0.59296245E+01           0.26595E-02
  -17370.000       -0.61638328E+01           0.21042E-02
  -17365.000       -0.64010411E+01           0.16598E-02
  -17360.000       -0.66442494E+01           0.13015E-02
  -17355.000       -0.68904577E+01           0.10174E-02
  -17350.000       -0.71416661E+01           0.79143E-03
  -17345.000       -0.73978744E+01           0.61255E-03
  -17340.000       -0.76580827E+01           0.47221E-03
  -17335.000       -0.79232910E+01           0.36221E-03
  -17330.000       -0.81914994E+01           0.27700E-03
  -17325.000       -0.84647077E+01           0.21078E-03
  -17320.000       -0.87429160E+01           0.15959E-03
  -17315.000       -0.90251243E+01           0.12035E-03
  -17310.000       -0.93123326E+01           0.90304E-04
  -17305.000       -0.96035410E+01           0.67489E-04
  -17300.000       -0.98987493E+01           0.50237E-04
  -17295.000       -0.10197958E+02           0.37246E-04
  -17290.000       -0.10503166E+02           0.27449E-04
  -17285.000       -0.10812374E+02           0.20149E-04
  -17280.000       -0.11125583E+02           0.14731E-04
  -17275.000       -0.11442791E+02           0.10727E-04
  -17270.000       -0.11763999E+02           0.77796E-05
  -17265.000       -0.12091208E+02           0.56086E-05
  -17260.000       -0.12421416E+02           0.40313E-05
  -17255.000       -0.12756624E+02           0.28832E-05
  -17250.000       -0.13096833E+02           0.20517E-05
  -17245.000       -0.13440041E+02           0.14557E-05
  -17240.000       -0.13789249E+02           0.10266E-05
  -17235.000       -0.14141457E+02           0.72184E-06
  -17230.000       -0.14498666E+02           0.50502E-06
  -17225.000       -0.14859874E+02           0.35192E-06
  -17220.000       -0.15226082E+02           0.24400E-06
  -17215.000       -0.15596291E+02           0.16851E-06
  -17210.000       -0.15969499E+02           0.11602E-06
  -17205.000       -0.16348707E+02           0.79405E-07
  -17200.000       -0.16731916E+02           0.54128E-07
  -17195.000       -0.17119124E+02           0.36750E-07
  -17190.000       -0.17511332E+02           0.24827E-07
  -17185.000       -0.17908541E+02           0.16689E-07
  -17180.000       -0.18308749E+02           0.11184E-07
  -17175.000       -0.18712957E+02           0.74656E-08
  -17170.000       -0.19122166E+02           0.49585E-08
  -17165.000       -0.19536374E+02           0.32769E-08
  -17160.000       -0.19953582E+02           0.21591E-08
  -17155.000       -0.20375791E+02           0.14155E-08
  -17150.000       -0.20801999E+02           0.92429E-09
  -17145.000       -0.21233207E+02           0.60053E-09
  -17140.000       -0.21668416E+02           0.38862E-09
  -17135.000       -0.22107624E+02           0.25048E-09
  -17130.000       -0.22551832E+02           0.16064E-09
  -17125.000       -0.23000041E+02           0.10261E-09
  -17120.000       -0.23452249E+02           0.65286E-10
  -17115.000       -0.23908457E+02           0.41370E-10
  -17110.000       -0.24369666E+02           0.26085E-10
  -17105.000       -0.24834874E+02           0.16381E-10
  -17100.000       -0.25305082E+02           0.10236E-10
  -17095.000       -0.25778291E+02           0.63772E-11
  -17090.000       -0.26256499E+02           0.39532E-11
  -17085.000       -0.26739707E+02           0.24383E-11
  -17080.000       -0.27225915E+02           0.14995E-11
  -17075.000       -0.27717124E+02           0.91750E-12
  -17070.000       -0.28212332E+02           0.55916E-12
  -17065.000       -0.28711540E+02           0.33942E-12
  -17060.000       -0.29215749E+02           0.20500E-12
  -17055.000       -0.29723957E+02           0.12332E-12
  -17050.000       -0.30236165E+02           0.73892E-13
  -17045.000       -0.30752374E+02           0.44097E-13
  -17040.000       -0.31273582E+02           0.26185E-13
  -17035.000       -0.31797790E+02           0.15502E-13
  -17030.000       -0.32327999E+02           0.91228E-14
  -17025.000       -0.32861207E+02           0.53525E-14
  -17020.000       -0.33399415E+02           0.31248E-14
  -17015.000       -0.33941624E+02           0.18169E-14
  -17010.000       -0.34487832E+02           0.10523E-14
  -17005.000       -0.35038040E+02           0.60698E-15
  -17000.000       -0.35593249E+02           0.34838E-15
  -16995.000       -0.36152457E+02           0.19915E-15
  -16990.000       -0.36715665E+02           0.11339E-15
  -16985.000       -0.37283874E+02           0.64242E-16
  -16980.000       -0.37855082E+02           0.36287E-16
  -16975.000       -0.38430290E+02           0.20414E-16
  -16970.000       -0.39010499E+02           0.11428E-16
  -16965.000       -0.39595707E+02           0.63651E-17
  -16960.000       -0.40183915E+02           0.35347E-17
  -16955.000       -0.40776124E+02           0.19550E-17
  -16950.000       -0.41373332E+02           0.10759E-17
  -16945.000       -0.41974540E+02           0.58978E-18
  -16940.000       -0.42579749E+02           0.32200E-18
  -16935.000       -0.43189957E+02           0.17492E-18
  -16930.000       -0.43804165E+02           0.94644E-19
  -16925.000       -0.44421373E+02           0.51056E-19
  -16920.000       -0.45043582E+02           0.27404E-19
  -16915.000       -0.45670790E+02           0.14636E-19
  -16910.000       -0.46299998E+02           0.78013E-20
  -16905.000       -0.46935207E+02           0.41333E-20
  -16900.000       -0.47574415E+02           0.21812E-20
  -16895.000       -0.48217623E+02           0.11464E-20
  -16890.000       -0.48864832E+02           0.60017E-21
  -16885.000       -0.49516040E+02           0.31294E-21
  -16880.000       -0.50171248E+02           0.16252E-21
  -16875.000       -0.50831457E+02           0.83981E-22
  -16870.000       -0.51495665E+02           0.43223E-22
  -16865.000       -0.52162873E+02           0.22180E-22
  -16860.000       -0.52836082E+02           0.11313E-22
  -16855.000       -0.53512290E+02           0.57532E-23
  -16850.000       -0.54192498E+02           0.29141E-23
  -16845.000       -0.54876707E+02           0.14701E-23
  -16840.000       -0.55565915E+02           0.73795E-24
  -16835.000       -0.56258123E+02           0.36932E-24
  -16830.000       -0.56956332E+02           0.18373E-24
  -16825.000       -0.57656540E+02           0.91218E-25
  -16820.000       -0.58362748E+02           0.45017E-25
  -16815.000       -0.59071957E+02           0.22150E-25
  -16810.000       -0.59785165E+02           0.10855E-25
  -16805.000       -0.60503373E+02           0.52932E-26
  -16800.000       -0.61224582E+02           0.25734E-26
  -16795.000       -0.61951790E+02           0.12436E-26
  -16790.000       -0.62680998E+02           0.59978E-27
  -16785.000       -0.63415207E+02           0.28782E-27
  -16780.000       -0.64153415E+02           0.13757E-27
  -16775.000       -0.64896623E+02           0.65427E-28
  -16770.000       -0.65642831E+02           0.31023E-28
  -16765.000       -0.66393040E+02           0.14651E-28
  -16760.000       -0.67147248E+02           0.68916E-29
  -16755.000       -0.67906456E+02           0.32255E-29
  -16750.000       -0.68669665E+02           0.15036E-29
  -16745.000       -0.69436873E+02           0.00000E+00
  -16740.000       -0.70208081E+02           0.00000E+00
  -16735.000       -0.70983290E+02           0.00000E+00
  -16730.000       -0.71761498E+02           0.00000E+00
  -16725.000       -0.72544706E+02           0.00000E+00
  -16720.000       -0.73332915E+02           0.00000E+00
  -16715.000       -0.74124123E+02           0.00000E+00
  -16710.000       -0.74919331E+02           0.00000E+00
  -16705.000       -0.75719540E+02           0.00000E+00
  -16700.000       -0.76522748E+02           0.00000E+00
  -16695.000       -0.77330956E+02           0.00000E+00
  -16690.000       -0.78142165E+02           0.00000E+00
  -16685.000       -0.78958373E+02           0.00000E+00
  -16680.000       -0.79777581E+02           0.00000E+00
  -16675.000       -0.80601790E+02           0.00000E+00
  -16670.000       -0.81429998E+02           0.00000E+00
  -16665.000       -0.82262206E+02           0.00000E+00
  -16660.000       -0.83098415E+02           0.00000E+00
  -16655.000       -0.83937623E+02           0.00000E+00
  -16650.000       -0.84782831E+02           0.00000E+00
  -16645.000       -0.85630040E+02           0.00000E+00
  -16640.000       -0.86483248E+02           0.00000E+00
  -16635.000       -0.87339456E+02           0.00000E+00
  -16630.000       -0.88199665E+02           0.00000E+00
  -16625.000       -0.89063873E+02           0.00000E+00
  -16620.000       -0.89932081E+02           0.00000E+00
  -16615.000       -0.90804289E+02           0.00000E+00
  -16610.000       -0.91681498E+02           0.00000E+00
  -16605.000       -0.92560706E+02           0.00000E+00
  -16600.000       -0.93445914E+02           0.00000E+00
  -16595.000       -0.94334123E+02           0.00000E+00
  -16590.000       -0.95226331E+02           0.00000E+00
  -16585.000       -0.96122539E+02           0.00000E+00
  -16580.000       -0.97022748E+02           0.00000E+00
  -16575.000       -0.97926956E+02           0.00000E+00
  -16570.000       -0.98835164E+02           0.00000E+00
  -16565.000       -0.99747373E+02           0.00000E+00
  -16560.000       -0.10066458E+03           0.00000E+00
  -16555.000       -0.10158379E+03           0.00000E+00
  -16550.000       -0.10250800E+03           0.00000E+00
  -16545.000       -0.10343721E+03           0.00000E+00
  -16540.000       -0.10436941E+03           0.00000E+00
  -16535.000       -0.10530562E+03           0.00000E+00
  -16530.000       -0.10624583E+03           0.00000E+00
  -16525.000       -0.10718904E+03           0.00000E+00
  -16520.000       -0.10813825E+03           0.00000E+00
  -16515.000       -0.10909046E+03           0.00000E+00
  -16510.000       -0.11004566E+03           0.00000E+00
  -16505.000       -0.11100587E+03           0.00000E+00
  -16500.000       -0.11197008E+03           0.00000E+00
  -16495.000       -0.11293829E+03           0.00000E+00
  -16490.000       -0.11390950E+03           0.00000E+00
  -16485.000       -0.11488571E+03           0.00000E+00
  -16480.000       -0.11586491E+03           0.00000E+00
  -16475.000       -0.11684912E+03           0.00000E+00
  -16470.000       -0.11783633E+03           0.00000E+00
  -16465.000       -0.11882854E+03           0.00000E+00
  -16460.000       -0.11982375E+03           0.00000E+00
  -16455.000       -0.12082296E+03           0.00000E+00
  -16450.000       -0.12182716E+03           0.00000E+00
  -16445.000       -0.12283337E+03           0.00000E+00
  -16440.000       -0.12384458E+03           0.00000E+00
  -16435.000       -0.12485979E+03           0.00000E+00
  -16430.000       -0.12587800E+03           0.00000E+00
  -16425.000       -0.12690121E+03           0.00000E+00
  -16420.000       -0.12792841E+03           0.00000E+00
  -16415.000       -0.12895862E+03           0.00000E+00
  -16410.000       -0.12999383E+03           0.00000E+00
  -16405.000       -0.13103204E+03           0.00000E+00
  -16400.000       -0.13207425E+03           0.00000E+00
  -16395.000       -0.13312046E+03           0.00000E+00
  -16390.000       -0.13417066E+03           0.00000E+00
  -16385.000       -0.13522487E+03           0.00000E+00
  -16380.000       -0.13628308E+03           0.00000E+00
  -16375.000       -0.13734529E+03           0.00000E+00
  -16370.000       -0.13841050E+03           0.00000E+00
  -16365.000       -0.13947971E+03           0.00000E+00
  -16360.000       -0.14055391E+03           0.00000E+00
  -16355.000       -0.14163112E+03           0.00000E+00
  -16350.000       -0.14271133E+03           0.00000E+00
  -16345.000       -0.14379654E+03           0.00000E+00
  -16340.000       -0.14488575E+03           0.00000E+00
  -16335.000       -0.14597896E+03           0.00000E+00
  -16330.000       -0.14707516E+03           0.00000E+00
  -16325.000       -0.14817637E+03           0.00000E+00
  -16320.000       -0.14927958E+03           0.00000E+00
  -16315.000       -0.15038779E+03           0.00000E+00
  -16310.000       -0.15150100E+03           0.00000E+00
  -16305.000       -0.15261621E+03           0.00000E+00
  -16300.000       -0.15373641E+03           0.00000E+00
  -16295.000       -0.15485962E+03           0.00000E+00
  -16290.000       -0.15598683E+03           0.00000E+00
  -16285.000       -0.15711804E+03           0.00000E+00
  -16280.000       -0.15825325E+03           0.00000E+00
  -16275.000       -0.15939146E+03           0.00000E+00
  -16270.000       -0.16053466E+03           0.00000E+00
  -16265.000       -0.16168087E+03           0.00000E+00
  -16260.000       -0.16283108E+03           0.00000E+00
  -16255.000       -0.16398629E+03           0.00000E+00
  -16250.000       -0.16514350E+03           0.00000E+00
  -16245.000       -0.16630571E+03           0.00000E+00
  -16240.000       -0.16747091E+03           0.00000E+00
  -16235.000       -0.16864012E+03           0.00000E+00
  -16230.000       -0.16981333E+03           0.00000E+00
  -16225.000       -0.17099054E+03           0.00000E+00
  -16220.000       -0.17217175E+03           0.00000E+00
  -16215.000       -0.17335596E+03           0.00000E+00
  -16210.000       -0.17454416E+03           0.00000E+00
  -16205.000       -0.17573637E+03           0.00000E+00
  -16200.000       -0.17693258E+03           0.00000E+00
  -16195.000       -0.17813279E+03           0.00000E+00
  -16190.000       -0.17933600E+03           0.00000E+00
  -16185.000       -0.18054321E+03           0.00000E+00
  -16180.000       -0.18175441E+03           0.00000E+00
  -16175.000       -0.18296862E+03           0.00000E+00
  -16170.000       -0.18418683E+03           0.00000E+00
  -16165.000       -0.18540904E+03           0.00000E+00
  -16160.000       -0.18663525E+03           0.00000E+00
  -16155.000       -0.18786546E+03           0.00000E+00
  -16150.000       -0.18909866E+03           0.00000E+00
  -16145.000       -0.19033587E+03           0.00000E+00
  -16140.000       -0.19157708E+03           0.00000E+00
  -16135.000       -0.19282229E+03           0.00000E+00
  -16130.000       -0.19407050E+03           0.00000E+00
  -16125.000       -0.19532371E+03           0.00000E+00
  -16120.000       -0.19657991E+03           0.00000E+00
  -16115.000       -0.19783912E+03           0.00000E+00
  -16110.000       -0.19910233E+03           0.00000E+00
  -16105.000       -0.20036954E+03           0.00000E+00
  -16100.000       -0.20164075E+03           0.00000E+00
  -16095.000       -0.20291596E+03           0.00000E+00
  -16090.000       -0.20419416E+03           0.00000E+00
  -16085.000       -0.20547637E+03           0.00000E+00
  -16080.000       -0.20676158E+03           0.00000E+00
  -16075.000       -0.20805179E+03           0.00000E+00
  -16070.000       -0.20934500E+03           0.00000E+00
  -16065.000       -0.21064220E+03           0.00000E+00
  -16060.000       -0.21194241E+03           0.00000E+00
  -16055.000       -0.21324662E+03           0.00000E+00
  -16050.000       -0.21455483E+03           0.00000E+00
  -16045.000       -0.21586704E+03           0.00000E+00
  -16040.000       -0.21718325E+03           0.00000E+00
  -16035.000       -0.21850145E+03           0.00000E+00
  -16030.000       -0.21982566E+03           0.00000E+00
  -16025.000       -0.22115087E+03           0.00000E+00
  -16020.000       -0.22248108E+03           0.00000E+00
  -16015.000       -0.22381529E+03           0.00000E+00
  -16010.000       -0.22515350E+03           0.00000E+00
  -16005.000       -0.22649470E+03           0.00000E+00
  -16000.000       -0.22783891E+03           0.00000E+00
  -15995.000       -0.22918812E+03           0.00000E+00
  -15990.000       -0.23054033E+03           0.00000E+00
  -15985.000       -0.23189654E+03           0.00000E+00
  -15980.000       -0.23325575E+03           0.00000E+00
  -15975.000       -0.23461895E+03           0.00000E+00
  -15970.000       -0.23598616E+03           0.00000E+00
  -15965.000       -0.23735637E+03           0.00000E+00
  -15960.000       -0.23873058E+03           0.00000E+00
  -15955.000       -0.24010879E+03           0.00000E+00
  -15950.000       -0.24149000E+03           0.00000E+00
  -15945.000       -0.24287520E+03           0.00000E+00
  -15940.000       -0.24426441E+03           0.00000E+00
  -15935.000       -0.24565662E+03           0.00000E+00
  -15930.000       -0.24705283E+03           0.00000E+00
  -15925.000       -0.24845204E+03           0.00000E+00
  -15920.000       -0.24985625E+03           0.00000E+00
  -15915.000       -0.25126245E+03           0.00000E+00
  -15910.000       -0.25267366E+03           0.00000E+00
  -15905.000       -0.25408787E+03           0.00000E+00
  -15900.000       -0.25550508E+03           0.00000E+00
  -15895.000       -0.25692629E+03           0.00000E+00
  -15890.000       -0.25835150E+03           0.00000E+00
  -15885.000       -0.25978070E+03           0.00000E+00
  -15880.000       -0.26121291E+03           0.00000E+00
  -15875.000       -0.26264812E+03           0.00000E+00
  -15870.000       -0.26408833E+03           0.00000E+00
  -15865.000       -0.26553054E+03           0.00000E+00
  -15860.000       -0.26697775E+03           0.00000E+00
  -15855.000       -0.26842795E+03           0.00000E+00
  -15850.000       -0.26988216E+03           0.00000E+00
  -15845.000       -0.27133937E+03           0.00000E+00
  -15840.000       -0.27280058E+03           0.00000E+00
  -15835.000       -0.27426479E+03           0.00000E+00
  -15830.000       -0.27573300E+03           0.00000E+00
  -15825.000       -0.27720420E+03           0.00000E+00
  -15820.000       -0.27868041E+03           0.00000E+00
  -15815.000       -0.28015962E+03           0.00000E+00
  -15810.000       -0.28164083E+03           0.00000E+00
  -15805.000       -0.28312704E+03           0.00000E+00
  -15800.000       -0.28461725E+03           0.00000E+00
  -15795.000       -0.28611045E+03           0.00000E+00
  -15790.000       -0.28760666E+03           0.00000E+00
  -15785.000       -0.28910687E+03           0.00000E+00
  -15780.000       -0.29061108E+03           0.00000E+00
  -15775.000       -0.29211829E+03           0.00000E+00
  -15770.000       -0.29362950E+03           0.00000E+00
  -15765.000       -0.29514370E+03           0.00000E+00
  -15760.000       -0.29666191E+03           0.00000E+00
  -15755.000       -0.29818312E+03           0.00000E+00
  -15750.000       -0.29970833E+03           0.00000E+00
  -15745.000       -0.30123654E+03           0.00000E+00
  -15740.000       -0.30276875E+03           0.00000E+00
  -15735.000       -0.30430495E+03           0.00000E+00
  -15730.000       -0.30584416E+03           0.00000E+00
  -15725.000       -0.30738637E+03           0.00000E+00
  -15720.000       -0.30893258E+03           0.00000E+00
  -15715.000       -0.31048279E+03           0.00000E+00
  -15710.000       -0.31203600E+03           0.00000E+00
  -15705.000       -0.31359220E+03           0.00000E+00
  -15700.000       -0.31515241E+03           0.00000E+00
  -15695.000       -0.31671662E+03           0.00000E+00
  -15690.000       -0.31828283E+03           0.00000E+00
  -15685.000       -0.31985404E+03           0.00000E+00
  -15680.000       -0.32142925E+03           0.00000E+00
  -15675.000       -0.32300645E+03           0.00000E+00
  -15670.000       -0.32458766E+03           0.00000E+00
  -15665.000       -0.32617287E+03           0.00000E+00
  -15660.000       -0.32776108E+03           0.00000E+00
  -15655.000       -0.32935329E+03           0.00000E+00
  -15650.000       -0.33094750E+03           0.00000E+00
  -15645.000       -0.33254670E+03           0.00000E+00
  -15640.000       -0.33414891E+03           0.00000E+00
  -15635.000       -0.33575412E+03           0.00000E+00
  -15630.000       -0.33736333E+03           0.00000E+00
  -15625.000       -0.33897654E+03           0.00000E+00
  -15620.000       -0.34059275E+03           0.00000E+00
  -15615.000       -0.34221195E+03           0.00000E+00
  -15610.000       -0.34383516E+03           0.00000E+00
  -15605.000       -0.34546137E+03           0.00000E+00
  -15600.000       -0.34709158E+03           0.00000E+00
  -15595.000       -0.34872479E+03           0.00000E+00
  -15590.000       -0.35036200E+03           0.00000E+00
  -15585.000       -0.35200220E+03           0.00000E+00
  -15580.000       -0.35364541E+03           0.00000E+00
  -15575.000       -0.35529262E+03           0.00000E+00
  -15570.000       -0.35694383E+03           0.00000E+00
  -15565.000       -0.35859704E+03           0.00000E+00
  -15560.000       -0.36025525E+03           0.00000E+00
  -15555.000       -0.36191645E+03           0.00000E+00
  -15550.000       -0.36358066E+03           0.00000E+00
  -15545.000       -0.36524787E+03           0.00000E+00
  -15540.000       -0.36692008E+03           0.00000E+00
  -15535.000       -0.36859429E+03           0.00000E+00
  -15530.000       -0.37027250E+03           0.00000E+00
  -15525.000       -0.37195370E+03           0.00000E+00
  -15520.000       -0.37363891E+03           0.00000E+00
  -15515.000       -0.37532712E+03           0.00000E+00
  -15510.000       -0.37701933E+03           0.00000E+00
  -15505.000       -0.37871354E+03           0.00000E+00
  -15500.000       -0.38041275E+03           0.00000E+00
  -15495.000       -0.38211495E+03           0.00000E+00
  -15490.000       -0.38382016E+03           0.00000E+00
  -15485.000       -0.38552837E+03           0.00000E+00
  -15480.000       -0.38724058E+03           0.00000E+00
  -15475.000       -0.38895679E+03           0.00000E+00
  -15470.000       -0.39067500E+03           0.00000E+00
  -15465.000       -0.39239820E+03           0.00000E+00
  -15460.000       -0.39412341E+03           0.00000E+00
  -15455.000       -0.39585362E+03           0.00000E+00
  -15450.000       -0.39758583E+03           0.00000E+00
  -15445.000       -0.39932104E+03           0.00000E+00
  -15440.000       -0.40106125E+03           0.00000E+00
  -15435.000       -0.40280345E+03           0.00000E+00
  -15430.000       -0.40454966E+03           0.00000E+00
  -15425.000       -0.40629887E+03           0.00000E+00
  -15420.000       -0.40805208E+03           0.00000E+00
  -15415.000       -0.40980829E+03           0.00000E+00
  -15410.000       -0.41156750E+03           0.00000E+00
  -15405.000       -0.41333030E+03           0.00000E+00
  -15400.000       -0.41509651E+03           0.00000E+00
  -15395.000       -0.41686642E+03           0.00000E+00
  -15390.000       -0.41863903E+03           0.00000E+00
  -15385.000       -0.42041544E+03           0.00000E+00
  -15380.000       -0.42219505E+03           0.00000E+00
  -15375.000       -0.42397805E+03           0.00000E+00
  -15370.000       -0.42576456E+03           0.00000E+00
  -15365.000       -0.42755417E+03           0.00000E+00
  -15360.000       -0.42934698E+03           0.00000E+00
  -15355.000       -0.43114369E+03           0.00000E+00
  -15350.000       -0.43294330E+03           0.00000E+00
  -15345.000       -0.43474660E+03           0.00000E+00
  -15340.000       -0.43655301E+03           0.00000E+00
  -15335.000       -0.43836252E+03           0.00000E+00
  -15330.000       -0.44017553E+03           0.00000E+00
  -15325.000       -0.44199194E+03           0.00000E+00
  -15320.000       -0.44381155E+03           0.00000E+00
  -15315.000       -0.44563465E+03           0.00000E+00
  -15310.000       -0.44746076E+03           0.00000E+00
  -15305.000       -0.44929057E+03           0.00000E+00
  -15300.000       -0.45112368E+03           0.00000E+00
  -15295.000       -0.45295979E+03           0.00000E+00
  -15290.000       -0.45479939E+03           0.00000E+00
  -15285.000       -0.45664220E+03           0.00000E+00
  -15280.000       -0.45848831E+03           0.00000E+00
  -15275.000       -0.46033772E+03           0.00000E+00
  -15270.000       -0.46219063E+03           0.00000E+00
  -15265.000       -0.46404644E+03           0.00000E+00
  -15260.000       -0.46590594E+03           0.00000E+00
  -15255.000       -0.46776855E+03           0.00000E+00
  -15250.000       -0.46963446E+03           0.00000E+00
  -15245.000       -0.47150387E+03           0.00000E+00
  -15240.000       -0.47337618E+03           0.00000E+00
  -15235.000       -0.47525229E+03           0.00000E+00
  -15230.000       -0.47713119E+03           0.00000E+00
  -15225.000       -0.47901330E+03           0.00000E+00
  -15220.000       -0.48089901E+03           0.00000E+00
  -15215.000       -0.48278832E+03           0.00000E+00
  -15210.000       -0.48468013E+03           0.00000E+00
  -15205.000       -0.48657594E+03           0.00000E+00
  -15200.000       -0.48847424E+03           0.00000E+00
  -15195.000       -0.49037615E+03           0.00000E+00
  -15190.000       -0.49228166E+03           0.00000E+00
  -15185.000       -0.49419007E+03           0.00000E+00
  -15180.000       -0.49610188E+03           0.00000E+00
  -15175.000       -0.49801669E+03           0.00000E+00
  -15170.000       -0.49993499E+03           0.00000E+00
  -15165.000       -0.50185640E+03           0.00000E+00
  -15160.000       -0.50378111E+03           0.00000E+00
  -15155.000       -0.50570882E+03           0.00000E+00
  -15150.000       -0.50764023E+03           0.00000E+00
  -15145.000       -0.50957464E+03           0.00000E+00
  -15140.000       -0.51151254E+03           0.00000E+00
  -15135.000       -0.51345315E+03           0.00000E+00
  -15130.000       -0.51539746E+03           0.00000E+00
  -15125.000       -0.51734467E+03           0.00000E+00
  -15120.000       -0.51929528E+03           0.00000E+00
  -15115.000       -0.52124919E+03           0.00000E+00
  -15110.000       -0.52320649E+03           0.00000E+00
  -15105.000       -0.52516640E+03           0.00000E+00
  -15100.000       -0.52713011E+03           0.00000E+00
  -15095.000       -0.52909692E+03           0.00000E+00
  -15090.000       -0.53106683E+03           0.00000E+00
  -15085.000       -0.53303994E+03           0.00000E+00
  -15080.000       -0.53501614E+03           0.00000E+00
  -15075.000       -0.53699555E+03           0.00000E+00
  -15070.000       -0.53897806E+03           0.00000E+00
  -15065.000       -0.54096437E+03           0.00000E+00
  -15060.000       -0.54295338E+03           0.00000E+00
  -15055.000       -0.54494559E+03           0.00000E+00
  -15050.000       -0.54694119E+03           0.00000E+00
  -15045.000       -0.54893990E+03           0.00000E+00
  -15040.000       -0.55094201E+03           0.00000E+00
  -15035.000       -0.55294712E+03           0.00000E+00
  -15030.000       -0.55495523E+03           0.00000E+00
  -15025.000       -0.55696664E+03           0.00000E+00
  -15020.000       -0.55898114E+03           0.00000E+00
  -15015.000       -0.56099885E+03           0.00000E+00
  -15010.000       -0.56301966E+03           0.00000E+00
  -15005.000       -0.56504407E+03           0.00000E+00
  -15000.000       -0.56707148E+03           0.00000E+00
  -14995.000       -0.56910199E+03           0.00000E+00
  -14990.000       -0.57113559E+03           0.00000E+00
  -14985.000       -0.57317220E+03           0.00000E+00
  -14980.000       -0.57521241E+03           0.00000E+00
  -14975.000       -0.57725552E+03           0.00000E+00
  -14970.000       -0.57930173E+03           0.00000E+00
  -14965.000       -0.58135114E+03           0.00000E+00
  -14960.000       -0.58340374E+03           0.00000E+00
  -14955.000       -0.58545935E+03           0.00000E+00
  -14950.000       -0.58751826E+03           0.00000E+00
  -14945.000       -0.58958007E+03           0.00000E+00
  -14940.000       -0.59164518E+03           0.00000E+00
  -14935.000       -0.59371339E+03           0.00000E+00
  -14930.000       -0.59578499E+03           0.00000E+00
  -14925.000       -0.59785950E+03           0.00000E+00
  -14920.000       -0.59993721E+03           0.00000E+00
  -14915.000       -0.60201782E+03           0.00000E+00
  -14910.000       -0.60410183E+03           0.00000E+00
  -14905.000       -0.60618914E+03           0.00000E+00
  -14900.000       -0.60827924E+03           0.00000E+00
  -14895.000       -0.61037235E+03           0.00000E+00
  -14890.000       -0.61246866E+03           0.00000E+00
  -14885.000       -0.61456807E+03           0.00000E+00
  -14880.000       -0.61667068E+03           0.00000E+00
  -14875.000       -0.61877619E+03           0.00000E+00
  -14870.000       -0.62088539E+03           0.00000E+00
  -14865.000       -0.62299720E+03           0.00000E+00
  -14860.000       -0.62511201E+03           0.00000E+00
  -14855.000       -0.62723022E+03           0.00000E+00
  -14850.000       -0.62935143E+03           0.00000E+00
  -14845.000       -0.63147544E+03           0.00000E+00
  -14840.000       -0.63360294E+03           0.00000E+00
  -14835.000       -0.63573355E+03           0.00000E+00
  -14830.000       -0.63786676E+03           0.00000E+00
  -14825.000       -0.64000337E+03           0.00000E+00
  -14820.000       -0.64214308E+03           0.00000E+00
  -14815.000       -0.64428609E+03           0.00000E+00
  -14810.000       -0.64643179E+03           0.00000E+00
  -14805.000       -0.64858040E+03           0.00000E+00
  -14800.000       -0.65073261E+03           0.00000E+00
  -14795.000       -0.65288772E+03           0.00000E+00
  -14790.000       -0.65504573E+03           0.00000E+00
  -14785.000       -0.65720694E+03           0.00000E+00
  -14780.000       -0.65937104E+03           0.00000E+00
  -14775.000       -0.66153835E+03           0.00000E+00
  -14770.000       -0.66370866E+03           0.00000E+00
  -14765.000       -0.66588197E+03           0.00000E+00
  -14760.000       -0.66805838E+03           0.00000E+00
  -14755.000       -0.67023769E+03           0.00000E+00
  -14750.000       -0.67242049E+03           0.00000E+00
  -14745.000       -0.67460590E+03           0.00000E+00
  -14740.000       -0.67679421E+03           0.00000E+00
  -14735.000       -0.67898602E+03           0.00000E+00
  -14730.000       -0.68118053E+03           0.00000E+00
  -14725.000       -0.68337834E+03           0.00000E+00
  -14720.000       -0.68557894E+03           0.00000E+00
  -14715.000       -0.68778255E+03           0.00000E+00
  -14710.000       -0.68998936E+03           0.00000E+00
  -14705.000       -0.69219897E+03           0.00000E+00
  -14700.000       -0.69441198E+03           0.00000E+00
  -14695.000       -0.69662779E+03           0.00000E+00
  -14690.000       -0.69884609E+03           0.00000E+00
  -14685.000       -0.70106800E+03           0.00000E+00
  -14680.000       -0.70329281E+03           0.00000E+00
  -14675.000       -0.70552072E+03           0.00000E+00
  -14670.000       -0.70775143E+03           0.00000E+00
  -14665.000       -0.70998524E+03           0.00000E+00
  -14660.000       -0.71222224E+03           0.00000E+00
  -14655.000       -0.71446185E+03           0.00000E+00
  -14650.000       -0.71670486E+03           0.00000E+00
  -14645.000       -0.71895027E+03           0.00000E+00
  -14640.000       -0.72119918E+03           0.00000E+00
  -14635.000       -0.72345079E+03           0.00000E+00
  -14630.000       -0.72570549E+03           0.00000E+00
  -14625.000       -0.72796320E+03           0.00000E+00
  -14620.000       -0.73022381E+03           0.00000E+00
  -14615.000       -0.73248782E+03           0.00000E+00
  -14610.000       -0.73475413E+03           0.00000E+00
  -14605.000       -0.73702384E+03           0.00000E+00
  -14600.000       -0.73929624E+03           0.00000E+00
  -14595.000       -0.74157185E+03           0.00000E+00
  -14590.000       -0.74385026E+03           0.00000E+00
  -14585.000       -0.74613177E+03           0.00000E+00
  -14580.000       -0.74841608E+03           0.00000E+00
  -14575.000       -0.75070359E+03           0.00000E+00
  -14570.000       -0.75299369E+03           0.00000E+00
  -14565.000       -0.75528700E+03           0.00000E+00
  -14560.000       -0.75758311E+03           0.00000E+00
  -14555.000       -0.75988222E+03           0.00000E+00
  -14550.000       -0.76218443E+03           0.00000E+00
  -14545.000       -0.76448934E+03           0.00000E+00
  -14540.000       -0.76679734E+03           0.00000E+00
  -14535.000       -0.76910825E+03           0.00000E+00
  -14530.000       -0.77142206E+03           0.00000E+00
  -14525.000       -0.77373887E+03           0.00000E+00
  -14520.000       -0.77605848E+03           0.00000E+00
  -14515.000       -0.77838118E+03           0.00000E+00
  -14510.000       -0.78070679E+03           0.00000E+00
  -14505.000       -0.78303510E+03           0.00000E+00
  -14500.000       -0.78536671E+03           0.00000E+00
  -14495.000       -0.78770112E+03           0.00000E+00
  -14490.000       -0.79003833E+03           0.00000E+00
  -14485.000       -0.79237853E+03           0.00000E+00
  -14480.000       -0.79472164E+03           0.00000E+00
  -14475.000       -0.79706785E+03           0.00000E+00
  -14470.000       -0.79941666E+03           0.00000E+00
  -14465.000       -0.80176857E+03           0.00000E+00
  -14460.000       -0.80412328E+03           0.00000E+00
  -14455.000       -0.80648098E+03           0.00000E+00
  -14450.000       -0.80884149E+03           0.00000E+00
  -14445.000       -0.81120490E+03           0.00000E+00
  -14440.000       -0.81357161E+03           0.00000E+00
  -14435.000       -0.81594062E+03           0.00000E+00
  -14430.000       -0.81831293E+03           0.00000E+00
  -14425.000       -0.82068803E+03           0.00000E+00
  -14420.000       -0.82306604E+03           0.00000E+00
  -14415.000       -0.82544695E+03           0.00000E+00
  -14410.000       -0.82783096E+03           0.00000E+00
  -14405.000       -0.83021767E+03           0.00000E+00
  -14400.000       -0.83260718E+03           0.00000E+00
  -14395.000       -0.83499968E+03           0.00000E+00
  -14390.000       -0.83739509E+03           0.00000E+00
  -14385.000       -0.83979320E+03           0.00000E+00
  -14380.000       -0.84219481E+03           0.00000E+00
  -14375.000       -0.84459892E+03           0.00000E+00
  -14370.000       -0.84700583E+03           0.00000E+00
  -14365.000       -0.84941563E+03           0.00000E+00
  -14360.000       -0.85182854E+03           0.00000E+00
  -14355.000       -0.85424415E+03           0.00000E+00
  -14350.000       -0.85666266E+03           0.00000E+00
  -14345.000       -0.85908437E+03           0.00000E+00
  -14340.000       -0.86150858E+03           0.00000E+00
  -14335.000       -0.86393588E+03           0.00000E+00
  -14330.000       -0.86636606E+03           0.00000E+00
  -14325.000       -0.86879915E+03           0.00000E+00
  -14320.000       -0.87123515E+03           0.00000E+00
  -14315.000       -0.87367398E+03           0.00000E+00
  -14310.000       -0.87611584E+03           0.00000E+00
  -14305.000       -0.87856052E+03           0.00000E+00
  -14300.000       -0.88100793E+03           0.00000E+00
  -14295.000       -0.88345839E+03           0.00000E+00
  -14290.000       -0.88591187E+03           0.00000E+00
  -14285.000       -0.88836811E+03           0.00000E+00
  -14280.000       -0.89082748E+03           0.00000E+00
  -14275.000       -0.89328932E+03           0.00000E+00
  -14270.000       -0.89575441E+03           0.00000E+00
  -14265.000       -0.89822224E+03           0.00000E+00
  -14260.000       -0.90069308E+03           0.00000E+00
  -14255.000       -0.90316692E+03           0.00000E+00
  -14250.000       -0.90564357E+03           0.00000E+00
  -14245.000       -0.90812301E+03           0.00000E+00
  -14240.000       -0.91060560E+03           0.00000E+00
  -14235.000       -0.91309127E+03           0.00000E+00
  -14230.000       -0.91557946E+03           0.00000E+00
  -14225.000       -0.91807063E+03           0.00000E+00
  -14220.000       -0.92056492E+03           0.00000E+00
  -14215.000       -0.92306198E+03           0.00000E+00
  -14210.000       -0.92556222E+03           0.00000E+00
  -14205.000       -0.92806520E+03           0.00000E+00
  -14200.000       -0.93057108E+03           0.00000E+00
