  -19950.000       -0.20640836E+04           0.00000E+00
  -19945.000       -0.20594781E+04           0.00000E+00
  -19940.000       -0.20548776E+04           0.00000E+00
  -19935.000       -0.20502830E+04           0.00000E+00
  -19930.000       -0.20456935E+04           0.00000E+00
  -19925.000       -0.20411110E+04           0.00000E+00
  -19920.000       -0.20365355E+04           0.00000E+00
  -19915.000       -0.20319639E+04           0.00000E+00
  -19910.000       -0.20273994E+04           0.00000E+00
  -19905.000       -0.20228409E+04           0.00000E+00
  -19900.000       -0.20182863E+04           0.00000E+00
  -19895.000       -0.20137398E+04           0.00000E+00
  -19890.000       -0.20091983E+04           0.00000E+00
  -19885.000       -0.20046638E+04           0.00000E+00
  -19880.000       -0.20001352E+04           0.00000E+00
  -19875.000       -0.19956097E+04           0.00000E+00
  -19870.000       -0.19910932E+04           0.00000E+00
  -19865.000       -0.19865826E+04           0.00000E+00
  -19860.000       -0.19820761E+04           0.00000E+00
  -19855.000       -0.19775776E+04           0.00000E+00
  -19850.000       -0.19730841E+04           0.00000E+00
  -19845.000       -0.19685965E+04           0.00000E+00
  -19840.000       -0.19641150E+04           0.00000E+00
  -19835.000       -0.19596395E+04           0.00000E+00
  -19830.000       -0.19551700E+04           0.00000E+00
  -19825.000       -0.19507064E+04           0.00000E+00
  -19820.000       -0.19462489E+04           0.00000E+00
  -19815.000       -0.19417974E+04           0.00000E+00
  -19810.000       -0.19373538E+04           0.00000E+00
  -19805.000       -0.19329143E+04           0.00000E+00
  -19800.000       -0.19284798E+04           0.00000E+00
  -19795.000       -0.19240543E+04           0.00000E+00
  -19790.000       -0.19196317E+04           0.00000E+00
  -19785.000       -0.19152172E+04           0.00000E+00
  -19780.000       -0.19108097E+04           0.00000E+00
  -19775.000       -0.19064051E+04           0.00000E+00
  -19770.000       -0.19020086E+04           0.00000E+00
  -19765.000       -0.18976191E+04           0.00000E+00
  -19760.000       -0.18932336E+04           0.00000E+00
  -19755.000       -0.18888560E+04           0.00000E+00
  -19750.000       -0.18844825E+04           0.00000E+00
  -19745.000       -0.18801160E+04           0.00000E+00
  -19740.000       -0.18757565E+04           0.00000E+00
  -19735.000       -0.18714019E+04           0.00000E+00
  -19730.000       -0.18670534E+04           0.00000E+00
  -19725.000       -0.18627129E+04           0.00000E+00
  -19720.000       -0.18583753E+04           0.00000E+00
  -19715.000       -0.18540458E+04           0.00000E+00
  -19710.000       -0.18497203E+04           0.00000E+00
  -19705.000       -0.18454038E+04           0.00000E+00
  -19700.000       -0.18410922E+04           0.00000E+00
  -19695.000       -0.18367867E+04           0.00000E+00
  -19690.000       -0.18324862E+04           0.00000E+00
  -19685.000       -0.18281936E+04           0.00000E+00
  -19680.000       -0.18239071E+04           0.00000E+00
  -19675.000       -0.18196256E+04           0.00000E+00
  -19670.000       -0.18153491E+04           0.00000E+00
  -19665.000       -0.18110795E+04           0.00000E+00
  -19660.000       -0.18068170E+04           0.00000E+00
  -19655.000       -0.18025605E+04           0.00000E+00
  -19650.000       -0.17983090E+04           0.00000E+00
  -19645.000       -0.17940634E+04           0.00000E+00
  -19640.000       -0.17898259E+04           0.00000E+00
  -19635.000       -0.17855924E+04           0.00000E+00
  -19630.000       -0.17813658E+04           0.00000E+00
  -19625.000       -0.17771463E+04           0.00000E+00
  -19620.000       -0.17729308E+04           0.00000E+00
  -19615.000       -0.17687223E+04           0.00000E+00
  -19610.000       -0.17645197E+04           0.00000E+00
  -19605.000       -0.17603232E+04           0.00000E+00
  -19600.000       -0.17561327E+04           0.00000E+00
  -19595.000       -0.17519481E+04           0.00000E+00
  -19590.000       -0.17477686E+04           0.00000E+00
  -19585.000       -0.17435991E+04           0.00000E+00
  -19580.000       -0.17394316E+04           0.00000E+00
  -19575.000       -0.17352720E+04           0.00000E+00
  -19570.000       -0.17311175E+04           0.00000E+00
  -19565.000       -0.17269690E+04           0.00000E+00
  -19560.000       -0.17228275E+04           0.00000E+00
  -19555.000       -0.17186909E+04           0.00000E+00
  -19550.000       -0.17145604E+04           0.00000E+00
  -19545.000       -0.17104359E+04           0.00000E+00
  -19540.000       -0.17063193E+04           0.00000E+00
  -19535.000       -0.17022058E+04           0.00000E+00
  -19530.000       -0.16981003E+04           0.00000E+00
  -19525.000       -0.16940008E+04           0.00000E+00
  -19520.000       -0.16899062E+04           0.00000E+00
  -19515.000       -0.16858187E+04           0.00000E+00
  -19510.000       -0.16817362E+04           0.00000E+00
  -19505.000       -0.16776596E+04           0.00000E+00
  -19500.000       -0.16735901E+04           0.00000E+00
  -19495.000       -0.16695256E+04           0.00000E+00
  -19490.000       -0.16654671E+04           0.00000E+00
  -19485.000       -0.16614155E+04           0.00000E+00
  -19480.000       -0.16573700E+04           0.00000E+00
  -19475.000       -0.16533295E+04           0.00000E+00
  -19470.000       -0.16492950E+04           0.00000E+00
  -19465.000       -0.16452664E+04           0.00000E+00
  -19460.000       -0.16412439E+04           0.00000E+00
  -19455.000       -0.16372284E+04           0.00000E+00
  -19450.000       -0.16332178E+04           0.00000E+00
  -19445.000       -0.16292123E+04           0.00000E+00
  -19440.000       -0.16252148E+04           0.00000E+00
  -19435.000       -0.16212213E+04           0.00000E+00
  -19430.000       -0.16172347E+04           0.00000E+00
  -19425.000       -0.16132542E+04           0.00000E+00
  -19420.000       -0.16092797E+04           0.00000E+00
  -19415.000       -0.16053111E+04           0.00000E+00
  -19410.000       -0.16013476E+04           0.00000E+00
  -19405.000       -0.15973901E+04           0.00000E+00
  -19400.000       -0.15934386E+04           0.00000E+00
  -19395.000       -0.15894930E+04           0.00000E+00
  -19390.000       -0.15855545E+04           0.00000E+00
  -19385.000       -0.15816210E+04           0.00000E+00
  -19380.000       -0.15776935E+04           0.00000E+00
  -19375.000       -0.15737719E+04           0.00000E+00
  -19370.000       -0.15698554E+04           0.00000E+00
  -19365.000       -0.15659459E+04           0.00000E+00
  -19360.000       -0.15620423E+04           0.00000E+00
  -19355.000       -0.15581438E+04           0.00000E+00
  -19350.000       -0.15542513E+04           0.00000E+00
  -19345.000       -0.15503648E+04           0.00000E+00
  -19340.000       -0.15464842E+04           0.00000E+00
  -19335.000       -0.15426087E+04           0.00000E+00
  -19330.000       -0.15387412E+04           0.00000E+00
  -19325.000       -0.15348786E+04           0.00000E+00
  -19320.000       -0.15310201E+04           0.00000E+00
  -19315.000       -0.15271686E+04           0.00000E+00
  -19310.000       -0.15233221E+04           0.00000E+00
  -19305.000       -0.15194825E+04           0.00000E+00
  -19300.000       -0.15156500E+04           0.00000E+00
  -19295.000       -0.15118215E+04           0.00000E+00
  -19290.000       -0.15079980E+04           0.00000E+00
  -19285.000       -0.15041804E+04           0.00000E+00
  -19280.000       -0.15003719E+04           0.00000E+00
  -19275.000       -0.14965674E+04           0.00000E+00
  -19270.000       -0.14927678E+04           0.00000E+00
  -19265.000       -0.14889753E+04           0.00000E+00
  -19260.000       -0.14851858E+04           0.00000E+00
  -19255.000       -0.14814043E+04           0.00000E+00
  -19250.000       -0.14776297E+04           0.00000E+00
  -19245.000       -0.14738582E+04           0.00000E+00
  -19240.000       -0.14700937E+04           0.00000E+00
  -19235.000       -0.14663341E+04           0.00000E+00
  -19230.000       -0.14625806E+04           0.00000E+00
  -19225.000       -0.14588341E+04           0.00000E+00
  -19220.000       -0.14550926E+04           0.00000E+00
  -19215.000       -0.14513580E+04           0.00000E+00
  -19210.000       -0.14476285E+04           0.00000E+00
  -19205.000       -0.14439030E+04           0.00000E+00
  -19200.000       -0.14401845E+04           0.00000E+00
  -19195.000       -0.14364719E+04           0.00000E+00
  -19190.000       -0.14327654E+04           0.00000E+00
  -19185.000       -0.14290629E+04           0.00000E+00
  -19180.000       -0.14253673E+04           0.00000E+00
  -19175.000       -0.14216778E+04           0.00000E+00
  -19170.000       -0.14179943E+04           0.00000E+00
  -19165.000       -0.14143148E+04           0.00000E+00
  -19160.000       -0.14106422E+04           0.00000E+00
  -19155.000       -0.14069757E+04           0.00000E+00
  -19150.000       -0.14033142E+04           0.00000E+00
  -19145.000       -0.13996576E+04           0.00000E+00
  -19140.000       -0.13960081E+04           0.00000E+00
  -19135.000       -0.13923626E+04           0.00000E+00
  -19130.000       -0.13887251E+04           0.00000E+00
  -19125.000       -0.13850915E+04           0.00000E+00
  -19120.000       -0.13814650E+04           0.00000E+00
  -19115.000       -0.13778425E+04           0.00000E+00
  -19110.000       -0.13742260E+04           0.00000E+00
  -19105.000       -0.13706174E+04           0.00000E+00
  -19100.000       -0.13670109E+04           0.00000E+00
  -19095.000       -0.13634114E+04           0.00000E+00
  -19090.000       -0.13598188E+04           0.00000E+00
  -19085.000       -0.13562303E+04           0.00000E+00
  -19080.000       -0.13526488E+04           0.00000E+00
  -19075.000       -0.13490723E+04           0.00000E+00
  -19070.000       -0.13455007E+04           0.00000E+00
  -19065.000       -0.13419362E+04           0.00000E+00
  -19060.000       -0.13383767E+04           0.00000E+00
  -19055.000       -0.13348211E+04           0.00000E+00
  -19050.000       -0.13312726E+04           0.00000E+00
  -19045.000       -0.13277301E+04           0.00000E+00
  -19040.000       -0.13241926E+04           0.00000E+00
  -19035.000       -0.13206600E+04           0.00000E+00
  -19030.000       -0.13171355E+04           0.00000E+00
  -19025.000       -0.13136140E+04           0.00000E+00
  -19020.000       -0.13100995E+04           0.00000E+00
  -19015.000       -0.13065899E+04           0.00000E+00
  -19010.000       -0.13030854E+04           0.00000E+00
  -19005.000       -0.12995879E+04           0.00000E+00
  -19000.000       -0.12960953E+04           0.00000E+00
  -18995.000       -0.12926078E+04           0.00000E+00
  -18990.000       -0.12891263E+04           0.00000E+00
  -18985.000       -0.12856508E+04           0.00000E+00
  -18980.000       -0.12821792E+04           0.00000E+00
  -18975.000       -0.12787147E+04           0.00000E+00
  -18970.000       -0.12752552E+04           0.00000E+00
  -18965.000       -0.12718016E+04           0.00000E+00
  -18960.000       -0.12683531E+04           0.00000E+00
  -18955.000       -0.12649116E+04           0.00000E+00
  -18950.000       -0.12614741E+04           0.00000E+00
  -18945.000       -0.12580415E+04           0.00000E+00
  -18940.000       -0.12546160E+04           0.00000E+00
  -18935.000       -0.12511945E+04           0.00000E+00
  -18930.000       -0.12477790E+04           0.00000E+00
  -18925.000       -0.12443694E+04           0.00000E+00
  -18920.000       -0.12409659E+04           0.00000E+00
  -18915.000       -0.12375674E+04           0.00000E+00
  -18910.000       -0.12341738E+04           0.00000E+00
  -18905.000       -0.12307863E+04           0.00000E+00
  -18900.000       -0.12274038E+04           0.00000E+00
  -18895.000       -0.12240263E+04           0.00000E+00
  -18890.000       -0.12206557E+04           0.00000E+00
  -18885.000       -0.12172902E+04           0.00000E+00
  -18880.000       -0.12139297E+04           0.00000E+00
  -18875.000       -0.12105751E+04           0.00000E+00
  -18870.000       -0.12072256E+04           0.00000E+00
  -18865.000       -0.12038821E+04           0.00000E+00
  -18860.000       -0.12005436E+04           0.00000E+00
  -18855.000       -0.11972110E+04           0.00000E+00
  -18850.000       -0.11938825E+04           0.00000E+00
  -18845.000       -0.11905600E+04           0.00000E+00
  -18840.000       -0.11872435E+04           0.00000E+00
  -18835.000       -0.11839329E+04           0.00000E+00
  -18830.000       -0.11806264E+04           0.00000E+00
  -18825.000       -0.11773259E+04           0.00000E+00
  -18820.000       -0.11740313E+04           0.00000E+00
  -18815.000       -0.11707418E+04           0.00000E+00
  -18810.000       -0.11674583E+04           0.00000E+00
  -18805.000       -0.11641798E+04           0.00000E+00
  -18800.000       -0.11609072E+04           0.00000E+00
  -18795.000       -0.11576387E+04           0.00000E+00
  -18790.000       -0.11543762E+04           0.00000E+00
  -18785.000       -0.11511186E+04           0.00000E+00
  -18780.000       -0.11478671E+04           0.00000E+00
  -18775.000       -0.11446216E+04           0.00000E+00
  -18770.000       -0.11413811E+04           0.00000E+00
  -18765.000       -0.11381455E+04           0.00000E+00
  -18760.000       -0.11349160E+04           0.00000E+00
  -18755.000       -0.11316915E+04           0.00000E+00
  -18750.000       -0.11284719E+04           0.00000E+00
  -18745.000       -0.11252574E+04           0.00000E+00
  -18740.000       -0.11220499E+04           0.00000E+00
  -18735.000       -0.11188464E+04           0.00000E+00
  -18730.000       -0.11156498E+04           0.00000E+00
  -18725.000       -0.11124563E+04           0.00000E+00
  -18720.000       -0.11092698E+04           0.00000E+00
  -18715.000       -0.11060873E+04           0.00000E+00
  -18710.000       -0.11029117E+04           0.00000E+00
  -18705.000       -0.10997402E+04           0.00000E+00
  -18700.000       -0.10965757E+04           0.00000E+00
  -18695.000       -0.10934151E+04           0.00000E+00
  -18690.000       -0.10902596E+04           0.00000E+00
  -18685.000       -0.10871111E+04           0.00000E+00
  -18680.000       -0.10839656E+04           0.00000E+00
  -18675.000       -0.10808260E+04           0.00000E+00
  -18670.000       -0.10776925E+04           0.00000E+00
  -18665.000       -0.10745650E+04           0.00000E+00
  -18660.000       -0.10714414E+04           0.00000E+00
  -18655.000       -0.10683249E+04           0.00000E+00
  -18650.000       -0.10652124E+04           0.00000E+00
  -18645.000       -0.10621049E+04           0.00000E+00
  -18640.000       -0.10590033E+04           0.00000E+00
  -18635.000       -0.10559068E+04           0.00000E+00
  -18630.000       -0.10528153E+04           0.00000E+00
  -18625.000       -0.10497298E+04           0.00000E+00
  -18620.000       -0.10466492E+04           0.00000E+00
  -18615.000       -0.10435747E+04           0.00000E+00
  -18610.000       -0.10405042E+04           0.00000E+00
  -18605.000       -0.10374396E+04           0.00000E+00
  -18600.000       -0.10343791E+04           0.00000E+00
  -18595.000       -0.10313256E+04           0.00000E+00
  -18590.000       -0.10282771E+04           0.00000E+00
  -18585.000       -0.10252335E+04           0.00000E+00
  -18580.000       -0.10221960E+04           0.00000E+00
  -18575.000       -0.10191635E+04           0.00000E+00
  -18570.000       -0.10161349E+04           0.00000E+00
  -18565.000       -0.10131124E+04           0.00000E+00
  -18560.000       -0.10100949E+04           0.00000E+00
  -18555.000       -0.10070824E+04           0.00000E+00
  -18550.000       -0.10040758E+04           0.00000E+00
  -18545.000       -0.10010733E+04           0.00000E+00
  -18540.000       -0.99807778E+03           0.00000E+00
  -18535.000       -0.99508626E+03           0.00000E+00
  -18530.000       -0.99210073E+03           0.00000E+00
  -18525.000       -0.98912120E+03           0.00000E+00
  -18520.000       -0.98614467E+03           0.00000E+00
  -18515.000       -0.98317514E+03           0.00000E+00
  -18510.000       -0.98020962E+03           0.00000E+00
  -18505.000       -0.97725009E+03           0.00000E+00
  -18500.000       -0.97429556E+03           0.00000E+00
  -18495.000       -0.97134603E+03           0.00000E+00
  -18490.000       -0.96840351E+03           0.00000E+00
  -18485.000       -0.96546298E+03           0.00000E+00
  -18480.000       -0.96252945E+03           0.00000E+00
  -18475.000       -0.95960092E+03           0.00000E+00
  -18470.000       -0.95667739E+03           0.00000E+00
  -18465.000       -0.95375987E+03           0.00000E+00
  -18460.000       -0.95084734E+03           0.00000E+00
  -18455.000       -0.94793881E+03           0.00000E+00
  -18450.000       -0.94503628E+03           0.00000E+00
  -18445.000       -0.94213876E+03           0.00000E+00
  -18440.000       -0.93924723E+03           0.00000E+00
  -18435.000       -0.93635970E+03           0.00000E+00
  -18430.000       -0.93347617E+03           0.00000E+00
  -18425.000       -0.93059964E+03           0.00000E+00
  -18420.000       -0.92772912E+03           0.00000E+00
  -18415.000       -0.92486359E+03           0.00000E+00
  -18410.000       -0.92200106E+03           0.00000E+00
  -18405.000       -0.91914553E+03           0.00000E+00
  -18400.000       -0.91629401E+03           0.00000E+00
  -18395.000       -0.91344848E+03           0.00000E+00
  -18390.000       -0.91060795E+03           0.00000E+00
  -18385.000       -0.90777142E+03           0.00000E+00
  -18380.000       -0.90494089E+03           0.00000E+00
  -18375.000       -0.90211637E+03           0.00000E+00
  -18370.000       -0.89929584E+03           0.00000E+00
  -18365.000       -0.89648031E+03           0.00000E+00
  -18360.000       -0.89367178E+03           0.00000E+00
  -18355.000       -0.89086625E+03           0.00000E+00
  -18350.000       -0.88806673E+03           0.00000E+00
  -18345.000       -0.88527220E+03           0.00000E+00
  -18340.000       -0.88248267E+03           0.00000E+00
  -18335.000       -0.87969814E+03           0.00000E+00
  -18330.000       -0.87691862E+03           0.00000E+00
  -18325.000       -0.87414409E+03           0.00000E+00
  -18320.000       -0.87137556E+03           0.00000E+00
  -18315.000       -0.86861103E+03           0.00000E+00
  -18310.000       -0.86585250E+03           0.00000E+00
  -18305.000       -0.86309798E+03           0.00000E+00
  -18300.000       -0.86034945E+03           0.00000E+00
  -18295.000       -0.85760592E+03           0.00000E+00
  -18290.000       -0.85486639E+03           0.00000E+00
  -18285.000       -0.85213387E+03           0.00000E+00
  -18280.000       -0.84940534E+03           0.00000E+00
  -18275.000       -0.84668181E+03           0.00000E+00
  -18270.000       -0.84396328E+03           0.00000E+00
  -18265.000       -0.84124875E+03           0.00000E+00
  -18260.000       -0.83854123E+03           0.00000E+00
  -18255.000       -0.83583770E+03           0.00000E+00
  -18250.000       -0.83313917E+03           0.00000E+00
  -18245.000       -0.83044664E+03           0.00000E+00
  -18240.000       -0.82775812E+03           0.00000E+00
  -18235.000       -0.82507559E+03           0.00000E+00
  -18230.000       -0.82239706E+03           0.00000E+00
  -18225.000       -0.81972353E+03           0.00000E+00
  -18220.000       -0.81705600E+03           0.00000E+00
  -18215.000       -0.81439248E+03           0.00000E+00
  -18210.000       -0.81173595E+03           0.00000E+00
  -18205.000       -0.80908142E+03           0.00000E+00
  -18200.000       -0.80643389E+03           0.00000E+00
  -18195.000       -0.80379037E+03           0.00000E+00
  -18190.000       -0.80115384E+03           0.00000E+00
  -18185.000       -0.79852031E+03           0.00000E+00
  -18180.000       -0.79589278E+03           0.00000E+00
  -18175.000       -0.79326925E+03           0.00000E+00
  -18170.000       -0.79065173E+03           0.00000E+00
  -18165.000       -0.78803820E+03           0.00000E+00
  -18160.000       -0.78543067E+03           0.00000E+00
  -18155.000       -0.78282714E+03           0.00000E+00
  -18150.000       -0.78022962E+03           0.00000E+00
  -18145.000       -0.77763609E+03           0.00000E+00
  -18140.000       -0.77504756E+03           0.00000E+00
  -18135.000       -0.77246503E+03           0.00000E+00
  -18130.000       -0.76988750E+03           0.00000E+00
  -18125.000       -0.76731298E+03           0.00000E+00
  -18120.000       -0.76474545E+03           0.00000E+00
  -18115.000       -0.76218192E+03           0.00000E+00
  -18110.000       -0.75962339E+03           0.00000E+00
  -18105.000       -0.75706987E+03           0.00000E+00
  -18100.000       -0.75452134E+03           0.00000E+00
  -18095.000       -0.75197881E+03           0.00000E+00
  -18090.000       -0.74943928E+03           0.00000E+00
  -18085.000       -0.74690575E+03           0.00000E+00
  -18080.000       -0.74437623E+03           0.00000E+00
  -18075.000       -0.74185370E+03           0.00000E+00
  -18070.000       -0.73933417E+03           0.00000E+00
  -18065.000       -0.73682064E+03           0.00000E+00
  -18060.000       -0.73431112E+03           0.00000E+00
  -18055.000       -0.73180759E+03           0.00000E+00
  -18050.000       -0.72930706E+03           0.00000E+00
  -18045.000       -0.72681253E+03           0.00000E+00
  -18040.000       -0.72432500E+03           0.00000E+00
  -18035.000       -0.72183948E+03           0.00000E+00
  -18030.000       -0.71935995E+03           0.00000E+00
  -18025.000       -0.71688542E+03           0.00000E+00
  -18020.000       -0.71441589E+03           0.00000E+00
  -18015.000       -0.71195037E+03           0.00000E+00
  -18010.000       -0.70948984E+03           0.00000E+00
  -18005.000       -0.70703531E+03           0.00000E+00
  -18000.000       -0.70458478E+03           0.00000E+00
  -17995.000       -0.70213925E+03           0.00000E+00
  -17990.000       -0.69969873E+03           0.00000E+00
  -17985.000       -0.69726220E+03           0.00000E+00
  -17980.000       -0.69483167E+03           0.00000E+00
  -17975.000       -0.69240514E+03           0.00000E+00
  -17970.000       -0.68998362E+03           0.00000E+00
  -17965.000       -0.68756809E+03           0.00000E+00
  -17960.000       -0.68515656E+03           0.00000E+00
  -17955.000       -0.68275003E+03           0.00000E+00
  -17950.000       -0.68034850E+03           0.00000E+00
  -17945.000       -0.67795098E+03           0.00000E+00
  -17940.000       -0.67555845E+03           0.00000E+00
  -17935.000       -0.67317192E+03           0.00000E+00
  -17930.000       -0.67079039E+03           0.00000E+00
  -17925.000       -0.66841087E+03           0.00000E+00
  -17920.000       -0.66603834E+03           0.00000E+00
  -17915.000       -0.66366981E+03           0.00000E+00
  -17910.000       -0.66130728E+03           0.00000E+00
  -17905.000       -0.65894875E+03           0.00000E+00
  -17900.000       -0.65659523E+03           0.00000E+00
  -17895.000       -0.65424670E+03           0.00000E+00
  -17890.000       -0.65190317E+03           0.00000E+00
  -17885.000       -0.64956364E+03           0.00000E+00
  -17880.000       -0.64722912E+03           0.00000E+00
  -17875.000       -0.64489859E+03           0.00000E+00
  -17870.000       -0.64257506E+03           0.00000E+00
  -17865.000       -0.64025453E+03           0.00000E+00
  -17860.000       -0.63794000E+03           0.00000E+00
  -17855.000       -0.63562848E+03           0.00000E+00
  -17850.000       -0.63332195E+03           0.00000E+00
  -17845.000       -0.63102142E+03           0.00000E+00
  -17840.000       -0.62872589E+03           0.00000E+00
  -17835.000       -0.62643437E+03           0.00000E+00
  -17830.000       -0.62414784E+03           0.00000E+00
  -17825.000       -0.62186531E+03           0.00000E+00
  -17820.000       -0.61958878E+03           0.00000E+00
  -17815.000       -0.61731625E+03           0.00000E+00
  -17810.000       -0.61504873E+03           0.00000E+00
  -17805.000       -0.61278520E+03           0.00000E+00
  -17800.000       -0.61052667E+03           0.00000E+00
  -17795.000       -0.60827414E+03           0.00000E+00
  -17790.000       -0.60602462E+03           0.00000E+00
  -17785.000       -0.60378009E+03           0.00000E+00
  -17780.000       -0.60154156E+03           0.00000E+00
  -17775.000       -0.59930703E+03           0.00000E+00
  -17770.000       -0.59707750E+03           0.00000E+00
  -17765.000       -0.59485198E+03           0.00000E+00
  -17760.000       -0.59263145E+03           0.00000E+00
  -17755.000       -0.59041592E+03           0.00000E+00
  -17750.000       -0.58820439E+03           0.00000E+00
  -17745.000       -0.58599887E+03           0.00000E+00
  -17740.000       -0.58379634E+03           0.00000E+00
  -17735.000       -0.58159981E+03           0.00000E+00
  -17730.000       -0.57940728E+03           0.00000E+00
  -17725.000       -0.57721975E+03           0.00000E+00
  -17720.000       -0.57503723E+03           0.00000E+00
  -17715.000       -0.57285970E+03           0.00000E+00
  -17710.000       -0.57068517E+03           0.00000E+00
  -17705.000       -0.56851764E+03           0.00000E+00
  -17700.000       -0.56635312E+03           0.00000E+00
  -17695.000       -0.56419259E+03           0.00000E+00
  -17690.000       -0.56203806E+03           0.00000E+00
  -17685.000       -0.55988753E+03           0.00000E+00
  -17680.000       -0.55774300E+03           0.00000E+00
  -17675.000       -0.55560148E+03           0.00000E+00
  -17670.000       -0.55346495E+03           0.00000E+00
  -17665.000       -0.55133442E+03           0.00000E+00
  -17660.000       -0.54920689E+03           0.00000E+00
  -17655.000       -0.54708437E+03           0.00000E+00
  -17650.000       -0.54496684E+03           0.00000E+00
  -17645.000       -0.54285331E+03           0.00000E+00
  -17640.000       -0.54074478E+03           0.00000E+00
  -17635.000       -0.53864125E+03           0.00000E+00
  -17630.000       -0.53654273E+03           0.00000E+00
  -17625.000       -0.53444820E+03           0.00000E+00
  -17620.000       -0.53235767E+03           0.00000E+00
  -17615.000       -0.53027214E+03           0.00000E+00
  -17610.000       -0.52819162E+03           0.00000E+00
  -17605.000       -0.52611609E+03           0.00000E+00
  -17600.000       -0.52404456E+03           0.00000E+00
  -17595.000       -0.52197703E+03           0.00000E+00
  -17590.000       -0.51991550E+03           0.00000E+00
  -17585.000       -0.51785798E+03           0.00000E+00
  -17580.000       -0.51580345E+03           0.00000E+00
  -17575.000       -0.51375592E+03           0.00000E+00
  -17570.000       -0.51171139E+03           0.00000E+00
  -17565.000       -0.50967186E+03           0.00000E+00
  -17560.000       -0.50763834E+03           0.00000E+00
  -17555.000       -0.50560681E+03           0.00000E+00
  -17550.000       -0.50358228E+03           0.00000E+00
  -17545.000       -0.50156075E+03           0.00000E+00
  -17540.000       -0.49954423E+03           0.00000E+00
  -17535.000       -0.49753270E+03           0.00000E+00
  -17530.000       -0.49552517E+03           0.00000E+00
  -17525.000       -0.49352164E+03           0.00000E+00
  -17520.000       -0.49152411E+03           0.00000E+00
  -17515.000       -0.48952959E+03           0.00000E+00
  -17510.000       -0.48754106E+03           0.00000E+00
  -17505.000       -0.48555653E+03           0.00000E+00
  -17500.000       -0.48357600E+03           0.00000E+00
  -17495.000       -0.48160048E+03           0.00000E+00
  -17490.000       -0.47962995E+03           0.00000E+00
  -17485.000       -0.47766342E+03           0.00000E+00
  -17480.000       -0.47570089E+03           0.00000E+00
  -17475.000       -0.47374336E+03           0.00000E+00
  -17470.000       -0.47179084E+03           0.00000E+00
  -17465.000       -0.46984231E+03           0.00000E+00
  -17460.000       -0.46789878E+03           0.00000E+00
  -17455.000       -0.46595925E+03           0.00000E+00
  -17450.000       -0.46402473E+03           0.00000E+00
  -17445.000       -0.46209320E+03           0.00000E+00
  -17440.000       -0.46016767E+03           0.00000E+00
  -17435.000       -0.45824614E+03           0.00000E+00
  -17430.000       -0.45632961E+03           0.00000E+00
  -17425.000       -0.45441709E+03           0.00000E+00
  -17420.000       -0.45250956E+03           0.00000E+00
  -17415.000       -0.45060603E+03           0.00000E+00
  -17410.000       -0.44870750E+03           0.00000E+00
  -17405.000       -0.44681198E+03           0.00000E+00
  -17400.000       -0.44492245E+03           0.00000E+00
  -17395.000       -0.44303592E+03           0.00000E+00
  -17390.000       -0.44115639E+03           0.00000E+00
  -17385.000       -0.43927886E+03           0.00000E+00
  -17380.000       -0.43740734E+03           0.00000E+00
  -17375.000       -0.43553881E+03           0.00000E+00
  -17370.000       -0.43367628E+03           0.00000E+00
  -17365.000       -0.43181675E+03           0.00000E+00
  -17360.000       -0.42996323E+03           0.00000E+00
  -17355.000       -0.42811270E+03           0.00000E+00
  -17350.000       -0.42626717E+03           0.00000E+00
  -17345.000       -0.42442664E+03           0.00000E+00
  -17340.000       -0.42259011E+03           0.00000E+00
  -17335.000       -0.42075859E+03           0.00000E+00
  -17330.000       -0.41893006E+03           0.00000E+00
  -17325.000       -0.41710653E+03           0.00000E+00
  -17320.000       -0.41528800E+03           0.00000E+00
  -17315.000       -0.41347348E+03           0.00000E+00
  -17310.000       -0.41166395E+03           0.00000E+00
  -17305.000       -0.40985842E+03           0.00000E+00
  -17300.000       -0.40805689E+03           0.00000E+00
  -17295.000       -0.40625936E+03           0.00000E+00
  -17290.000       -0.40446784E+03           0.00000E+00
  -17285.000       -0.40268031E+03           0.00000E+00
  -17280.000       -0.40089678E+03           0.00000E+00
  -17275.000       -0.39911725E+03           0.00000E+00
  -17270.000       -0.39734173E+03           0.00000E+00
  -17265.000       -0.39557220E+03           0.00000E+00
  -17260.000       -0.39380567E+03           0.00000E+00
  -17255.000       -0.39204414E+03           0.00000E+00
  -17250.000       -0.39028761E+03           0.00000E+00
  -17245.000       -0.38853409E+03           0.00000E+00
  -17240.000       -0.38678656E+03           0.00000E+00
  -17235.000       -0.38504203E+03           0.00000E+00
  -17230.000       -0.38330250E+03           0.00000E+00
  -17225.000       -0.38156698E+03           0.00000E+00
  -17220.000       -0.37983645E+03           0.00000E+00
  -17215.000       -0.37810992E+03           0.00000E+00
  -17210.000       -0.37638639E+03           0.00000E+00
  -17205.000       -0.37466886E+03           0.00000E+00
  -17200.000       -0.37295534E+03           0.00000E+00
  -17195.000       -0.37124581E+03           0.00000E+00
  -17190.000       -0.36954128E+03           0.00000E+00
  -17185.000       -0.36784175E+03           0.00000E+00
  -17180.000       -0.36614523E+03           0.00000E+00
  -17175.000       -0.36445270E+03           0.00000E+00
  -17170.000       -0.36276517E+03           0.00000E+00
  -17165.000       -0.36108264E+03           0.00000E+00
  -17160.000       -0.35940311E+03           0.00000E+00
  -17155.000       -0.35772859E+03           0.00000E+00
  -17150.000       -0.35605806E+03           0.00000E+00
  -17145.000       -0.35439253E+03           0.00000E+00
  -17140.000       -0.35273100E+03           0.00000E+00
  -17135.000       -0.35107348E+03           0.00000E+00
  -17130.000       -0.34942095E+03           0.00000E+00
  -17125.000       -0.34777242E+03           0.00000E+00
  -17120.000       -0.34612789E+03           0.00000E+00
  -17115.000       -0.34448736E+03           0.00000E+00
  -17110.000       -0.34285184E+03           0.00000E+00
  -17105.000       -0.34122031E+03           0.00000E+00
  -17100.000       -0.33959378E+03           0.00000E+00
  -17095.000       -0.33797025E+03           0.00000E+00
  -17090.000       -0.33635173E+03           0.00000E+00
  -17085.000       -0.33473820E+03           0.00000E+00
  -17080.000       -0.33312767E+03           0.00000E+00
  -17075.000       -0.33152214E+03           0.00000E+00
  -17070.000       -0.32992061E+03           0.00000E+00
  -17065.000       -0.32832309E+03           0.00000E+00
  -17060.000       -0.32673056E+03           0.00000E+00
  -17055.000       -0.32514203E+03           0.00000E+00
  -17050.000       -0.32355750E+03           0.00000E+00
  -17045.000       -0.32197698E+03           0.00000E+00
  -17040.000       -0.32040145E+03           0.00000E+00
  -17035.000       -0.31882892E+03           0.00000E+00
  -17030.000       -0.31726239E+03           0.00000E+00
  -17025.000       -0.31569886E+03           0.00000E+00
  -17020.000       -0.31414034E+03           0.00000E+00
  -17015.000       -0.31258581E+03           0.00000E+00
  -17010.000       -0.31103528E+03           0.00000E+00
  -17005.000       -0.30948875E+03           0.00000E+00
  -17000.000       -0.30794723E+03           0.00000E+00
  -16995.000       -0.30640970E+03           0.00000E+00
  -16990.000       -0.30487617E+03           0.00000E+00
  -16985.000       -0.30334764E+03           0.00000E+00
  -16980.000       -0.30182211E+03           0.00000E+00
  -16975.000       -0.30030059E+03           0.00000E+00
  -16970.000       -0.29878406E+03           0.00000E+00
  -16965.000       -0.29727253E+03           0.00000E+00
  -16960.000       -0.29576400E+03           0.00000E+00
  -16955.000       -0.29425948E+03           0.00000E+00
  -16950.000       -0.29275995E+03           0.00000E+00
  -16945.000       -0.29126442E+03           0.00000E+00
  -16940.000       -0.28977289E+03           0.00000E+00
  -16935.000       -0.28828636E+03           0.00000E+00
  -16930.000       -0.28680384E+03           0.00000E+00
  -16925.000       -0.28532431E+03           0.00000E+00
  -16920.000       -0.28384978E+03           0.00000E+00
  -16915.000       -0.28238025E+03           0.00000E+00
  -16910.000       -0.28091273E+03           0.00000E+00
  -16905.000       -0.27945120E+03           0.00000E+00
  -16900.000       -0.27799367E+03           0.00000E+00
  -16895.000       -0.27654014E+03           0.00000E+00
  -16890.000       -0.27509061E+03           0.00000E+00
  -16885.000       -0.27364509E+03           0.00000E+00
  -16880.000       -0.27220356E+03           0.00000E+00
  -16875.000       -0.27076703E+03           0.00000E+00
  -16870.000       -0.26933450E+03           0.00000E+00
  -16865.000       -0.26790498E+03           0.00000E+00
  -16860.000       -0.26648145E+03           0.00000E+00
  -16855.000       -0.26506092E+03           0.00000E+00
  -16850.000       -0.26364439E+03           0.00000E+00
  -16845.000       -0.26223186E+03           0.00000E+00
  -16840.000       -0.26082434E+03           0.00000E+00
  -16835.000       -0.25941981E+03           0.00000E+00
  -16830.000       -0.25802128E+03           0.00000E+00
  -16825.000       -0.25662475E+03           0.00000E+00
  -16820.000       -0.25523422E+03           0.00000E+00
  -16815.000       -0.25384670E+03           0.00000E+00
  -16810.000       -0.25246317E+03           0.00000E+00
  -16805.000       -0.25108464E+03           0.00000E+00
  -16800.000       -0.24970911E+03           0.00000E+00
  -16795.000       -0.24833959E+03           0.00000E+00
  -16790.000       -0.24697206E+03           0.00000E+00
  -16785.000       -0.24560953E+03           0.00000E+00
  -16780.000       -0.24425100E+03           0.00000E+00
  -16775.000       -0.24289747E+03           0.00000E+00
  -16770.000       -0.24154695E+03           0.00000E+00
  -16765.000       -0.24020042E+03           0.00000E+00
  -16760.000       -0.23885789E+03           0.00000E+00
  -16755.000       -0.23752036E+03           0.00000E+00
  -16750.000       -0.23618684E+03           0.00000E+00
  -16745.000       -0.23485731E+03           0.00000E+00
  -16740.000       -0.23353178E+03           0.00000E+00
  -16735.000       -0.23221025E+03           0.00000E+00
  -16730.000       -0.23089172E+03           0.00000E+00
  -16725.000       -0.22957820E+03           0.00000E+00
  -16720.000       -0.22826967E+03           0.00000E+00
  -16715.000       -0.22696414E+03           0.00000E+00
  -16710.000       -0.22566261E+03           0.00000E+00
  -16705.000       -0.22436609E+03           0.00000E+00
  -16700.000       -0.22307256E+03           0.00000E+00
  -16695.000       -0.22178403E+03           0.00000E+00
  -16690.000       -0.22049850E+03           0.00000E+00
  -16685.000       -0.21921797E+03           0.00000E+00
  -16680.000       -0.21794045E+03           0.00000E+00
  -16675.000       -0.21666792E+03           0.00000E+00
  -16670.000       -0.21539939E+03           0.00000E+00
  -16665.000       -0.21413486E+03           0.00000E+00
  -16660.000       -0.21287434E+03           0.00000E+00
  -16655.000       -0.21161681E+03           0.00000E+00
  -16650.000       -0.21036528E+03           0.00000E+00
  -16645.000       -0.20911575E+03           0.00000E+00
  -16640.000       -0.20787222E+03           0.00000E+00
  -16635.000       -0.20663170E+03           0.00000E+00
  -16630.000       -0.20539517E+03           0.00000E+00
  -16625.000       -0.20416264E+03           0.00000E+00
  -16620.000       -0.20293411E+03           0.00000E+00
  -16615.000       -0.20170959E+03           0.00000E+00
  -16610.000       -0.20049006E+03           0.00000E+00
  -16605.000       -0.19927253E+03           0.00000E+00
  -16600.000       -0.19806100E+03           0.00000E+00
  -16595.000       -0.19685247E+03           0.00000E+00
  -16590.000       -0.19564795E+03           0.00000E+00
  -16585.000       -0.19444742E+03           0.00000E+00
  -16580.000       -0.19325089E+03           0.00000E+00
  -16575.000       -0.19205836E+03           0.00000E+00
  -16570.000       -0.19086984E+03           0.00000E+00
  -16565.000       -0.18968531E+03           0.00000E+00
  -16560.000       -0.18850578E+03           0.00000E+00
  -16555.000       -0.18732825E+03           0.00000E+00
  -16550.000       -0.18615572E+03           0.00000E+00
  -16545.000       -0.18498820E+03           0.00000E+00
  -16540.000       -0.18382367E+03           0.00000E+00
  -16535.000       -0.18266314E+03           0.00000E+00
  -16530.000       -0.18150661E+03           0.00000E+00
  -16525.000       -0.18035309E+03           0.00000E+00
  -16520.000       -0.17920556E+03           0.00000E+00
  -16515.000       -0.17806103E+03           0.00000E+00
  -16510.000       -0.17691950E+03           0.00000E+00
  -16505.000       -0.17578297E+03           0.00000E+00
  -16500.000       -0.17465045E+03           0.00000E+00
  -16495.000       -0.17352192E+03           0.00000E+00
  -16490.000       -0.17239639E+03           0.00000E+00
  -16485.000       -0.17127586E+03           0.00000E+00
  -16480.000       -0.17015834E+03           0.00000E+00
  -16475.000       -0.16904581E+03           0.00000E+00
  -16470.000       -0.16793628E+03           0.00000E+00
  -16465.000       -0.16683175E+03           0.00000E+00
  -16460.000       -0.16573022E+03           0.00000E+00
  -16455.000       -0.16463270E+03           0.00000E+00
  -16450.000       -0.16354017E+03           0.00000E+00
  -16445.000       -0.16244964E+03           0.00000E+00
  -16440.000       -0.16136411E+03           0.00000E+00
  -16435.000       -0.16028259E+03           0.00000E+00
  -16430.000       -0.15920406E+03           0.00000E+00
  -16425.000       -0.15813053E+03           0.00000E+00
  -16420.000       -0.15706100E+03           0.00000E+00
  -16415.000       -0.15599447E+03           0.00000E+00
  -16410.000       -0.15493295E+03           0.00000E+00
  -16405.000       -0.15387442E+03           0.00000E+00
  -16400.000       -0.15281989E+03           0.00000E+00
  -16395.000       -0.15176936E+03           0.00000E+00
  -16390.000       -0.15072284E+03           0.00000E+00
  -16385.000       -0.14968031E+03           0.00000E+00
  -16380.000       -0.14864178E+03           0.00000E+00
  -16375.000       -0.14760725E+03           0.00000E+00
  -16370.000       -0.14657572E+03           0.00000E+00
  -16365.000       -0.14554820E+03           0.00000E+00
  -16360.000       -0.14452567E+03           0.00000E+00
  -16355.000       -0.14350614E+03           0.00000E+00
  -16350.000       -0.14248961E+03           0.00000E+00
  -16345.000       -0.14147809E+03           0.00000E+00
  -16340.000       -0.14047056E+03           0.00000E+00
  -16335.000       -0.13946703E+03           0.00000E+00
  -16330.000       -0.13846650E+03           0.00000E+00
  -16325.000       -0.13747097E+03           0.00000E+00
  -16320.000       -0.13647745E+03           0.00000E+00
  -16315.000       -0.13548892E+03           0.00000E+00
  -16310.000       -0.13450539E+03           0.00000E+00
  -16305.000       -0.13352386E+03           0.00000E+00
  -16300.000       -0.13254734E+03           0.00000E+00
  -16295.000       -0.13157381E+03           0.00000E+00
  -16290.000       -0.13060428E+03           0.00000E+00
  -16285.000       -0.12963875E+03           0.00000E+00
  -16280.000       -0.12867722E+03           0.00000E+00
  -16275.000       -0.12771870E+03           0.00000E+00
  -16270.000       -0.12676517E+03           0.00000E+00
  -16265.000       -0.12581464E+03           0.00000E+00
  -16260.000       -0.12486811E+03           0.00000E+00
  -16255.000       -0.12392659E+03           0.00000E+00
  -16250.000       -0.12298706E+03           0.00000E+00
  -16245.000       -0.12205253E+03           0.00000E+00
  -16240.000       -0.12112100E+03           0.00000E+00
  -16235.000       -0.12019347E+03           0.00000E+00
  -16230.000       -0.11926995E+03           0.00000E+00
  -16225.000       -0.11835042E+03           0.00000E+00
  -16220.000       -0.11743489E+03           0.00000E+00
  -16215.000       -0.11652236E+03           0.00000E+00
  -16210.000       -0.11561384E+03           0.00000E+00
  -16205.000       -0.11470931E+03           0.00000E+00
  -16200.000       -0.11380878E+03           0.00000E+00
  -16195.000       -0.11291225E+03           0.00000E+00
  -16190.000       -0.11201872E+03           0.00000E+00
  -16185.000       -0.11112920E+03           0.00000E+00
  -16180.000       -0.11024367E+03           0.00000E+00
  -16175.000       -0.10936114E+03           0.00000E+00
  -16170.000       -0.10848261E+03           0.00000E+00
  -16165.000       -0.10760809E+03           0.00000E+00
  -16160.000       -0.10673756E+03           0.00000E+00
  -16155.000       -0.10587103E+03           0.00000E+00
  -16150.000       -0.10500750E+03           0.00000E+00
  -16145.000       -0.10414797E+03           0.00000E+00
  -16140.000       -0.10329245E+03           0.00000E+00
  -16135.000       -0.10244092E+03           0.00000E+00
  -16130.000       -0.10159239E+03           0.00000E+00
  -16125.000       -0.10074886E+03           0.00000E+00
  -16120.000       -0.99908335E+02           0.00000E+00
  -16115.000       -0.99070807E+02           0.00000E+00
  -16110.000       -0.98237280E+02           0.00000E+00
  -16105.000       -0.97407752E+02           0.00000E+00
  -16100.000       -0.96582224E+02           0.00000E+00
  -16095.000       -0.95760696E+02           0.00000E+00
  -16090.000       -0.94942168E+02           0.00000E+00
  -16085.000       -0.94127641E+02           0.00000E+00
  -16080.000       -0.93316113E+02           0.00000E+00
  -16075.000       -0.92509585E+02           0.00000E+00
  -16070.000       -0.91706057E+02           0.00000E+00
  -16065.000       -0.90906529E+02           0.00000E+00
  -16060.000       -0.90110002E+02           0.00000E+00
  -16055.000       -0.89317474E+02           0.00000E+00
  -16050.000       -0.88528946E+02           0.00000E+00
  -16045.000       -0.87744418E+02           0.00000E+00
  -16040.000       -0.86963891E+02           0.00000E+00
  -16035.000       -0.86185363E+02           0.00000E+00
  -16030.000       -0.85412835E+02           0.00000E+00
  -16025.000       -0.84641307E+02           0.00000E+00
  -16020.000       -0.83874779E+02           0.00000E+00
  -16015.000       -0.83112252E+02           0.00000E+00
  -16010.000       -0.82353724E+02           0.00000E+00
  -16005.000       -0.81598196E+02           0.00000E+00
  -16000.000       -0.80845668E+02           0.00000E+00
  -15995.000       -0.80098140E+02           0.00000E+00
  -15990.000       -0.79353613E+02           0.00000E+00
  -15985.000       -0.78613085E+02           0.00000E+00
  -15980.000       -0.77875557E+02           0.00000E+00
  -15975.000       -0.77142029E+02           0.00000E+00
  -15970.000       -0.76412502E+02           0.00000E+00
  -15965.000       -0.75685974E+02           0.00000E+00
  -15960.000       -0.74963446E+02           0.00000E+00
  -15955.000       -0.74244918E+02           0.00000E+00
  -15950.000       -0.73529390E+02           0.00000E+00
  -15945.000       -0.72817863E+02           0.00000E+00
  -15940.000       -0.72110335E+02           0.00000E+00
  -15935.000       -0.71405807E+02           0.00000E+00
  -15930.000       -0.70705279E+02           0.00000E+00
  -15925.000       -0.70007751E+02           0.00000E+00
  -15920.000       -0.69315224E+02           0.00000E+00
  -15915.000       -0.68624696E+02           0.15728E-29
  -15910.000       -0.67939168E+02           0.31217E-29
  -15905.000       -0.67256640E+02           0.61775E-29
  -15900.000       -0.66577113E+02           0.12188E-28
  -15895.000       -0.65901585E+02           0.23950E-28
  -15890.000       -0.65230057E+02           0.46876E-28
  -15885.000       -0.64562529E+02           0.91380E-28
  -15880.000       -0.63898001E+02           0.17760E-27
  -15875.000       -0.63236474E+02           0.34415E-27
  -15870.000       -0.62579946E+02           0.66355E-27
  -15865.000       -0.61925418E+02           0.12768E-26
  -15860.000       -0.61275890E+02           0.24447E-26
  -15855.000       -0.60629362E+02           0.46666E-26
  -15850.000       -0.59986835E+02           0.88726E-26
  -15845.000       -0.59347307E+02           0.16819E-25
  -15840.000       -0.58711779E+02           0.31754E-25
  -15835.000       -0.58079251E+02           0.59773E-25
  -15830.000       -0.57450724E+02           0.11206E-24
  -15825.000       -0.56825196E+02           0.20947E-24
  -15820.000       -0.56204668E+02           0.38960E-24
  -15815.000       -0.55587140E+02           0.72246E-24
  -15810.000       -0.54971612E+02           0.13370E-23
  -15805.000       -0.54361085E+02           0.24620E-23
  -15800.000       -0.53754557E+02           0.45154E-23
  -15795.000       -0.53151029E+02           0.82566E-23
  -15790.000       -0.52550501E+02           0.15052E-22
  -15785.000       -0.51953974E+02           0.27332E-22
  -15780.000       -0.51361446E+02           0.49432E-22
  -15775.000       -0.50771918E+02           0.89133E-22
  -15770.000       -0.50186390E+02           0.16008E-21
  -15765.000       -0.49603862E+02           0.28663E-21
  -15760.000       -0.49025335E+02           0.51117E-21
  -15755.000       -0.48449807E+02           0.90890E-21
  -15750.000       -0.47878279E+02           0.16096E-20
  -15745.000       -0.47309751E+02           0.28421E-20
  -15740.000       -0.46745223E+02           0.49981E-20
  -15735.000       -0.46184696E+02           0.87547E-20
  -15730.000       -0.45627168E+02           0.15289E-19
  -15725.000       -0.45072640E+02           0.26620E-19
  -15720.000       -0.44522112E+02           0.46163E-19
  -15715.000       -0.43975585E+02           0.79735E-19
  -15710.000       -0.43432057E+02           0.13731E-18
  -15705.000       -0.42891529E+02           0.23575E-18
  -15700.000       -0.42355001E+02           0.40314E-18
  -15695.000       -0.41822473E+02           0.68664E-18
  -15690.000       -0.41291946E+02           0.11672E-17
  -15685.000       -0.40766418E+02           0.19741E-17
  -15680.000       -0.40244890E+02           0.33256E-17
  -15675.000       -0.39725362E+02           0.55911E-17
  -15670.000       -0.39209834E+02           0.93624E-17
  -15665.000       -0.38698307E+02           0.15615E-16
  -15660.000       -0.38189779E+02           0.25965E-16
  -15655.000       -0.37685251E+02           0.43003E-16
  -15650.000       -0.37182723E+02           0.71080E-16
  -15645.000       -0.36685196E+02           0.11690E-15
  -15640.000       -0.36190668E+02           0.19169E-15
  -15635.000       -0.35699140E+02           0.31337E-15
  -15630.000       -0.35211612E+02           0.51026E-15
  -15625.000       -0.34728084E+02           0.82753E-15
  -15620.000       -0.34247557E+02           0.13381E-14
  -15615.000       -0.33770029E+02           0.21571E-14
  -15610.000       -0.33296501E+02           0.34635E-14
  -15605.000       -0.32825973E+02           0.55445E-14
  -15600.000       -0.32359445E+02           0.88404E-14
  -15595.000       -0.31895918E+02           0.14053E-13
  -15590.000       -0.31436390E+02           0.22251E-13
  -15585.000       -0.30979862E+02           0.35125E-13
  -15580.000       -0.30526334E+02           0.55282E-13
  -15575.000       -0.30076807E+02           0.86658E-13
  -15570.000       -0.29631279E+02           0.13530E-12
  -15565.000       -0.29187751E+02           0.21082E-12
  -15560.000       -0.28749223E+02           0.32687E-12
  -15555.000       -0.28313695E+02           0.50526E-12
  -15550.000       -0.27881168E+02           0.77869E-12
  -15545.000       -0.27451640E+02           0.11965E-11
  -15540.000       -0.27027112E+02           0.18293E-11
  -15535.000       -0.26604584E+02           0.27911E-11
  -15530.000       -0.26186056E+02           0.42417E-11
  -15525.000       -0.25770529E+02           0.64269E-11
  -15520.000       -0.25359001E+02           0.96990E-11
  -15515.000       -0.24950473E+02           0.14593E-10
  -15510.000       -0.24545945E+02           0.21869E-10
  -15505.000       -0.24143418E+02           0.32707E-10
  -15500.000       -0.23745890E+02           0.48673E-10
  -15495.000       -0.23351362E+02           0.72216E-10
  -15490.000       -0.22959834E+02           0.10682E-09
  -15485.000       -0.22571306E+02           0.15755E-09
  -15480.000       -0.22186779E+02           0.23142E-09
  -15475.000       -0.21806251E+02           0.33858E-09
  -15470.000       -0.21427723E+02           0.49438E-09
  -15465.000       -0.21054195E+02           0.71826E-09
  -15460.000       -0.20682667E+02           0.10414E-08
  -15455.000       -0.20316140E+02           0.15025E-08
  -15450.000       -0.19951612E+02           0.21633E-08
  -15445.000       -0.19590084E+02           0.31055E-08
  -15440.000       -0.19233556E+02           0.44358E-08
  -15435.000       -0.18879029E+02           0.63233E-08
  -15430.000       -0.18528501E+02           0.89779E-08
  -15425.000       -0.18180973E+02           0.12709E-07
  -15420.000       -0.17837445E+02           0.17918E-07
  -15415.000       -0.17496917E+02           0.25188E-07
  -15410.000       -0.17159390E+02           0.35300E-07
  -15405.000       -0.16825462E+02           0.49294E-07
  -15400.000       -0.16494934E+02           0.68603E-07
  -15395.000       -0.16168106E+02           0.95122E-07
  -15390.000       -0.15843978E+02           0.13154E-06
  -15385.000       -0.15523651E+02           0.18120E-06
  -15380.000       -0.15206523E+02           0.24882E-06
  -15375.000       -0.14892795E+02           0.34052E-06
  -15370.000       -0.14582567E+02           0.46438E-06
  -15365.000       -0.14275440E+02           0.63133E-06
  -15360.000       -0.13971512E+02           0.85556E-06
  -15355.000       -0.13671484E+02           0.11549E-05
  -15350.000       -0.13374356E+02           0.15545E-05
  -15345.000       -0.13080928E+02           0.20846E-05
  -15340.000       -0.12790601E+02           0.27868E-05
  -15335.000       -0.12503373E+02           0.37141E-05
  -15330.000       -0.12219645E+02           0.49326E-05
  -15325.000       -0.11939317E+02           0.65286E-05
  -15320.000       -0.11662190E+02           0.86134E-05
  -15315.000       -0.11388562E+02           0.11324E-04
  -15310.000       -0.11117934E+02           0.14844E-04
  -15305.000       -0.10851006E+02           0.19385E-04
  -15300.000       -0.10587378E+02           0.25232E-04
  -15295.000       -0.10326751E+02           0.32745E-04
  -15290.000       -0.10069623E+02           0.42347E-04
  -15285.000       -0.98156950E+01           0.54588E-04
  -15280.000       -0.95650672E+01           0.70136E-04
  -15275.000       -0.93177394E+01           0.89817E-04
  -15270.000       -0.90739117E+01           0.11462E-03
  -15265.000       -0.88329839E+01           0.14584E-03
  -15260.000       -0.85957561E+01           0.18489E-03
  -15255.000       -0.83616283E+01           0.23366E-03
  -15250.000       -0.81308005E+01           0.29433E-03
  -15245.000       -0.79034727E+01           0.36946E-03
  -15240.000       -0.76790449E+01           0.46242E-03
  -15235.000       -0.74584172E+01           0.57657E-03
  -15230.000       -0.72405894E+01           0.71689E-03
  -15225.000       -0.70259616E+01           0.88851E-03
  -15220.000       -0.68149338E+01           0.10973E-02
  -15215.000       -0.66075060E+01           0.13502E-02
  -15210.000       -0.64025782E+01           0.16573E-02
  -15205.000       -0.62016505E+01           0.20261E-02
  -15200.000       -0.60032227E+01           0.24708E-02
  -15195.000       -0.58083949E+01           0.30022E-02
  -15190.000       -0.56171671E+01           0.36349E-02
  -15185.000       -0.54288393E+01           0.43882E-02
  -15180.000       -0.52439115E+01           0.52796E-02
  -15175.000       -0.50619837E+01           0.63330E-02
  -15170.000       -0.48835560E+01           0.75700E-02
  -15165.000       -0.47082282E+01           0.90207E-02
  -15160.000       -0.45362004E+01           0.10714E-01
  -15155.000       -0.43671726E+01           0.12687E-01
  -15150.000       -0.42018448E+01           0.14968E-01
  -15145.000       -0.40395170E+01           0.17606E-01
  -15140.000       -0.38806892E+01           0.20637E-01
  -15135.000       -0.37245615E+01           0.24124E-01
  -15130.000       -0.35721337E+01           0.28096E-01
  -15125.000       -0.34226059E+01           0.32627E-01
  -15120.000       -0.32764781E+01           0.37761E-01
  -15115.000       -0.31336503E+01           0.43559E-01
  -15110.000       -0.29942225E+01           0.50076E-01
  -15105.000       -0.28573948E+01           0.57418E-01
  -15100.000       -0.27243670E+01           0.65588E-01
  -15095.000       -0.25944392E+01           0.74688E-01
  -15090.000       -0.24676114E+01           0.84787E-01
  -15085.000       -0.23439836E+01           0.95945E-01
  -15080.000       -0.22234558E+01           0.10823E+00
  -15075.000       -0.21061280E+01           0.12171E+00
  -15070.000       -0.19919003E+01           0.13644E+00
  -15065.000       -0.18814725E+01           0.15237E+00
  -15060.000       -0.17737447E+01           0.16970E+00
  -15055.000       -0.16692169E+01           0.18839E+00
  -15050.000       -0.15680891E+01           0.20844E+00
  -15045.000       -0.14700613E+01           0.22991E+00
  -15040.000       -0.13754335E+01           0.25273E+00
  -15035.000       -0.12838058E+01           0.27698E+00
  -15030.000       -0.11951780E+01           0.30265E+00
  -15025.000       -0.11098502E+01           0.32961E+00
  -15020.000       -0.10276224E+01           0.35786E+00
  -15015.000       -0.94859462E+00           0.38728E+00
  -15010.000       -0.87266684E+00           0.41784E+00
  -15005.000       -0.80033905E+00           0.44918E+00
  -15000.000       -0.73101127E+00           0.48142E+00
  -14995.000       -0.66478348E+00           0.51438E+00
  -14990.000       -0.60165570E+00           0.54790E+00
  -14985.000       -0.54152791E+00           0.58186E+00
  -14980.000       -0.48500013E+00           0.61570E+00
  -14975.000       -0.43137234E+00           0.64962E+00
  -14970.000       -0.38084456E+00           0.68328E+00
  -14965.000       -0.33351677E+00           0.71640E+00
  -14960.000       -0.28938899E+00           0.74872E+00
  -14955.000       -0.24826120E+00           0.78016E+00
  -14950.000       -0.21043342E+00           0.81023E+00
  -14945.000       -0.17550563E+00           0.83903E+00
  -14940.000       -0.14387785E+00           0.86599E+00
  -14935.000       -0.11535006E+00           0.89105E+00
  -14930.000       -0.90222280E-01           0.91373E+00
  -14925.000       -0.67994495E-01           0.93427E+00
  -14920.000       -0.48966710E-01           0.95221E+00
  -14915.000       -0.32838925E-01           0.96769E+00
  -14910.000       -0.20111140E-01           0.98009E+00
  -14905.000       -0.10683355E-01           0.98937E+00
  -14900.000       -0.40555699E-02           0.99595E+00
  -14895.000       -0.42778496E-03           0.99957E+00
  -14890.000        0.00000000E+00           0.10000E+01
  -14885.000       -0.26722150E-02           0.99733E+00
  -14880.000       -0.85444301E-02           0.99149E+00
  -14875.000       -0.17316645E-01           0.98283E+00
  -14870.000       -0.29788860E-01           0.97065E+00
  -14865.000       -0.44861075E-01           0.95613E+00
  -14860.000       -0.62933290E-01           0.93901E+00
  -14855.000       -0.84405505E-01           0.91906E+00
  -14850.000       -0.10887772E+00           0.89684E+00
  -14845.000       -0.13614994E+00           0.87271E+00
  -14840.000       -0.16692215E+00           0.84627E+00
  -14835.000       -0.20079437E+00           0.81808E+00
  -14830.000       -0.23726658E+00           0.78878E+00
  -14825.000       -0.27713880E+00           0.75795E+00
  -14820.000       -0.32011101E+00           0.72607E+00
  -14815.000       -0.36638323E+00           0.69324E+00
  -14810.000       -0.41535544E+00           0.66011E+00
  -14805.000       -0.46722766E+00           0.62674E+00
  -14800.000       -0.52269987E+00           0.59292E+00
  -14795.000       -0.58107209E+00           0.55930E+00
  -14790.000       -0.64234430E+00           0.52606E+00
  -14785.000       -0.70681652E+00           0.49321E+00
  -14780.000       -0.77418873E+00           0.46108E+00
  -14775.000       -0.84476095E+00           0.42966E+00
  -14770.000       -0.91833316E+00           0.39918E+00
  -14765.000       -0.99490538E+00           0.36976E+00
  -14760.000       -0.10745776E+01           0.34144E+00
  -14755.000       -0.11571498E+01           0.31438E+00
  -14750.000       -0.12432220E+01           0.28845E+00
  -14745.000       -0.13318942E+01           0.26398E+00
  -14740.000       -0.14234665E+01           0.24088E+00
  -14735.000       -0.15185387E+01           0.21903E+00
  -14730.000       -0.16163109E+01           0.19863E+00
  -14725.000       -0.17173831E+01           0.17954E+00
  -14720.000       -0.18212553E+01           0.16182E+00
  -14715.000       -0.19281275E+01           0.14542E+00
  -14710.000       -0.20381997E+01           0.13026E+00
  -14705.000       -0.21510720E+01           0.11636E+00
  -14700.000       -0.22673442E+01           0.10359E+00
  -14695.000       -0.23864164E+01           0.91959E-01
  -14690.000       -0.25079886E+01           0.81432E-01
  -14685.000       -0.26331608E+01           0.71851E-01
  -14680.000       -0.27612330E+01           0.63214E-01
  -14675.000       -0.28924052E+01           0.55443E-01
  -14670.000       -0.30263775E+01           0.48491E-01
  -14665.000       -0.31634497E+01           0.42280E-01
  -14660.000       -0.33037219E+01           0.36746E-01
  -14655.000       -0.34465941E+01           0.31854E-01
  -14650.000       -0.35928663E+01           0.27519E-01
  -14645.000       -0.37415385E+01           0.23718E-01
  -14640.000       -0.38937108E+01           0.20370E-01
  -14635.000       -0.40485830E+01           0.17447E-01
  -14630.000       -0.42065552E+01           0.14898E-01
  -14625.000       -0.43675274E+01           0.12683E-01
  -14620.000       -0.45313996E+01           0.10766E-01
  -14615.000       -0.46986718E+01           0.91074E-02
  -14610.000       -0.48682440E+01           0.76869E-02
  -14605.000       -0.50412163E+01           0.64659E-02
  -14600.000       -0.52168885E+01           0.54242E-02
  -14595.000       -0.53957607E+01           0.45358E-02
  -14590.000       -0.55774329E+01           0.37823E-02
  -14585.000       -0.57622051E+01           0.31442E-02
  -14580.000       -0.59497773E+01           0.26064E-02
  -14575.000       -0.61405495E+01           0.21537E-02
  -14570.000       -0.63339218E+01           0.17751E-02
  -14565.000       -0.65304940E+01           0.14583E-02
  -14560.000       -0.67298662E+01           0.11947E-02
  -14555.000       -0.69322384E+01           0.97581E-03
  -14550.000       -0.71377106E+01           0.79457E-03
  -14545.000       -0.73458828E+01           0.64524E-03
  -14540.000       -0.75571551E+01           0.52236E-03
  -14535.000       -0.77713273E+01           0.42165E-03
  -14530.000       -0.79883995E+01           0.33938E-03
  -14525.000       -0.82084717E+01           0.27234E-03
  -14520.000       -0.84313439E+01           0.21793E-03
  -14515.000       -0.86573161E+01           0.17385E-03
  -14510.000       -0.88861883E+01           0.13829E-03
  -14505.000       -0.91177606E+01           0.10970E-03
  -14500.000       -0.93526328E+01           0.86737E-04
  -14495.000       -0.95903050E+01           0.68389E-04
  -14490.000       -0.98307772E+01           0.53771E-04
  -14485.000       -0.10074249E+02           0.42151E-04
  -14480.000       -0.10320622E+02           0.32947E-04
  -14475.000       -0.10570094E+02           0.25672E-04
  -14470.000       -0.10822166E+02           0.19952E-04
  -14465.000       -0.11077338E+02           0.15459E-04
  -14460.000       -0.11335310E+02           0.11944E-04
  -14455.000       -0.11596283E+02           0.92002E-05
  -14450.000       -0.11860055E+02           0.70671E-05
  -14445.000       -0.12126727E+02           0.54129E-05
  -14440.000       -0.12396699E+02           0.41322E-05
  -14435.000       -0.12668972E+02           0.31473E-05
  -14430.000       -0.12944544E+02           0.23892E-05
  -14425.000       -0.13222916E+02           0.18087E-05
  -14420.000       -0.13504188E+02           0.13652E-05
  -14415.000       -0.13788360E+02           0.10275E-05
  -14410.000       -0.14075633E+02           0.77096E-06
  -14405.000       -0.14365605E+02           0.57690E-06
  -14400.000       -0.14658377E+02           0.43047E-06
  -14395.000       -0.14954149E+02           0.32025E-06
  -14390.000       -0.15252822E+02           0.23757E-06
  -14385.000       -0.15554194E+02           0.17575E-06
  -14380.000       -0.15859066E+02           0.12957E-06
  -14375.000       -0.16166438E+02           0.95281E-07
  -14370.000       -0.16476610E+02           0.69871E-07
  -14365.000       -0.16789683E+02           0.51090E-07
  -14360.000       -0.17105855E+02           0.37241E-07
  -14355.000       -0.17424727E+02           0.27073E-07
  -14350.000       -0.17746499E+02           0.19624E-07
  -14345.000       -0.18071471E+02           0.14179E-07
  -14340.000       -0.18398944E+02           0.10220E-07
  -14335.000       -0.18729516E+02           0.73430E-08
  -14330.000       -0.19062958E+02           0.52609E-08
  -14325.000       -0.19399310E+02           0.37583E-08
  -14320.000       -0.19738573E+02           0.26770E-08
  -14315.000       -0.20080665E+02           0.19014E-08
  -14310.000       -0.20425787E+02           0.13465E-08
  -14305.000       -0.20773739E+02           0.95078E-09
  -14300.000       -0.21124411E+02           0.66955E-09
  -14295.000       -0.21478134E+02           0.47007E-09
  -14290.000       -0.21834876E+02           0.32903E-09
  -14285.000       -0.22194378E+02           0.22967E-09
  -14280.000       -0.22557010E+02           0.15981E-09
  -14275.000       -0.22922122E+02           0.11093E-09
  -14270.000       -0.23290475E+02           0.76749E-10
  -14265.000       -0.23661567E+02           0.52956E-10
  -14260.000       -0.24035669E+02           0.36429E-10
  -14255.000       -0.24412771E+02           0.24984E-10
  -14250.000       -0.24792684E+02           0.17087E-10
  -14245.000       -0.25175396E+02           0.11654E-10
  -14240.000       -0.25561248E+02           0.79230E-11
  -14235.000       -0.25950180E+02           0.53701E-11
  -14230.000       -0.26341632E+02           0.36306E-11
  -14225.000       -0.26736065E+02           0.24472E-11
  -14220.000       -0.27133617E+02           0.16444E-11
  -14215.000       -0.27533949E+02           0.11019E-11
  -14210.000       -0.27937449E+02           0.73607E-12
  -14205.000       -0.28343695E+02           0.49033E-12
  -14200.000       -0.28752834E+02           0.32569E-12
