  -19950.000       -0.39176647E+02           0.96783E-17
  -19945.000       -0.38494045E+02           0.19154E-16
  -19940.000       -0.37816442E+02           0.37716E-16
  -19935.000       -0.37144840E+02           0.73825E-16
  -19930.000       -0.36478238E+02           0.14378E-15
  -19925.000       -0.35818636E+02           0.27808E-15
  -19920.000       -0.35166034E+02           0.53405E-15
  -19915.000       -0.34517432E+02           0.10216E-14
  -19910.000       -0.33875829E+02           0.19405E-14
  -19905.000       -0.33240227E+02           0.36640E-14
  -19900.000       -0.32608625E+02           0.68906E-14
  -19895.000       -0.31985023E+02           0.12855E-13
  -19890.000       -0.31366421E+02           0.23864E-13
  -19885.000       -0.30754819E+02           0.43990E-13
  -19880.000       -0.30149216E+02           0.80605E-13
  -19875.000       -0.29546614E+02           0.14725E-12
  -19870.000       -0.28953012E+02           0.26660E-12
  -19865.000       -0.28365410E+02           0.47980E-12
  -19860.000       -0.27781808E+02           0.86003E-12
  -19855.000       -0.27206206E+02           0.15293E-11
  -19850.000       -0.26635603E+02           0.27059E-11
  -19845.000       -0.26071001E+02           0.47589E-11
  -19840.000       -0.25512399E+02           0.83197E-11
  -19835.000       -0.24959797E+02           0.14458E-10
  -19830.000       -0.24413195E+02           0.24974E-10
  -19825.000       -0.23872593E+02           0.42881E-10
  -19820.000       -0.23337990E+02           0.73188E-10
  -19815.000       -0.22809388E+02           0.12417E-09
  -19810.000       -0.22288786E+02           0.20898E-09
  -19805.000       -0.21772184E+02           0.35032E-09
  -19800.000       -0.21260582E+02           0.58431E-09
  -19795.000       -0.20757980E+02           0.96588E-09
  -19790.000       -0.20258377E+02           0.15918E-08
  -19785.000       -0.19766775E+02           0.26025E-08
  -19780.000       -0.19282173E+02           0.42253E-08
  -19775.000       -0.18800571E+02           0.68394E-08
  -19770.000       -0.18326969E+02           0.10982E-07
  -19765.000       -0.17860367E+02           0.17512E-07
  -19760.000       -0.17397764E+02           0.27813E-07
  -19755.000       -0.16943162E+02           0.43821E-07
  -19750.000       -0.16492560E+02           0.68766E-07
  -19745.000       -0.16048958E+02           0.10716E-06
  -19740.000       -0.15612356E+02           0.16582E-06
  -19735.000       -0.15180754E+02           0.25532E-06
  -19730.000       -0.14755152E+02           0.39077E-06
  -19725.000       -0.14337549E+02           0.59331E-06
  -19720.000       -0.13922947E+02           0.89813E-06
  -19715.000       -0.13516345E+02           0.13487E-05
  -19710.000       -0.13113743E+02           0.20173E-05
  -19705.000       -0.12720141E+02           0.29903E-05
  -19700.000       -0.12331539E+02           0.44104E-05
  -19695.000       -0.11948936E+02           0.64661E-05
  -19690.000       -0.11571334E+02           0.94326E-05
  -19685.000       -0.11201732E+02           0.13651E-04
  -19680.000       -0.10838130E+02           0.19636E-04
  -19675.000       -0.10479528E+02           0.28106E-04
  -19670.000       -0.10125926E+02           0.40028E-04
  -19665.000       -0.97793234E+01           0.56610E-04
  -19660.000       -0.94397212E+01           0.79503E-04
  -19655.000       -0.91061190E+01           0.11098E-03
  -19650.000       -0.87775169E+01           0.15416E-03
  -19645.000       -0.84549147E+01           0.21285E-03
  -19640.000       -0.81403126E+01           0.29155E-03
  -19635.000       -0.78297104E+01           0.39774E-03
  -19630.000       -0.75261082E+01           0.53883E-03
  -19625.000       -0.72295061E+01           0.72488E-03
  -19620.000       -0.69369039E+01           0.97127E-03
  -19615.000       -0.66513017E+01           0.12923E-02
  -19610.000       -0.63716996E+01           0.17093E-02
  -19605.000       -0.60980974E+01           0.22471E-02
  -19600.000       -0.58304952E+01           0.29366E-02
  -19595.000       -0.55688931E+01           0.38147E-02
  -19590.000       -0.53122909E+01           0.49306E-02
  -19585.000       -0.50656887E+01           0.63096E-02
  -19580.000       -0.48210866E+01           0.80580E-02
  -19575.000       -0.45844844E+01           0.10209E-01
  -19570.000       -0.43528822E+01           0.12870E-01
  -19565.000       -0.41272801E+01           0.16127E-01
  -19560.000       -0.39086779E+01           0.20067E-01
  -19555.000       -0.36950758E+01           0.24846E-01
  -19550.000       -0.34874736E+01           0.30578E-01
  -19545.000       -0.32858714E+01           0.37408E-01
  -19540.000       -0.30922693E+01           0.45399E-01
  -19535.000       -0.29016671E+01           0.54932E-01
  -19530.000       -0.27190649E+01           0.65936E-01
  -19525.000       -0.25424628E+01           0.78672E-01
  -19520.000       -0.23708606E+01           0.93400E-01
  -19515.000       -0.22062584E+01           0.11011E+00
  -19510.000       -0.20466563E+01           0.12917E+00
  -19505.000       -0.18930541E+01           0.15061E+00
  -19500.000       -0.17464519E+01           0.17439E+00
  -19495.000       -0.16048498E+01           0.20092E+00
  -19490.000       -0.14692476E+01           0.23010E+00
  -19485.000       -0.13406455E+01           0.26168E+00
  -19480.000       -0.12180433E+01           0.29581E+00
  -19475.000       -0.11004411E+01           0.33272E+00
  -19470.000       -0.98883896E+00           0.37201E+00
  -19465.000       -0.88323680E+00           0.41344E+00
  -19460.000       -0.78363463E+00           0.45674E+00
  -19455.000       -0.69103247E+00           0.50106E+00
  -19450.000       -0.60343030E+00           0.54693E+00
  -19445.000       -0.52082814E+00           0.59403E+00
  -19440.000       -0.44622597E+00           0.64004E+00
  -19435.000       -0.37562381E+00           0.68686E+00
  -19430.000       -0.31202164E+00           0.73197E+00
  -19425.000       -0.25441948E+00           0.77537E+00
  -19420.000       -0.20281732E+00           0.81643E+00
  -19415.000       -0.15721515E+00           0.85452E+00
  -19410.000       -0.11661299E+00           0.88993E+00
  -19405.000       -0.82010822E-01           0.92126E+00
  -19400.000       -0.53408658E-01           0.94799E+00
  -19395.000       -0.30806493E-01           0.96966E+00
  -19390.000       -0.15204329E-01           0.98491E+00
  -19385.000       -0.46021644E-02           0.99541E+00
  -19380.000        0.00000000E+00           0.10000E+01
  -19375.000       -0.13978356E-02           0.99860E+00
  -19370.000       -0.77956711E-02           0.99223E+00
  -19365.000       -0.21193507E-01           0.97903E+00
  -19360.000       -0.40591342E-01           0.96022E+00
  -19355.000       -0.64989178E-01           0.93708E+00
  -19350.000       -0.95387013E-01           0.90902E+00
  -19345.000       -0.13178485E+00           0.87653E+00
  -19340.000       -0.17418268E+00           0.84014E+00
  -19335.000       -0.22158052E+00           0.80125E+00
  -19330.000       -0.27697836E+00           0.75807E+00
  -19325.000       -0.33737619E+00           0.71364E+00
  -19320.000       -0.40177403E+00           0.66913E+00
  -19315.000       -0.47317186E+00           0.62302E+00
  -19310.000       -0.54956970E+00           0.57720E+00
  -19305.000       -0.63296753E+00           0.53101E+00
  -19300.000       -0.72336537E+00           0.48512E+00
  -19295.000       -0.81776320E+00           0.44142E+00
  -19290.000       -0.91716104E+00           0.39965E+00
  -19285.000       -0.10225589E+01           0.35967E+00
  -19280.000       -0.11369567E+01           0.32079E+00
  -19275.000       -0.12553545E+01           0.28497E+00
  -19270.000       -0.13787524E+01           0.25189E+00
  -19265.000       -0.15091502E+01           0.22110E+00
  -19260.000       -0.16425481E+01           0.19349E+00
  -19255.000       -0.17839459E+01           0.16797E+00
  -19250.000       -0.19323437E+01           0.14481E+00
  -19245.000       -0.20837416E+01           0.12446E+00
  -19240.000       -0.22421394E+01           0.10623E+00
  -19235.000       -0.24055372E+01           0.90217E-01
  -19230.000       -0.25749351E+01           0.76159E-01
  -19225.000       -0.27513329E+01           0.63843E-01
  -19220.000       -0.29327307E+01           0.53251E-01
  -19215.000       -0.31211286E+01           0.44107E-01
  -19210.000       -0.33145264E+01           0.36351E-01
  -19205.000       -0.35119242E+01           0.29839E-01
  -19200.000       -0.37163221E+01           0.24323E-01
  -19195.000       -0.39267199E+01           0.19708E-01
  -19190.000       -0.41431178E+01           0.15873E-01
  -19185.000       -0.43635156E+01           0.12734E-01
  -19180.000       -0.45909134E+01           0.10144E-01
  -19175.000       -0.48243113E+01           0.80321E-02
  -19170.000       -0.50637091E+01           0.63221E-02
  -19165.000       -0.53071069E+01           0.49562E-02
  -19160.000       -0.55575048E+01           0.38584E-02
  -19155.000       -0.58139026E+01           0.29858E-02
  -19150.000       -0.60753004E+01           0.22990E-02
  -19145.000       -0.63416983E+01           0.17613E-02
  -19140.000       -0.66150961E+01           0.13400E-02
  -19135.000       -0.68924939E+01           0.10154E-02
  -19130.000       -0.71778918E+01           0.76328E-03
  -19125.000       -0.74672896E+01           0.57148E-03
  -19120.000       -0.77636874E+01           0.42489E-03
  -19115.000       -0.80640853E+01           0.31464E-03
  -19110.000       -0.83704831E+01           0.23160E-03
  -19105.000       -0.86848810E+01           0.16912E-03
  -19100.000       -0.90012788E+01           0.12325E-03
  -19095.000       -0.93246766E+01           0.89196E-04
  -19090.000       -0.96550745E+01           0.64099E-04
  -19085.000       -0.99894723E+01           0.45880E-04
  -19080.000       -0.10330870E+02           0.32611E-04
  -19075.000       -0.10677268E+02           0.23063E-04
  -19070.000       -0.11028666E+02           0.16230E-04
  -19065.000       -0.11387064E+02           0.11341E-04
  -19060.000       -0.11750461E+02           0.78857E-05
  -19055.000       -0.12117859E+02           0.54611E-05
  -19050.000       -0.12492257E+02           0.37556E-05
  -19045.000       -0.12872655E+02           0.25673E-05
  -19040.000       -0.13258053E+02           0.17462E-05
  -19035.000       -0.13648451E+02           0.11818E-05
  -19030.000       -0.14046848E+02           0.79347E-06
  -19025.000       -0.14448246E+02           0.53114E-06
  -19020.000       -0.14856644E+02           0.35305E-06
  -19015.000       -0.15270042E+02           0.23351E-06
  -19010.000       -0.15688440E+02           0.15367E-06
  -19005.000       -0.16113838E+02           0.10043E-06
  -19000.000       -0.16544236E+02           0.65303E-07
  -18995.000       -0.16979633E+02           0.42251E-07
  -18990.000       -0.17421031E+02           0.27173E-07
  -18985.000       -0.17868429E+02           0.17372E-07
  -18980.000       -0.18319827E+02           0.11061E-07
  -18975.000       -0.18778225E+02           0.69939E-08
  -18970.000       -0.19241623E+02           0.44002E-08
  -18965.000       -0.19711020E+02           0.27518E-08
  -18960.000       -0.20185418E+02           0.17123E-08
  -18955.000       -0.20666816E+02           0.10581E-08
  -18950.000       -0.21152214E+02           0.65119E-09
  -18945.000       -0.21642612E+02           0.39878E-09
  -18940.000       -0.22140010E+02           0.24250E-09
  -18935.000       -0.22641407E+02           0.14688E-09
  -18930.000       -0.23148805E+02           0.88430E-10
  -18925.000       -0.23662203E+02           0.52922E-10
  -18920.000       -0.24181601E+02           0.31482E-10
  -18915.000       -0.24705999E+02           0.18635E-10
  -18910.000       -0.25235397E+02           0.10975E-10
  -18905.000       -0.25770794E+02           0.64252E-11
  -18900.000       -0.26311192E+02           0.37428E-11
  -18895.000       -0.26856590E+02           0.21694E-11
  -18890.000       -0.27408988E+02           0.12486E-11
  -18885.000       -0.27966386E+02           0.71508E-12
  -18880.000       -0.28528784E+02           0.40748E-12
  -18875.000       -0.29097181E+02           0.23081E-12
  -18870.000       -0.29670579E+02           0.13009E-12
  -18865.000       -0.30249977E+02           0.72879E-13
  -18860.000       -0.30834375E+02           0.40626E-13
  -18855.000       -0.31424773E+02           0.22511E-13
  -18850.000       -0.32019171E+02           0.12424E-13
  -18845.000       -0.32619568E+02           0.68156E-14
  -18840.000       -0.33225966E+02           0.37166E-14
  -18835.000       -0.33838364E+02           0.20146E-14
  -18830.000       -0.34454762E+02           0.10876E-14
  -18825.000       -0.35077160E+02           0.58369E-15
  -18820.000       -0.35705558E+02           0.31137E-15
  -18815.000       -0.36338955E+02           0.16527E-15
  -18810.000       -0.36978353E+02           0.87198E-16
  -18805.000       -0.37622751E+02           0.45777E-16
  -18800.000       -0.38273149E+02           0.23888E-16
  -18795.000       -0.38927547E+02           0.12416E-16
  -18790.000       -0.39587945E+02           0.64147E-17
  -18785.000       -0.40253342E+02           0.32976E-17
  -18780.000       -0.40924740E+02           0.16850E-17
  -18775.000       -0.41602138E+02           0.85590E-18
  -18770.000       -0.42284536E+02           0.43257E-18
  -18765.000       -0.42971934E+02           0.21753E-18
  -18760.000       -0.43665332E+02           0.10874E-18
  -18755.000       -0.44363729E+02           0.54085E-19
  -18750.000       -0.45067127E+02           0.26767E-19
  -18745.000       -0.45775525E+02           0.13181E-19
  -18740.000       -0.46490923E+02           0.64454E-20
  -18735.000       -0.47210321E+02           0.31392E-20
  -18730.000       -0.47936719E+02           0.15183E-20
  -18725.000       -0.48666116E+02           0.73211E-21
  -18720.000       -0.49402514E+02           0.35056E-21
  -18715.000       -0.50142912E+02           0.16719E-21
  -18710.000       -0.50890310E+02           0.79181E-22
  -18705.000       -0.51641708E+02           0.37350E-22
  -18700.000       -0.52400106E+02           0.17495E-22
  -18695.000       -0.53162503E+02           0.81624E-23
  -18690.000       -0.53929901E+02           0.37891E-23
  -18685.000       -0.54704299E+02           0.17467E-23
  -18680.000       -0.55481697E+02           0.80280E-24
  -18675.000       -0.56265095E+02           0.36676E-24
  -18670.000       -0.57054493E+02           0.16655E-24
  -18665.000       -0.57849890E+02           0.75182E-25
  -18660.000       -0.58649288E+02           0.33802E-25
  -18655.000       -0.59455686E+02           0.15091E-25
  -18650.000       -0.60266084E+02           0.67108E-26
  -18645.000       -0.61081482E+02           0.29693E-26
  -18640.000       -0.61902880E+02           0.13059E-26
  -18635.000       -0.62729277E+02           0.57151E-27
  -18630.000       -0.63560675E+02           0.24886E-27
  -18625.000       -0.64398073E+02           0.10771E-27
  -18620.000       -0.65240471E+02           0.46390E-28
  -18615.000       -0.66088869E+02           0.19860E-28
  -18610.000       -0.66941267E+02           0.84679E-29
  -18605.000       -0.67799665E+02           0.35891E-29
  -18600.000       -0.68662062E+02           0.15151E-29
  -18595.000       -0.69531460E+02           0.00000E+00
  -18590.000       -0.70405858E+02           0.00000E+00
  -18585.000       -0.71285256E+02           0.00000E+00
  -18580.000       -0.72170654E+02           0.00000E+00
  -18575.000       -0.73061052E+02           0.00000E+00
  -18570.000       -0.73955449E+02           0.00000E+00
  -18565.000       -0.74855847E+02           0.00000E+00
  -18560.000       -0.75761245E+02           0.00000E+00
  -18555.000       -0.76671643E+02           0.00000E+00
  -18550.000       -0.77588041E+02           0.00000E+00
  -18545.000       -0.78508439E+02           0.00000E+00
  -18540.000       -0.79435836E+02           0.00000E+00
  -18535.000       -0.80367234E+02           0.00000E+00
  -18530.000       -0.81304632E+02           0.00000E+00
  -18525.000       -0.82248030E+02           0.00000E+00
  -18520.000       -0.83194428E+02           0.00000E+00
  -18515.000       -0.84147826E+02           0.00000E+00
  -18510.000       -0.85105223E+02           0.00000E+00
  -18505.000       -0.86068621E+02           0.00000E+00
  -18500.000       -0.87037019E+02           0.00000E+00
  -18495.000       -0.88010417E+02           0.00000E+00
  -18490.000       -0.88990815E+02           0.00000E+00
  -18485.000       -0.89973213E+02           0.00000E+00
  -18480.000       -0.90962610E+02           0.00000E+00
  -18475.000       -0.91957008E+02           0.00000E+00
  -18470.000       -0.92956406E+02           0.00000E+00
  -18465.000       -0.93961804E+02           0.00000E+00
  -18460.000       -0.94972202E+02           0.00000E+00
  -18455.000       -0.95986600E+02           0.00000E+00
  -18450.000       -0.97006997E+02           0.00000E+00
  -18445.000       -0.98032395E+02           0.00000E+00
  -18440.000       -0.99063793E+02           0.00000E+00
  -18435.000       -0.10009919E+03           0.00000E+00
  -18430.000       -0.10113859E+03           0.00000E+00
  -18425.000       -0.10218499E+03           0.00000E+00
  -18420.000       -0.10323738E+03           0.00000E+00
  -18415.000       -0.10429478E+03           0.00000E+00
  -18410.000       -0.10535518E+03           0.00000E+00
  -18405.000       -0.10642258E+03           0.00000E+00
  -18400.000       -0.10749398E+03           0.00000E+00
  -18395.000       -0.10857137E+03           0.00000E+00
  -18390.000       -0.10965377E+03           0.00000E+00
  -18385.000       -0.11074017E+03           0.00000E+00
  -18380.000       -0.11183257E+03           0.00000E+00
  -18375.000       -0.11293096E+03           0.00000E+00
  -18370.000       -0.11403336E+03           0.00000E+00
  -18365.000       -0.11514076E+03           0.00000E+00
  -18360.000       -0.11625516E+03           0.00000E+00
  -18355.000       -0.11737256E+03           0.00000E+00
  -18350.000       -0.11849595E+03           0.00000E+00
  -18345.000       -0.11962435E+03           0.00000E+00
  -18340.000       -0.12075775E+03           0.00000E+00
  -18335.000       -0.12189615E+03           0.00000E+00
  -18330.000       -0.12303955E+03           0.00000E+00
  -18325.000       -0.12418794E+03           0.00000E+00
  -18320.000       -0.12534234E+03           0.00000E+00
  -18315.000       -0.12650074E+03           0.00000E+00
  -18310.000       -0.12766514E+03           0.00000E+00
  -18305.000       -0.12883353E+03           0.00000E+00
  -18300.000       -0.13000793E+03           0.00000E+00
  -18295.000       -0.13118733E+03           0.00000E+00
  -18290.000       -0.13237073E+03           0.00000E+00
  -18285.000       -0.13356113E+03           0.00000E+00
  -18280.000       -0.13475552E+03           0.00000E+00
  -18275.000       -0.13595492E+03           0.00000E+00
  -18270.000       -0.13715932E+03           0.00000E+00
  -18265.000       -0.13836772E+03           0.00000E+00
  -18260.000       -0.13958312E+03           0.00000E+00
  -18255.000       -0.14080251E+03           0.00000E+00
  -18250.000       -0.14202691E+03           0.00000E+00
  -18245.000       -0.14325731E+03           0.00000E+00
  -18240.000       -0.14449171E+03           0.00000E+00
  -18235.000       -0.14573210E+03           0.00000E+00
  -18230.000       -0.14697650E+03           0.00000E+00
  -18225.000       -0.14822590E+03           0.00000E+00
  -18220.000       -0.14948130E+03           0.00000E+00
  -18215.000       -0.15074070E+03           0.00000E+00
  -18210.000       -0.15200709E+03           0.00000E+00
  -18205.000       -0.15327549E+03           0.00000E+00
  -18200.000       -0.15455089E+03           0.00000E+00
  -18195.000       -0.15583029E+03           0.00000E+00
  -18190.000       -0.15711668E+03           0.00000E+00
  -18185.000       -0.15840608E+03           0.00000E+00
  -18180.000       -0.15970148E+03           0.00000E+00
  -18175.000       -0.16100088E+03           0.00000E+00
  -18170.000       -0.16230628E+03           0.00000E+00
  -18165.000       -0.16361567E+03           0.00000E+00
  -18160.000       -0.16493107E+03           0.00000E+00
  -18155.000       -0.16625047E+03           0.00000E+00
  -18150.000       -0.16757587E+03           0.00000E+00
  -18145.000       -0.16890527E+03           0.00000E+00
  -18140.000       -0.17023966E+03           0.00000E+00
  -18135.000       -0.17158006E+03           0.00000E+00
  -18130.000       -0.17292546E+03           0.00000E+00
  -18125.000       -0.17427386E+03           0.00000E+00
  -18120.000       -0.17562925E+03           0.00000E+00
  -18115.000       -0.17698865E+03           0.00000E+00
  -18110.000       -0.17835305E+03           0.00000E+00
  -18105.000       -0.17972245E+03           0.00000E+00
  -18100.000       -0.18109685E+03           0.00000E+00
  -18095.000       -0.18247724E+03           0.00000E+00
  -18090.000       -0.18386064E+03           0.00000E+00
  -18085.000       -0.18525004E+03           0.00000E+00
  -18080.000       -0.18664344E+03           0.00000E+00
  -18075.000       -0.18804384E+03           0.00000E+00
  -18070.000       -0.18944723E+03           0.00000E+00
  -18065.000       -0.19085663E+03           0.00000E+00
  -18060.000       -0.19227003E+03           0.00000E+00
  -18055.000       -0.19368943E+03           0.00000E+00
  -18050.000       -0.19511182E+03           0.00000E+00
  -18045.000       -0.19654022E+03           0.00000E+00
  -18040.000       -0.19797562E+03           0.00000E+00
  -18035.000       -0.19941302E+03           0.00000E+00
  -18030.000       -0.20085642E+03           0.00000E+00
  -18025.000       -0.20230481E+03           0.00000E+00
  -18020.000       -0.20375821E+03           0.00000E+00
  -18015.000       -0.20521561E+03           0.00000E+00
  -18010.000       -0.20667801E+03           0.00000E+00
  -18005.000       -0.20814640E+03           0.00000E+00
  -18000.000       -0.20961880E+03           0.00000E+00
  -17995.000       -0.21109620E+03           0.00000E+00
  -17990.000       -0.21257860E+03           0.00000E+00
  -17985.000       -0.21406500E+03           0.00000E+00
  -17980.000       -0.21555739E+03           0.00000E+00
  -17975.000       -0.21705379E+03           0.00000E+00
  -17970.000       -0.21855519E+03           0.00000E+00
  -17965.000       -0.22006259E+03           0.00000E+00
  -17960.000       -0.22157399E+03           0.00000E+00
  -17955.000       -0.22309038E+03           0.00000E+00
  -17950.000       -0.22461178E+03           0.00000E+00
  -17945.000       -0.22613718E+03           0.00000E+00
  -17940.000       -0.22766758E+03           0.00000E+00
  -17935.000       -0.22920397E+03           0.00000E+00
  -17930.000       -0.23074537E+03           0.00000E+00
  -17925.000       -0.23228877E+03           0.00000E+00
  -17920.000       -0.23383917E+03           0.00000E+00
  -17915.000       -0.23539357E+03           0.00000E+00
  -17910.000       -0.23695396E+03           0.00000E+00
  -17905.000       -0.23851836E+03           0.00000E+00
  -17900.000       -0.24008776E+03           0.00000E+00
  -17895.000       -0.24166216E+03           0.00000E+00
  -17890.000       -0.24324155E+03           0.00000E+00
  -17885.000       -0.24482495E+03           0.00000E+00
  -17880.000       -0.24641335E+03           0.00000E+00
  -17875.000       -0.24800575E+03           0.00000E+00
  -17870.000       -0.24960515E+03           0.00000E+00
  -17865.000       -0.25120754E+03           0.00000E+00
  -17860.000       -0.25281594E+03           0.00000E+00
  -17855.000       -0.25442734E+03           0.00000E+00
  -17850.000       -0.25604374E+03           0.00000E+00
  -17845.000       -0.25766614E+03           0.00000E+00
  -17840.000       -0.25929353E+03           0.00000E+00
  -17835.000       -0.26092493E+03           0.00000E+00
  -17830.000       -0.26256133E+03           0.00000E+00
  -17825.000       -0.26420173E+03           0.00000E+00
  -17820.000       -0.26584812E+03           0.00000E+00
  -17815.000       -0.26749852E+03           0.00000E+00
  -17810.000       -0.26915392E+03           0.00000E+00
  -17805.000       -0.27081332E+03           0.00000E+00
  -17800.000       -0.27247772E+03           0.00000E+00
  -17795.000       -0.27414811E+03           0.00000E+00
  -17790.000       -0.27582151E+03           0.00000E+00
  -17785.000       -0.27749991E+03           0.00000E+00
  -17780.000       -0.27918431E+03           0.00000E+00
  -17775.000       -0.28087271E+03           0.00000E+00
  -17770.000       -0.28256610E+03           0.00000E+00
  -17765.000       -0.28426350E+03           0.00000E+00
  -17760.000       -0.28596590E+03           0.00000E+00
  -17755.000       -0.28767330E+03           0.00000E+00
  -17750.000       -0.28938469E+03           0.00000E+00
  -17745.000       -0.29110209E+03           0.00000E+00
  -17740.000       -0.29282249E+03           0.00000E+00
  -17735.000       -0.29454889E+03           0.00000E+00
  -17730.000       -0.29627929E+03           0.00000E+00
  -17725.000       -0.29801468E+03           0.00000E+00
  -17720.000       -0.29975508E+03           0.00000E+00
  -17715.000       -0.30150048E+03           0.00000E+00
  -17710.000       -0.30324888E+03           0.00000E+00
  -17705.000       -0.30500427E+03           0.00000E+00
  -17700.000       -0.30676267E+03           0.00000E+00
  -17695.000       -0.30852507E+03           0.00000E+00
  -17690.000       -0.31029347E+03           0.00000E+00
  -17685.000       -0.31206587E+03           0.00000E+00
  -17680.000       -0.31384426E+03           0.00000E+00
  -17675.000       -0.31562566E+03           0.00000E+00
  -17670.000       -0.31741206E+03           0.00000E+00
  -17665.000       -0.31920446E+03           0.00000E+00
  -17660.000       -0.32099986E+03           0.00000E+00
  -17655.000       -0.32280025E+03           0.00000E+00
  -17650.000       -0.32460565E+03           0.00000E+00
  -17645.000       -0.32641505E+03           0.00000E+00
  -17640.000       -0.32822945E+03           0.00000E+00
  -17635.000       -0.33004884E+03           0.00000E+00
  -17630.000       -0.33187324E+03           0.00000E+00
  -17625.000       -0.33370164E+03           0.00000E+00
  -17620.000       -0.33553404E+03           0.00000E+00
  -17615.000       -0.33737144E+03           0.00000E+00
  -17610.000       -0.33921383E+03           0.00000E+00
  -17605.000       -0.34106123E+03           0.00000E+00
  -17600.000       -0.34291263E+03           0.00000E+00
  -17595.000       -0.34476803E+03           0.00000E+00
  -17590.000       -0.34662943E+03           0.00000E+00
  -17585.000       -0.34849482E+03           0.00000E+00
  -17580.000       -0.35036322E+03           0.00000E+00
  -17575.000       -0.35223862E+03           0.00000E+00
  -17570.000       -0.35411702E+03           0.00000E+00
  -17565.000       -0.35600041E+03           0.00000E+00
  -17560.000       -0.35788981E+03           0.00000E+00
  -17555.000       -0.35978121E+03           0.00000E+00
  -17550.000       -0.36167961E+03           0.00000E+00
  -17545.000       -0.36358101E+03           0.00000E+00
  -17540.000       -0.36548740E+03           0.00000E+00
  -17535.000       -0.36739880E+03           0.00000E+00
  -17530.000       -0.36931420E+03           0.00000E+00
  -17525.000       -0.37123360E+03           0.00000E+00
  -17520.000       -0.37315899E+03           0.00000E+00
  -17515.000       -0.37508739E+03           0.00000E+00
  -17510.000       -0.37702179E+03           0.00000E+00
  -17505.000       -0.37896019E+03           0.00000E+00
  -17500.000       -0.38090259E+03           0.00000E+00
  -17495.000       -0.38284998E+03           0.00000E+00
  -17490.000       -0.38480238E+03           0.00000E+00
  -17485.000       -0.38675878E+03           0.00000E+00
  -17480.000       -0.38871918E+03           0.00000E+00
  -17475.000       -0.39068458E+03           0.00000E+00
  -17470.000       -0.39265497E+03           0.00000E+00
  -17465.000       -0.39462937E+03           0.00000E+00
  -17460.000       -0.39660877E+03           0.00000E+00
  -17455.000       -0.39859217E+03           0.00000E+00
  -17450.000       -0.40058056E+03           0.00000E+00
  -17445.000       -0.40257196E+03           0.00000E+00
  -17440.000       -0.40456936E+03           0.00000E+00
  -17435.000       -0.40657076E+03           0.00000E+00
  -17430.000       -0.40857716E+03           0.00000E+00
  -17425.000       -0.41058755E+03           0.00000E+00
  -17420.000       -0.41260295E+03           0.00000E+00
  -17415.000       -0.41462235E+03           0.00000E+00
  -17410.000       -0.41664675E+03           0.00000E+00
  -17405.000       -0.41867415E+03           0.00000E+00
  -17400.000       -0.42070754E+03           0.00000E+00
  -17395.000       -0.42274394E+03           0.00000E+00
  -17390.000       -0.42478734E+03           0.00000E+00
  -17385.000       -0.42683274E+03           0.00000E+00
  -17380.000       -0.42888413E+03           0.00000E+00
  -17375.000       -0.43093853E+03           0.00000E+00
  -17370.000       -0.43299893E+03           0.00000E+00
  -17365.000       -0.43506233E+03           0.00000E+00
  -17360.000       -0.43713173E+03           0.00000E+00
  -17355.000       -0.43920412E+03           0.00000E+00
  -17350.000       -0.44128152E+03           0.00000E+00
  -17345.000       -0.44336392E+03           0.00000E+00
  -17340.000       -0.44545032E+03           0.00000E+00
  -17335.000       -0.44754171E+03           0.00000E+00
  -17330.000       -0.44963611E+03           0.00000E+00
  -17325.000       -0.45173551E+03           0.00000E+00
  -17320.000       -0.45383991E+03           0.00000E+00
  -17315.000       -0.45594831E+03           0.00000E+00
  -17310.000       -0.45806170E+03           0.00000E+00
  -17305.000       -0.46017910E+03           0.00000E+00
  -17300.000       -0.46230050E+03           0.00000E+00
  -17295.000       -0.46442590E+03           0.00000E+00
  -17290.000       -0.46655730E+03           0.00000E+00
  -17285.000       -0.46869269E+03           0.00000E+00
  -17280.000       -0.47083209E+03           0.00000E+00
  -17275.000       -0.47297549E+03           0.00000E+00
  -17270.000       -0.47512289E+03           0.00000E+00
  -17265.000       -0.47727628E+03           0.00000E+00
  -17260.000       -0.47943268E+03           0.00000E+00
  -17255.000       -0.48159408E+03           0.00000E+00
  -17250.000       -0.48376048E+03           0.00000E+00
  -17245.000       -0.48592988E+03           0.00000E+00
  -17240.000       -0.48810527E+03           0.00000E+00
  -17235.000       -0.49028367E+03           0.00000E+00
  -17230.000       -0.49246707E+03           0.00000E+00
  -17225.000       -0.49465447E+03           0.00000E+00
  -17220.000       -0.49684686E+03           0.00000E+00
  -17215.000       -0.49904326E+03           0.00000E+00
  -17210.000       -0.50124266E+03           0.00000E+00
  -17205.000       -0.50344806E+03           0.00000E+00
  -17200.000       -0.50565746E+03           0.00000E+00
  -17195.000       -0.50787085E+03           0.00000E+00
  -17190.000       -0.51008925E+03           0.00000E+00
  -17185.000       -0.51231265E+03           0.00000E+00
  -17180.000       -0.51453905E+03           0.00000E+00
  -17175.000       -0.51676945E+03           0.00000E+00
  -17170.000       -0.51900484E+03           0.00000E+00
  -17165.000       -0.52124524E+03           0.00000E+00
  -17160.000       -0.52348864E+03           0.00000E+00
  -17155.000       -0.52573704E+03           0.00000E+00
  -17150.000       -0.52798943E+03           0.00000E+00
  -17145.000       -0.53024683E+03           0.00000E+00
  -17140.000       -0.53250823E+03           0.00000E+00
  -17135.000       -0.53477363E+03           0.00000E+00
  -17130.000       -0.53704403E+03           0.00000E+00
  -17125.000       -0.53931842E+03           0.00000E+00
  -17120.000       -0.54159682E+03           0.00000E+00
  -17115.000       -0.54387922E+03           0.00000E+00
  -17110.000       -0.54616662E+03           0.00000E+00
  -17105.000       -0.54845802E+03           0.00000E+00
  -17100.000       -0.55075441E+03           0.00000E+00
  -17095.000       -0.55305381E+03           0.00000E+00
  -17090.000       -0.55535821E+03           0.00000E+00
  -17085.000       -0.55766761E+03           0.00000E+00
  -17080.000       -0.55998000E+03           0.00000E+00
  -17075.000       -0.56229740E+03           0.00000E+00
  -17070.000       -0.56461880E+03           0.00000E+00
  -17065.000       -0.56694420E+03           0.00000E+00
  -17060.000       -0.56927460E+03           0.00000E+00
  -17055.000       -0.57160899E+03           0.00000E+00
  -17050.000       -0.57394739E+03           0.00000E+00
  -17045.000       -0.57628979E+03           0.00000E+00
  -17040.000       -0.57863719E+03           0.00000E+00
  -17035.000       -0.58098758E+03           0.00000E+00
  -17030.000       -0.58334398E+03           0.00000E+00
  -17025.000       -0.58570338E+03           0.00000E+00
  -17020.000       -0.58806778E+03           0.00000E+00
  -17015.000       -0.59043618E+03           0.00000E+00
  -17010.000       -0.59280857E+03           0.00000E+00
  -17005.000       -0.59518497E+03           0.00000E+00
  -17000.000       -0.59756637E+03           0.00000E+00
  -16995.000       -0.59995177E+03           0.00000E+00
  -16990.000       -0.60234117E+03           0.00000E+00
  -16985.000       -0.60473556E+03           0.00000E+00
  -16980.000       -0.60713296E+03           0.00000E+00
  -16975.000       -0.60953436E+03           0.00000E+00
  -16970.000       -0.61194076E+03           0.00000E+00
  -16965.000       -0.61435215E+03           0.00000E+00
  -16960.000       -0.61676655E+03           0.00000E+00
  -16955.000       -0.61918495E+03           0.00000E+00
  -16950.000       -0.62160835E+03           0.00000E+00
  -16945.000       -0.62403575E+03           0.00000E+00
  -16940.000       -0.62646714E+03           0.00000E+00
  -16935.000       -0.62890354E+03           0.00000E+00
  -16930.000       -0.63134394E+03           0.00000E+00
  -16925.000       -0.63378734E+03           0.00000E+00
  -16920.000       -0.63623574E+03           0.00000E+00
  -16915.000       -0.63868913E+03           0.00000E+00
  -16910.000       -0.64114453E+03           0.00000E+00
  -16905.000       -0.64360593E+03           0.00000E+00
  -16900.000       -0.64607133E+03           0.00000E+00
  -16895.000       -0.64854072E+03           0.00000E+00
  -16890.000       -0.65101412E+03           0.00000E+00
  -16885.000       -0.65349152E+03           0.00000E+00
  -16880.000       -0.65597292E+03           0.00000E+00
  -16875.000       -0.65845932E+03           0.00000E+00
  -16870.000       -0.66094971E+03           0.00000E+00
  -16865.000       -0.66344311E+03           0.00000E+00
  -16860.000       -0.66594251E+03           0.00000E+00
  -16855.000       -0.66844491E+03           0.00000E+00
  -16850.000       -0.67095130E+03           0.00000E+00
  -16845.000       -0.67346170E+03           0.00000E+00
  -16840.000       -0.67597710E+03           0.00000E+00
  -16835.000       -0.67849550E+03           0.00000E+00
  -16830.000       -0.68101990E+03           0.00000E+00
  -16825.000       -0.68354629E+03           0.00000E+00
  -16820.000       -0.68607869E+03           0.00000E+00
  -16815.000       -0.68861409E+03           0.00000E+00
  -16810.000       -0.69115349E+03           0.00000E+00
  -16805.000       -0.69369789E+03           0.00000E+00
  -16800.000       -0.69624528E+03           0.00000E+00
  -16795.000       -0.69879868E+03           0.00000E+00
  -16790.000       -0.70135408E+03           0.00000E+00
  -16785.000       -0.70391448E+03           0.00000E+00
  -16780.000       -0.70647887E+03           0.00000E+00
  -16775.000       -0.70904827E+03           0.00000E+00
  -16770.000       -0.71162067E+03           0.00000E+00
  -16765.000       -0.71419707E+03           0.00000E+00
  -16760.000       -0.71677747E+03           0.00000E+00
  -16755.000       -0.71936286E+03           0.00000E+00
  -16750.000       -0.72195226E+03           0.00000E+00
  -16745.000       -0.72454566E+03           0.00000E+00
  -16740.000       -0.72714306E+03           0.00000E+00
  -16735.000       -0.72974446E+03           0.00000E+00
  -16730.000       -0.73234885E+03           0.00000E+00
  -16725.000       -0.73495825E+03           0.00000E+00
  -16720.000       -0.73757265E+03           0.00000E+00
  -16715.000       -0.74019005E+03           0.00000E+00
  -16710.000       -0.74281144E+03           0.00000E+00
  -16705.000       -0.74543784E+03           0.00000E+00
  -16700.000       -0.74806724E+03           0.00000E+00
  -16695.000       -0.75070164E+03           0.00000E+00
  -16690.000       -0.75333904E+03           0.00000E+00
  -16685.000       -0.75598143E+03           0.00000E+00
  -16680.000       -0.75862683E+03           0.00000E+00
  -16675.000       -0.76127723E+03           0.00000E+00
  -16670.000       -0.76393163E+03           0.00000E+00
  -16665.000       -0.76659002E+03           0.00000E+00
  -16660.000       -0.76925242E+03           0.00000E+00
  -16655.000       -0.77191782E+03           0.00000E+00
  -16650.000       -0.77458922E+03           0.00000E+00
  -16645.000       -0.77726262E+03           0.00000E+00
  -16640.000       -0.77994201E+03           0.00000E+00
  -16635.000       -0.78262441E+03           0.00000E+00
  -16630.000       -0.78531081E+03           0.00000E+00
  -16625.000       -0.78800121E+03           0.00000E+00
  -16620.000       -0.79069561E+03           0.00000E+00
  -16615.000       -0.79339400E+03           0.00000E+00
  -16610.000       -0.79609740E+03           0.00000E+00
  -16605.000       -0.79880280E+03           0.00000E+00
  -16600.000       -0.80151420E+03           0.00000E+00
  -16595.000       -0.80422859E+03           0.00000E+00
  -16590.000       -0.80694699E+03           0.00000E+00
  -16585.000       -0.80966939E+03           0.00000E+00
  -16580.000       -0.81239579E+03           0.00000E+00
  -16575.000       -0.81512619E+03           0.00000E+00
  -16570.000       -0.81786058E+03           0.00000E+00
  -16565.000       -0.82059898E+03           0.00000E+00
  -16560.000       -0.82334238E+03           0.00000E+00
  -16555.000       -0.82608778E+03           0.00000E+00
  -16550.000       -0.82883817E+03           0.00000E+00
  -16545.000       -0.83159357E+03           0.00000E+00
  -16540.000       -0.83435197E+03           0.00000E+00
  -16535.000       -0.83711437E+03           0.00000E+00
  -16530.000       -0.83988077E+03           0.00000E+00
  -16525.000       -0.84265016E+03           0.00000E+00
  -16520.000       -0.84542556E+03           0.00000E+00
  -16515.000       -0.84820396E+03           0.00000E+00
  -16510.000       -0.85098536E+03           0.00000E+00
  -16505.000       -0.85377176E+03           0.00000E+00
  -16500.000       -0.85656215E+03           0.00000E+00
  -16495.000       -0.85935655E+03           0.00000E+00
  -16490.000       -0.86215395E+03           0.00000E+00
  -16485.000       -0.86495635E+03           0.00000E+00
  -16480.000       -0.86776174E+03           0.00000E+00
  -16475.000       -0.87057214E+03           0.00000E+00
  -16470.000       -0.87338554E+03           0.00000E+00
  -16465.000       -0.87620394E+03           0.00000E+00
  -16460.000       -0.87902534E+03           0.00000E+00
  -16455.000       -0.88185073E+03           0.00000E+00
  -16450.000       -0.88468113E+03           0.00000E+00
  -16445.000       -0.88751353E+03           0.00000E+00
  -16440.000       -0.89035093E+03           0.00000E+00
  -16435.000       -0.89319233E+03           0.00000E+00
  -16430.000       -0.89603672E+03           0.00000E+00
  -16425.000       -0.89888612E+03           0.00000E+00
  -16420.000       -0.90173952E+03           0.00000E+00
  -16415.000       -0.90459592E+03           0.00000E+00
  -16410.000       -0.90745731E+03           0.00000E+00
  -16405.000       -0.91032171E+03           0.00000E+00
  -16400.000       -0.91319011E+03           0.00000E+00
  -16395.000       -0.91606251E+03           0.00000E+00
  -16390.000       -0.91893891E+03           0.00000E+00
  -16385.000       -0.92181930E+03           0.00000E+00
  -16380.000       -0.92470370E+03           0.00000E+00
  -16375.000       -0.92759210E+03           0.00000E+00
  -16370.000       -0.93048350E+03           0.00000E+00
  -16365.000       -0.93337889E+03           0.00000E+00
  -16360.000       -0.93627929E+03           0.00000E+00
  -16355.000       -0.93918269E+03           0.00000E+00
  -16350.000       -0.94208909E+03           0.00000E+00
  -16345.000       -0.94500049E+03           0.00000E+00
  -16340.000       -0.94791588E+03           0.00000E+00
  -16335.000       -0.95083528E+03           0.00000E+00
  -16330.000       -0.95375768E+03           0.00000E+00
  -16325.000       -0.95668508E+03           0.00000E+00
  -16320.000       -0.95961448E+03           0.00000E+00
  -16315.000       -0.96254887E+03           0.00000E+00
  -16310.000       -0.96548827E+03           0.00000E+00
  -16305.000       -0.96842967E+03           0.00000E+00
  -16300.000       -0.97137607E+03           0.00000E+00
  -16295.000       -0.97432546E+03           0.00000E+00
  -16290.000       -0.97727886E+03           0.00000E+00
  -16285.000       -0.98023626E+03           0.00000E+00
  -16280.000       -0.98319766E+03           0.00000E+00
  -16275.000       -0.98616206E+03           0.00000E+00
  -16270.000       -0.98913145E+03           0.00000E+00
  -16265.000       -0.99210385E+03           0.00000E+00
  -16260.000       -0.99508025E+03           0.00000E+00
  -16255.000       -0.99806165E+03           0.00000E+00
  -16250.000       -0.10010450E+04           0.00000E+00
  -16245.000       -0.10040334E+04           0.00000E+00
  -16240.000       -0.10070248E+04           0.00000E+00
  -16235.000       -0.10100202E+04           0.00000E+00
  -16230.000       -0.10130196E+04           0.00000E+00
  -16225.000       -0.10160230E+04           0.00000E+00
  -16220.000       -0.10190304E+04           0.00000E+00
  -16215.000       -0.10220408E+04           0.00000E+00
  -16210.000       -0.10250552E+04           0.00000E+00
  -16205.000       -0.10280736E+04           0.00000E+00
  -16200.000       -0.10310960E+04           0.00000E+00
  -16195.000       -0.10341224E+04           0.00000E+00
  -16190.000       -0.10371518E+04           0.00000E+00
  -16185.000       -0.10401852E+04           0.00000E+00
  -16180.000       -0.10432226E+04           0.00000E+00
  -16175.000       -0.10462630E+04           0.00000E+00
  -16170.000       -0.10493074E+04           0.00000E+00
  -16165.000       -0.10523558E+04           0.00000E+00
  -16160.000       -0.10554082E+04           0.00000E+00
  -16155.000       -0.10584646E+04           0.00000E+00
  -16150.000       -0.10615240E+04           0.00000E+00
  -16145.000       -0.10645874E+04           0.00000E+00
  -16140.000       -0.10676548E+04           0.00000E+00
  -16135.000       -0.10707262E+04           0.00000E+00
  -16130.000       -0.10738006E+04           0.00000E+00
  -16125.000       -0.10768800E+04           0.00000E+00
  -16120.000       -0.10799624E+04           0.00000E+00
  -16115.000       -0.10830478E+04           0.00000E+00
  -16110.000       -0.10861372E+04           0.00000E+00
  -16105.000       -0.10892306E+04           0.00000E+00
  -16100.000       -0.10923280E+04           0.00000E+00
  -16095.000       -0.10954294E+04           0.00000E+00
  -16090.000       -0.10985338E+04           0.00000E+00
  -16085.000       -0.11016422E+04           0.00000E+00
  -16080.000       -0.11047536E+04           0.00000E+00
  -16075.000       -0.11078700E+04           0.00000E+00
  -16070.000       -0.11109894E+04           0.00000E+00
  -16065.000       -0.11141128E+04           0.00000E+00
  -16060.000       -0.11172392E+04           0.00000E+00
  -16055.000       -0.11203696E+04           0.00000E+00
  -16050.000       -0.11235040E+04           0.00000E+00
  -16045.000       -0.11266424E+04           0.00000E+00
  -16040.000       -0.11297848E+04           0.00000E+00
  -16035.000       -0.11329292E+04           0.00000E+00
  -16030.000       -0.11360795E+04           0.00000E+00
  -16025.000       -0.11392309E+04           0.00000E+00
  -16020.000       -0.11423873E+04           0.00000E+00
  -16015.000       -0.11455477E+04           0.00000E+00
  -16010.000       -0.11487121E+04           0.00000E+00
  -16005.000       -0.11518795E+04           0.00000E+00
  -16000.000       -0.11550499E+04           0.00000E+00
  -15995.000       -0.11582253E+04           0.00000E+00
  -15990.000       -0.11614037E+04           0.00000E+00
  -15985.000       -0.11645861E+04           0.00000E+00
  -15980.000       -0.11677715E+04           0.00000E+00
  -15975.000       -0.11709609E+04           0.00000E+00
  -15970.000       -0.11741543E+04           0.00000E+00
  -15965.000       -0.11773507E+04           0.00000E+00
  -15960.000       -0.11805511E+04           0.00000E+00
  -15955.000       -0.11837555E+04           0.00000E+00
  -15950.000       -0.11869629E+04           0.00000E+00
  -15945.000       -0.11901743E+04           0.00000E+00
  -15940.000       -0.11933897E+04           0.00000E+00
  -15935.000       -0.11966081E+04           0.00000E+00
  -15930.000       -0.11998305E+04           0.00000E+00
  -15925.000       -0.12030559E+04           0.00000E+00
  -15920.000       -0.12062863E+04           0.00000E+00
  -15915.000       -0.12095187E+04           0.00000E+00
  -15910.000       -0.12127561E+04           0.00000E+00
  -15905.000       -0.12159965E+04           0.00000E+00
  -15900.000       -0.12192399E+04           0.00000E+00
  -15895.000       -0.12224873E+04           0.00000E+00
  -15890.000       -0.12257387E+04           0.00000E+00
  -15885.000       -0.12289941E+04           0.00000E+00
  -15880.000       -0.12322525E+04           0.00000E+00
  -15875.000       -0.12355139E+04           0.00000E+00
  -15870.000       -0.12387803E+04           0.00000E+00
  -15865.000       -0.12420487E+04           0.00000E+00
  -15860.000       -0.12453221E+04           0.00000E+00
  -15855.000       -0.12485985E+04           0.00000E+00
  -15850.000       -0.12518789E+04           0.00000E+00
  -15845.000       -0.12551623E+04           0.00000E+00
  -15840.000       -0.12584497E+04           0.00000E+00
  -15835.000       -0.12617401E+04           0.00000E+00
  -15830.000       -0.12650345E+04           0.00000E+00
  -15825.000       -0.12683319E+04           0.00000E+00
  -15820.000       -0.12716343E+04           0.00000E+00
  -15815.000       -0.12749397E+04           0.00000E+00
  -15810.000       -0.12782471E+04           0.00000E+00
  -15805.000       -0.12815595E+04           0.00000E+00
  -15800.000       -0.12848759E+04           0.00000E+00
  -15795.000       -0.12881952E+04           0.00000E+00
  -15790.000       -0.12915176E+04           0.00000E+00
  -15785.000       -0.12948440E+04           0.00000E+00
  -15780.000       -0.12981744E+04           0.00000E+00
  -15775.000       -0.13015078E+04           0.00000E+00
  -15770.000       -0.13048452E+04           0.00000E+00
  -15765.000       -0.13081856E+04           0.00000E+00
  -15760.000       -0.13115300E+04           0.00000E+00
  -15755.000       -0.13148774E+04           0.00000E+00
  -15750.000       -0.13182288E+04           0.00000E+00
  -15745.000       -0.13215832E+04           0.00000E+00
  -15740.000       -0.13249416E+04           0.00000E+00
  -15735.000       -0.13283040E+04           0.00000E+00
  -15730.000       -0.13316694E+04           0.00000E+00
  -15725.000       -0.13350378E+04           0.00000E+00
  -15720.000       -0.13384102E+04           0.00000E+00
  -15715.000       -0.13417866E+04           0.00000E+00
  -15710.000       -0.13451660E+04           0.00000E+00
  -15705.000       -0.13485484E+04           0.00000E+00
  -15700.000       -0.13519348E+04           0.00000E+00
  -15695.000       -0.13553252E+04           0.00000E+00
  -15690.000       -0.13587176E+04           0.00000E+00
  -15685.000       -0.13621150E+04           0.00000E+00
  -15680.000       -0.13655164E+04           0.00000E+00
  -15675.000       -0.13689198E+04           0.00000E+00
  -15670.000       -0.13723272E+04           0.00000E+00
  -15665.000       -0.13757386E+04           0.00000E+00
  -15660.000       -0.13791530E+04           0.00000E+00
  -15655.000       -0.13825714E+04           0.00000E+00
  -15650.000       -0.13859918E+04           0.00000E+00
  -15645.000       -0.13894172E+04           0.00000E+00
  -15640.000       -0.13928456E+04           0.00000E+00
  -15635.000       -0.13962770E+04           0.00000E+00
  -15630.000       -0.13997124E+04           0.00000E+00
  -15625.000       -0.14031518E+04           0.00000E+00
  -15620.000       -0.14065942E+04           0.00000E+00
  -15615.000       -0.14100396E+04           0.00000E+00
  -15610.000       -0.14134890E+04           0.00000E+00
  -15605.000       -0.14169414E+04           0.00000E+00
  -15600.000       -0.14203978E+04           0.00000E+00
  -15595.000       -0.14238572E+04           0.00000E+00
  -15590.000       -0.14273206E+04           0.00000E+00
  -15585.000       -0.14307870E+04           0.00000E+00
  -15580.000       -0.14342564E+04           0.00000E+00
  -15575.000       -0.14377298E+04           0.00000E+00
  -15570.000       -0.14412072E+04           0.00000E+00
  -15565.000       -0.14446865E+04           0.00000E+00
  -15560.000       -0.14481709E+04           0.00000E+00
  -15555.000       -0.14516583E+04           0.00000E+00
  -15550.000       -0.14551487E+04           0.00000E+00
  -15545.000       -0.14586421E+04           0.00000E+00
  -15540.000       -0.14621405E+04           0.00000E+00
  -15535.000       -0.14656409E+04           0.00000E+00
  -15530.000       -0.14691453E+04           0.00000E+00
  -15525.000       -0.14726527E+04           0.00000E+00
  -15520.000       -0.14761641E+04           0.00000E+00
  -15515.000       -0.14796785E+04           0.00000E+00
  -15510.000       -0.14831969E+04           0.00000E+00
  -15505.000       -0.14867173E+04           0.00000E+00
  -15500.000       -0.14902427E+04           0.00000E+00
  -15495.000       -0.14937711E+04           0.00000E+00
  -15490.000       -0.14973025E+04           0.00000E+00
  -15485.000       -0.15008369E+04           0.00000E+00
  -15480.000       -0.15043753E+04           0.00000E+00
  -15475.000       -0.15079177E+04           0.00000E+00
  -15470.000       -0.15114621E+04           0.00000E+00
  -15465.000       -0.15150115E+04           0.00000E+00
  -15460.000       -0.15185629E+04           0.00000E+00
  -15455.000       -0.15221193E+04           0.00000E+00
  -15450.000       -0.15256777E+04           0.00000E+00
  -15445.000       -0.15292391E+04           0.00000E+00
  -15440.000       -0.15328055E+04           0.00000E+00
  -15435.000       -0.15363739E+04           0.00000E+00
  -15430.000       -0.15399463E+04           0.00000E+00
  -15425.000       -0.15435217E+04           0.00000E+00
  -15420.000       -0.15471011E+04           0.00000E+00
  -15415.000       -0.15506835E+04           0.00000E+00
  -15410.000       -0.15542689E+04           0.00000E+00
  -15405.000       -0.15578579E+04           0.00000E+00
  -15400.000       -0.15614503E+04           0.00000E+00
  -15395.000       -0.15650464E+04           0.00000E+00
  -15390.000       -0.15686452E+04           0.00000E+00
  -15385.000       -0.15722478E+04           0.00000E+00
  -15380.000       -0.15758536E+04           0.00000E+00
  -15375.000       -0.15794628E+04           0.00000E+00
  -15370.000       -0.15830755E+04           0.00000E+00
  -15365.000       -0.15866913E+04           0.00000E+00
  -15360.000       -0.15903103E+04           0.00000E+00
  -15355.000       -0.15939332E+04           0.00000E+00
  -15350.000       -0.15975590E+04           0.00000E+00
  -15345.000       -0.16011885E+04           0.00000E+00
  -15340.000       -0.16048211E+04           0.00000E+00
  -15335.000       -0.16084567E+04           0.00000E+00
  -15330.000       -0.16120959E+04           0.00000E+00
  -15325.000       -0.16157385E+04           0.00000E+00
  -15320.000       -0.16193843E+04           0.00000E+00
  -15315.000       -0.16230336E+04           0.00000E+00
  -15310.000       -0.16266859E+04           0.00000E+00
  -15305.000       -0.16303419E+04           0.00000E+00
  -15300.000       -0.16340012E+04           0.00000E+00
  -15295.000       -0.16376635E+04           0.00000E+00
  -15290.000       -0.16413293E+04           0.00000E+00
  -15285.000       -0.16449983E+04           0.00000E+00
  -15280.000       -0.16486706E+04           0.00000E+00
  -15275.000       -0.16523462E+04           0.00000E+00
  -15270.000       -0.16560253E+04           0.00000E+00
  -15265.000       -0.16597073E+04           0.00000E+00
  -15260.000       -0.16633930E+04           0.00000E+00
  -15255.000       -0.16670818E+04           0.00000E+00
  -15250.000       -0.16707739E+04           0.00000E+00
  -15245.000       -0.16744695E+04           0.00000E+00
  -15240.000       -0.16781680E+04           0.00000E+00
  -15235.000       -0.16818703E+04           0.00000E+00
  -15230.000       -0.16855754E+04           0.00000E+00
  -15225.000       -0.16892837E+04           0.00000E+00
  -15220.000       -0.16929956E+04           0.00000E+00
  -15215.000       -0.16967111E+04           0.00000E+00
  -15210.000       -0.17004291E+04           0.00000E+00
  -15205.000       -0.17041511E+04           0.00000E+00
  -15200.000       -0.17078756E+04           0.00000E+00
  -15195.000       -0.17116037E+04           0.00000E+00
  -15190.000       -0.17153354E+04           0.00000E+00
  -15185.000       -0.17190700E+04           0.00000E+00
  -15180.000       -0.17228080E+04           0.00000E+00
  -15175.000       -0.17265490E+04           0.00000E+00
  -15170.000       -0.17302935E+04           0.00000E+00
  -15165.000       -0.17340411E+04           0.00000E+00
  -15160.000       -0.17377920E+04           0.00000E+00
  -15155.000       -0.17415459E+04           0.00000E+00
  -15150.000       -0.17453035E+04           0.00000E+00
  -15145.000       -0.17490641E+04           0.00000E+00
  -15140.000       -0.17528282E+04           0.00000E+00
  -15135.000       -0.17565950E+04           0.00000E+00
  -15130.000       -0.17603655E+04           0.00000E+00
  -15125.000       -0.17641389E+04           0.00000E+00
  -15120.000       -0.17679157E+04           0.00000E+00
  -15115.000       -0.17716958E+04           0.00000E+00
  -15110.000       -0.17754793E+04           0.00000E+00
  -15105.000       -0.17792653E+04           0.00000E+00
  -15100.000       -0.17830552E+04           0.00000E+00
  -15095.000       -0.17868482E+04           0.00000E+00
  -15090.000       -0.17906443E+04           0.00000E+00
  -15085.000       -0.17944436E+04           0.00000E+00
  -15080.000       -0.17982460E+04           0.00000E+00
  -15075.000       -0.18020516E+04           0.00000E+00
  -15070.000       -0.18058603E+04           0.00000E+00
  -15065.000       -0.18096728E+04           0.00000E+00
  -15060.000       -0.18134880E+04           0.00000E+00
  -15055.000       -0.18173064E+04           0.00000E+00
  -15050.000       -0.18211282E+04           0.00000E+00
  -15045.000       -0.18249531E+04           0.00000E+00
  -15040.000       -0.18287814E+04           0.00000E+00
  -15035.000       -0.18326127E+04           0.00000E+00
  -15030.000       -0.18364470E+04           0.00000E+00
  -15025.000       -0.18402846E+04           0.00000E+00
  -15020.000       -0.18441253E+04           0.00000E+00
  -15015.000       -0.18479692E+04           0.00000E+00
  -15010.000       -0.18518162E+04           0.00000E+00
  -15005.000       -0.18556668E+04           0.00000E+00
  -15000.000       -0.18595204E+04           0.00000E+00
  -14995.000       -0.18633771E+04           0.00000E+00
  -14990.000       -0.18672369E+04           0.00000E+00
  -14985.000       -0.18710997E+04           0.00000E+00
  -14980.000       -0.18749661E+04           0.00000E+00
  -14975.000       -0.18788354E+04           0.00000E+00
  -14970.000       -0.18827078E+04           0.00000E+00
  -14965.000       -0.18865834E+04           0.00000E+00
  -14960.000       -0.18904622E+04           0.00000E+00
  -14955.000       -0.18943440E+04           0.00000E+00
  -14950.000       -0.18982291E+04           0.00000E+00
  -14945.000       -0.19021171E+04           0.00000E+00
  -14940.000       -0.19060084E+04           0.00000E+00
  -14935.000       -0.19099028E+04           0.00000E+00
  -14930.000       -0.19138006E+04           0.00000E+00
  -14925.000       -0.19177013E+04           0.00000E+00
  -14920.000       -0.19216052E+04           0.00000E+00
  -14915.000       -0.19255120E+04           0.00000E+00
  -14910.000       -0.19294222E+04           0.00000E+00
  -14905.000       -0.19333357E+04           0.00000E+00
  -14900.000       -0.19372520E+04           0.00000E+00
  -14895.000       -0.19411713E+04           0.00000E+00
  -14890.000       -0.19450938E+04           0.00000E+00
  -14885.000       -0.19490194E+04           0.00000E+00
  -14880.000       -0.19529482E+04           0.00000E+00
  -14875.000       -0.19568798E+04           0.00000E+00
  -14870.000       -0.19608152E+04           0.00000E+00
  -14865.000       -0.19647532E+04           0.00000E+00
  -14860.000       -0.19686942E+04           0.00000E+00
  -14855.000       -0.19726386E+04           0.00000E+00
  -14850.000       -0.19765860E+04           0.00000E+00
  -14845.000       -0.19805362E+04           0.00000E+00
  -14840.000       -0.19844899E+04           0.00000E+00
  -14835.000       -0.19884467E+04           0.00000E+00
  -14830.000       -0.19924061E+04           0.00000E+00
  -14825.000       -0.19963689E+04           0.00000E+00
  -14820.000       -0.20003348E+04           0.00000E+00
  -14815.000       -0.20043040E+04           0.00000E+00
  -14810.000       -0.20082759E+04           0.00000E+00
  -14805.000       -0.20122507E+04           0.00000E+00
  -14800.000       -0.20162291E+04           0.00000E+00
  -14795.000       -0.20202104E+04           0.00000E+00
  -14790.000       -0.20241946E+04           0.00000E+00
  -14785.000       -0.20281820E+04           0.00000E+00
  -14780.000       -0.20321723E+04           0.00000E+00
  -14775.000       -0.20361658E+04           0.00000E+00
  -14770.000       -0.20401623E+04           0.00000E+00
  -14765.000       -0.20441618E+04           0.00000E+00
  -14760.000       -0.20481644E+04           0.00000E+00
  -14755.000       -0.20521699E+04           0.00000E+00
  -14750.000       -0.20561789E+04           0.00000E+00
  -14745.000       -0.20601905E+04           0.00000E+00
  -14740.000       -0.20642050E+04           0.00000E+00
  -14735.000       -0.20682230E+04           0.00000E+00
  -14730.000       -0.20722437E+04           0.00000E+00
  -14725.000       -0.20762677E+04           0.00000E+00
  -14720.000       -0.20802945E+04           0.00000E+00
  -14715.000       -0.20843243E+04           0.00000E+00
  -14710.000       -0.20883573E+04           0.00000E+00
  -14705.000       -0.20923931E+04           0.00000E+00
  -14700.000       -0.20964323E+04           0.00000E+00
  -14695.000       -0.21004743E+04           0.00000E+00
  -14690.000       -0.21045188E+04           0.00000E+00
  -14685.000       -0.21085669E+04           0.00000E+00
  -14680.000       -0.21126179E+04           0.00000E+00
  -14675.000       -0.21166720E+04           0.00000E+00
  -14670.000       -0.21207289E+04           0.00000E+00
  -14665.000       -0.21247889E+04           0.00000E+00
  -14660.000       -0.21288521E+04           0.00000E+00
  -14655.000       -0.21329179E+04           0.00000E+00
  -14650.000       -0.21369871E+04           0.00000E+00
  -14645.000       -0.21410587E+04           0.00000E+00
  -14640.000       -0.21451337E+04           0.00000E+00
  -14635.000       -0.21492115E+04           0.00000E+00
  -14630.000       -0.21532924E+04           0.00000E+00
  -14625.000       -0.21573763E+04           0.00000E+00
  -14620.000       -0.21614631E+04           0.00000E+00
  -14615.000       -0.21655533E+04           0.00000E+00
  -14610.000       -0.21696458E+04           0.00000E+00
  -14605.000       -0.21737417E+04           0.00000E+00
  -14600.000       -0.21778403E+04           0.00000E+00
  -14595.000       -0.21819421E+04           0.00000E+00
  -14590.000       -0.21860467E+04           0.00000E+00
  -14585.000       -0.21901544E+04           0.00000E+00
  -14580.000       -0.21942649E+04           0.00000E+00
  -14575.000       -0.21983786E+04           0.00000E+00
  -14570.000       -0.22024949E+04           0.00000E+00
  -14565.000       -0.22066144E+04           0.00000E+00
  -14560.000       -0.22107367E+04           0.00000E+00
  -14555.000       -0.22148620E+04           0.00000E+00
  -14550.000       -0.22189904E+04           0.00000E+00
  -14545.000       -0.22231215E+04           0.00000E+00
  -14540.000       -0.22272557E+04           0.00000E+00
  -14535.000       -0.22313928E+04           0.00000E+00
  -14530.000       -0.22355328E+04           0.00000E+00
  -14525.000       -0.22396758E+04           0.00000E+00
  -14520.000       -0.22438216E+04           0.00000E+00
  -14515.000       -0.22479705E+04           0.00000E+00
  -14510.000       -0.22521223E+04           0.00000E+00
  -14505.000       -0.22562768E+04           0.00000E+00
  -14500.000       -0.22604346E+04           0.00000E+00
  -14495.000       -0.22645952E+04           0.00000E+00
  -14490.000       -0.22687586E+04           0.00000E+00
  -14485.000       -0.22729250E+04           0.00000E+00
  -14480.000       -0.22770943E+04           0.00000E+00
  -14475.000       -0.22812667E+04           0.00000E+00
  -14470.000       -0.22854417E+04           0.00000E+00
  -14465.000       -0.22896198E+04           0.00000E+00
  -14460.000       -0.22938007E+04           0.00000E+00
  -14455.000       -0.22979846E+04           0.00000E+00
  -14450.000       -0.23021713E+04           0.00000E+00
  -14445.000       -0.23063609E+04           0.00000E+00
  -14440.000       -0.23105538E+04           0.00000E+00
  -14435.000       -0.23147490E+04           0.00000E+00
  -14430.000       -0.23189475E+04           0.00000E+00
  -14425.000       -0.23231488E+04           0.00000E+00
  -14420.000       -0.23273530E+04           0.00000E+00
  -14415.000       -0.23315601E+04           0.00000E+00
  -14410.000       -0.23357702E+04           0.00000E+00
  -14405.000       -0.23399831E+04           0.00000E+00
  -14400.000       -0.23441988E+04           0.00000E+00
  -14395.000       -0.23484175E+04           0.00000E+00
  -14390.000       -0.23526391E+04           0.00000E+00
  -14385.000       -0.23568634E+04           0.00000E+00
  -14380.000       -0.23610912E+04           0.00000E+00
  -14375.000       -0.23653215E+04           0.00000E+00
  -14370.000       -0.23695546E+04           0.00000E+00
  -14365.000       -0.23737906E+04           0.00000E+00
  -14360.000       -0.23780297E+04           0.00000E+00
  -14355.000       -0.23822715E+04           0.00000E+00
  -14350.000       -0.23865162E+04           0.00000E+00
  -14345.000       -0.23907641E+04           0.00000E+00
  -14340.000       -0.23950145E+04           0.00000E+00
  -14335.000       -0.23992680E+04           0.00000E+00
  -14330.000       -0.24035244E+04           0.00000E+00
  -14325.000       -0.24077837E+04           0.00000E+00
  -14320.000       -0.24120458E+04           0.00000E+00
  -14315.000       -0.24163109E+04           0.00000E+00
  -14310.000       -0.24205789E+04           0.00000E+00
  -14305.000       -0.24248498E+04           0.00000E+00
  -14300.000       -0.24291234E+04           0.00000E+00
  -14295.000       -0.24334000E+04           0.00000E+00
  -14290.000       -0.24376797E+04           0.00000E+00
  -14285.000       -0.24419621E+04           0.00000E+00
  -14280.000       -0.24462477E+04           0.00000E+00
  -14275.000       -0.24505357E+04           0.00000E+00
  -14270.000       -0.24548270E+04           0.00000E+00
  -14265.000       -0.24591210E+04           0.00000E+00
  -14260.000       -0.24634181E+04           0.00000E+00
  -14255.000       -0.24677181E+04           0.00000E+00
  -14250.000       -0.24720209E+04           0.00000E+00
  -14245.000       -0.24763266E+04           0.00000E+00
  -14240.000       -0.24806353E+04           0.00000E+00
  -14235.000       -0.24849472E+04           0.00000E+00
  -14230.000       -0.24892616E+04           0.00000E+00
  -14225.000       -0.24935789E+04           0.00000E+00
  -14220.000       -0.24978994E+04           0.00000E+00
  -14215.000       -0.25022227E+04           0.00000E+00
  -14210.000       -0.25065491E+04           0.00000E+00
  -14205.000       -0.25108783E+04           0.00000E+00
  -14200.000       -0.25152103E+04           0.00000E+00
