  -19950.000       -0.14410834E+02           0.55138E-06
  -19945.000       -0.13998779E+02           0.83254E-06
  -19940.000       -0.13591723E+02           0.12508E-05
  -19935.000       -0.13190668E+02           0.18680E-05
  -19930.000       -0.12794612E+02           0.27757E-05
  -19925.000       -0.12405556E+02           0.40958E-05
  -19920.000       -0.12023501E+02           0.60015E-05
  -19915.000       -0.11645445E+02           0.87589E-05
  -19910.000       -0.11274390E+02           0.12694E-04
  -19905.000       -0.10909334E+02           0.18287E-04
  -19900.000       -0.10548279E+02           0.26239E-04
  -19895.000       -0.10195223E+02           0.37348E-04
  -19890.000       -0.98471675E+01           0.52897E-04
  -19885.000       -0.95061119E+01           0.74396E-04
  -19880.000       -0.91710563E+01           0.10401E-03
  -19875.000       -0.88390008E+01           0.14497E-03
  -19870.000       -0.85159452E+01           0.20025E-03
  -19865.000       -0.81988896E+01           0.27496E-03
  -19860.000       -0.78858341E+01           0.37603E-03
  -19855.000       -0.75807785E+01           0.51016E-03
  -19850.000       -0.72807229E+01           0.68869E-03
  -19845.000       -0.69866674E+01           0.92412E-03
  -19840.000       -0.66986118E+01           0.12326E-02
  -19835.000       -0.64165562E+01           0.16343E-02
  -19830.000       -0.61405006E+01           0.21538E-02
  -19825.000       -0.58704451E+01           0.28216E-02
  -19820.000       -0.56063895E+01           0.36743E-02
  -19815.000       -0.53483339E+01           0.47561E-02
  -19810.000       -0.50982784E+01           0.61073E-02
  -19805.000       -0.48522228E+01           0.78110E-02
  -19800.000       -0.46111672E+01           0.99402E-02
  -19795.000       -0.43791117E+01           0.12536E-01
  -19790.000       -0.41500561E+01           0.15764E-01
  -19785.000       -0.39290005E+01           0.19663E-01
  -19780.000       -0.37149449E+01           0.24357E-01
  -19775.000       -0.35038894E+01           0.30080E-01
  -19770.000       -0.33008338E+01           0.36852E-01
  -19765.000       -0.31047782E+01           0.44834E-01
  -19760.000       -0.29127227E+01           0.54328E-01
  -19755.000       -0.27286671E+01           0.65306E-01
  -19750.000       -0.25486115E+01           0.78190E-01
  -19745.000       -0.23755560E+01           0.92963E-01
  -19740.000       -0.22095004E+01           0.10976E+00
  -19735.000       -0.20484448E+01           0.12894E+00
  -19730.000       -0.18933892E+01           0.15056E+00
  -19725.000       -0.17463337E+01           0.17441E+00
  -19720.000       -0.16022781E+01           0.20144E+00
  -19715.000       -0.14662225E+01           0.23080E+00
  -19710.000       -0.13341670E+01           0.26338E+00
  -19705.000       -0.12111114E+01           0.29787E+00
  -19700.000       -0.10930558E+01           0.33519E+00
  -19695.000       -0.98100026E+00           0.37494E+00
  -19690.000       -0.87394469E+00           0.41730E+00
  -19685.000       -0.77488912E+00           0.46075E+00
  -19680.000       -0.68183355E+00           0.50569E+00
  -19675.000       -0.59377798E+00           0.55224E+00
  -19670.000       -0.51072241E+00           0.60006E+00
  -19665.000       -0.43466684E+00           0.64748E+00
  -19660.000       -0.36561127E+00           0.69377E+00
  -19655.000       -0.30255570E+00           0.73893E+00
  -19650.000       -0.24450013E+00           0.78310E+00
  -19645.000       -0.19244456E+00           0.82494E+00
  -19640.000       -0.14838899E+00           0.86210E+00
  -19635.000       -0.10833342E+00           0.89733E+00
  -19630.000       -0.75277850E-01           0.92749E+00
  -19625.000       -0.49222280E-01           0.95197E+00
  -19620.000       -0.27166710E-01           0.97320E+00
  -19615.000       -0.12111140E-01           0.98796E+00
  -19610.000       -0.30555699E-02           0.99695E+00
  -19605.000        0.00000000E+00           0.10000E+01
  -19600.000       -0.29444301E-02           0.99706E+00
  -19595.000       -0.11888860E-01           0.98818E+00
  -19590.000       -0.25833290E-01           0.97450E+00
  -19585.000       -0.49777720E-01           0.95144E+00
  -19580.000       -0.75722150E-01           0.92707E+00
  -19575.000       -0.10966658E+00           0.89613E+00
  -19570.000       -0.14861101E+00           0.86190E+00
  -19565.000       -0.19355544E+00           0.82402E+00
  -19560.000       -0.24549987E+00           0.78231E+00
  -19555.000       -0.30244430E+00           0.73901E+00
  -19550.000       -0.36538873E+00           0.69393E+00
  -19545.000       -0.43433316E+00           0.64770E+00
  -19540.000       -0.51127759E+00           0.59973E+00
  -19535.000       -0.59122202E+00           0.55365E+00
  -19530.000       -0.67916645E+00           0.50704E+00
  -19525.000       -0.77311088E+00           0.46157E+00
  -19520.000       -0.87205531E+00           0.41809E+00
  -19515.000       -0.97799974E+00           0.37606E+00
  -19510.000       -0.10889442E+01           0.33657E+00
  -19505.000       -0.12058886E+01           0.29943E+00
  -19500.000       -0.13298330E+01           0.26452E+00
  -19495.000       -0.14587775E+01           0.23252E+00
  -19490.000       -0.15937219E+01           0.20317E+00
  -19485.000       -0.17356663E+01           0.17628E+00
  -19480.000       -0.18836108E+01           0.15204E+00
  -19475.000       -0.20365552E+01           0.13048E+00
  -19470.000       -0.21954996E+01           0.11130E+00
  -19465.000       -0.23604440E+01           0.94378E-01
  -19460.000       -0.25313885E+01           0.79548E-01
  -19455.000       -0.27093329E+01           0.66581E-01
  -19450.000       -0.28922773E+01           0.55450E-01
  -19445.000       -0.30802218E+01           0.45949E-01
  -19440.000       -0.32761662E+01           0.37773E-01
  -19435.000       -0.34761106E+01           0.30927E-01
  -19430.000       -0.36830551E+01           0.25146E-01
  -19425.000       -0.38959995E+01           0.20323E-01
  -19420.000       -0.41149439E+01           0.16327E-01
  -19415.000       -0.43398883E+01           0.13038E-01
  -19410.000       -0.45698328E+01           0.10360E-01
  -19405.000       -0.48057772E+01           0.81823E-02
  -19400.000       -0.50477216E+01           0.64240E-02
  -19395.000       -0.52956661E+01           0.50133E-02
  -19390.000       -0.55506105E+01           0.38851E-02
  -19385.000       -0.58105549E+01           0.29958E-02
  -19380.000       -0.60764994E+01           0.22962E-02
  -19375.000       -0.63484438E+01           0.17495E-02
  -19370.000       -0.66253882E+01           0.13263E-02
  -19365.000       -0.69093326E+01           0.99842E-03
  -19360.000       -0.71992771E+01           0.74713E-03
  -19355.000       -0.74942215E+01           0.55629E-03
  -19350.000       -0.77951659E+01           0.41172E-03
  -19345.000       -0.81021104E+01           0.30290E-03
  -19340.000       -0.84150548E+01           0.22151E-03
  -19335.000       -0.87329992E+01           0.16118E-03
  -19330.000       -0.90589437E+01           0.11635E-03
  -19325.000       -0.93898881E+01           0.83565E-04
  -19320.000       -0.97248325E+01           0.59780E-04
  -19315.000       -0.10066777E+02           0.42467E-04
  -19310.000       -0.10413721E+02           0.30018E-04
  -19305.000       -0.10767666E+02           0.21070E-04
  -19300.000       -0.11128610E+02           0.14686E-04
  -19295.000       -0.11493555E+02           0.10196E-04
  -19290.000       -0.11863499E+02           0.70428E-05
  -19285.000       -0.12239444E+02           0.48359E-05
  -19280.000       -0.12624388E+02           0.32908E-05
  -19275.000       -0.13013332E+02           0.22304E-05
  -19270.000       -0.13407277E+02           0.15042E-05
  -19265.000       -0.13808221E+02           0.10073E-05
  -19260.000       -0.14212166E+02           0.67257E-06
  -19255.000       -0.14624110E+02           0.44548E-06
  -19250.000       -0.15043055E+02           0.29301E-06
  -19245.000       -0.15464999E+02           0.19215E-06
  -19240.000       -0.15893943E+02           0.12513E-06
  -19235.000       -0.16327888E+02           0.81075E-07
  -19230.000       -0.16767832E+02           0.52218E-07
  -19225.000       -0.17214777E+02           0.33398E-07
  -19220.000       -0.17666721E+02           0.21254E-07
  -19215.000       -0.18125666E+02           0.13431E-07
  -19210.000       -0.18589610E+02           0.84457E-08
  -19205.000       -0.19057554E+02           0.52894E-08
  -19200.000       -0.19532499E+02           0.32896E-08
  -19195.000       -0.20013443E+02           0.20336E-08
  -19190.000       -0.20500388E+02           0.12497E-08
  -19185.000       -0.20991332E+02           0.76486E-09
  -19180.000       -0.21489277E+02           0.46486E-09
  -19175.000       -0.21993221E+02           0.28084E-09
  -19170.000       -0.22503165E+02           0.16866E-09
  -19165.000       -0.23017110E+02           0.10088E-09
  -19160.000       -0.23538054E+02           0.59917E-10
  -19155.000       -0.24064999E+02           0.35376E-10
  -19150.000       -0.24596943E+02           0.20782E-10
  -19145.000       -0.25133888E+02           0.12148E-10
  -19140.000       -0.25677832E+02           0.70511E-11
  -19135.000       -0.26225776E+02           0.40765E-11
  -19130.000       -0.26781721E+02           0.23380E-11
  -19125.000       -0.27341665E+02           0.13356E-11
  -19120.000       -0.27908610E+02           0.75761E-12
  -19115.000       -0.28479554E+02           0.42804E-12
  -19110.000       -0.29056499E+02           0.24039E-12
  -19105.000       -0.29641443E+02           0.13393E-12
  -19100.000       -0.30228387E+02           0.74469E-13
  -19095.000       -0.30822332E+02           0.41118E-13
  -19090.000       -0.31423276E+02           0.22545E-13
  -19085.000       -0.32028221E+02           0.12312E-13
  -19080.000       -0.32640165E+02           0.66766E-14
  -19075.000       -0.33257110E+02           0.36026E-14
  -19070.000       -0.33879054E+02           0.19343E-14
  -19065.000       -0.34507998E+02           0.10313E-14
  -19060.000       -0.35141943E+02           0.54708E-15
  -19055.000       -0.35779887E+02           0.28906E-15
  -19050.000       -0.36424832E+02           0.15167E-15
  -19045.000       -0.37075776E+02           0.79103E-16
  -19040.000       -0.37731721E+02           0.41051E-16
  -19035.000       -0.38392665E+02           0.21197E-16
  -19030.000       -0.39061609E+02           0.10858E-16
  -19025.000       -0.39733554E+02           0.55455E-17
  -19020.000       -0.40412498E+02           0.28124E-17
  -19015.000       -0.41096443E+02           0.14192E-17
  -19010.000       -0.41785387E+02           0.71259E-18
  -19005.000       -0.42481332E+02           0.35530E-18
  -19000.000       -0.43182276E+02           0.17627E-18
  -18995.000       -0.43888220E+02           0.87014E-19
  -18990.000       -0.44600165E+02           0.42697E-19
  -18985.000       -0.45318109E+02           0.20825E-19
  -18980.000       -0.46040054E+02           0.10117E-19
  -18975.000       -0.46768998E+02           0.48807E-20
  -18970.000       -0.47502943E+02           0.23428E-20
  -18965.000       -0.48242887E+02           0.11178E-20
  -18960.000       -0.48987831E+02           0.53071E-21
  -18955.000       -0.49739776E+02           0.25020E-21
  -18950.000       -0.50495720E+02           0.11749E-21
  -18945.000       -0.51256665E+02           0.54893E-22
  -18940.000       -0.52024609E+02           0.25468E-22
  -18935.000       -0.52796554E+02           0.11769E-22
  -18930.000       -0.53574498E+02           0.54062E-23
  -18925.000       -0.54358442E+02           0.24685E-23
  -18920.000       -0.55148387E+02           0.11204E-23
  -18915.000       -0.55943331E+02           0.50596E-24
  -18910.000       -0.56743276E+02           0.22736E-24
  -18905.000       -0.57549220E+02           0.10155E-24
  -18900.000       -0.58360165E+02           0.45134E-25
  -18895.000       -0.59176109E+02           0.19959E-25
  -18890.000       -0.59999054E+02           0.87648E-26
  -18885.000       -0.60826998E+02           0.38298E-26
  -18880.000       -0.61659942E+02           0.16650E-26
  -18875.000       -0.62498887E+02           0.71958E-27
  -18870.000       -0.63342831E+02           0.30943E-27
  -18865.000       -0.64192776E+02           0.13226E-27
  -18860.000       -0.65047720E+02           0.56252E-28
  -18855.000       -0.65908665E+02           0.23781E-28
  -18850.000       -0.66773609E+02           0.10014E-28
  -18845.000       -0.67644553E+02           0.41913E-29
  -18840.000       -0.68521498E+02           0.17438E-29
  -18835.000       -0.69404442E+02           0.00000E+00
  -18830.000       -0.70291387E+02           0.00000E+00
  -18825.000       -0.71184331E+02           0.00000E+00
  -18820.000       -0.72083276E+02           0.00000E+00
  -18815.000       -0.72987220E+02           0.00000E+00
  -18810.000       -0.73897164E+02           0.00000E+00
  -18805.000       -0.74812109E+02           0.00000E+00
  -18800.000       -0.75733053E+02           0.00000E+00
  -18795.000       -0.76657998E+02           0.00000E+00
  -18790.000       -0.77588942E+02           0.00000E+00
  -18785.000       -0.78524887E+02           0.00000E+00
  -18780.000       -0.79466831E+02           0.00000E+00
  -18775.000       -0.80414775E+02           0.00000E+00
  -18770.000       -0.81367720E+02           0.00000E+00
  -18765.000       -0.82325664E+02           0.00000E+00
  -18760.000       -0.83289609E+02           0.00000E+00
  -18755.000       -0.84258553E+02           0.00000E+00
  -18750.000       -0.85232498E+02           0.00000E+00
  -18745.000       -0.86211442E+02           0.00000E+00
  -18740.000       -0.87197386E+02           0.00000E+00
  -18735.000       -0.88187331E+02           0.00000E+00
  -18730.000       -0.89184275E+02           0.00000E+00
  -18725.000       -0.90184220E+02           0.00000E+00
  -18720.000       -0.91191164E+02           0.00000E+00
  -18715.000       -0.92202109E+02           0.00000E+00
  -18710.000       -0.93220053E+02           0.00000E+00
  -18705.000       -0.94241997E+02           0.00000E+00
  -18700.000       -0.95270942E+02           0.00000E+00
  -18695.000       -0.96303886E+02           0.00000E+00
  -18690.000       -0.97341831E+02           0.00000E+00
  -18685.000       -0.98386775E+02           0.00000E+00
  -18680.000       -0.99434720E+02           0.00000E+00
  -18675.000       -0.10048866E+03           0.00000E+00
  -18670.000       -0.10154861E+03           0.00000E+00
  -18665.000       -0.10261455E+03           0.00000E+00
  -18660.000       -0.10368450E+03           0.00000E+00
  -18655.000       -0.10476144E+03           0.00000E+00
  -18650.000       -0.10584239E+03           0.00000E+00
  -18645.000       -0.10692833E+03           0.00000E+00
  -18640.000       -0.10802028E+03           0.00000E+00
  -18635.000       -0.10911722E+03           0.00000E+00
  -18630.000       -0.11021916E+03           0.00000E+00
  -18625.000       -0.11132711E+03           0.00000E+00
  -18620.000       -0.11244005E+03           0.00000E+00
  -18615.000       -0.11355900E+03           0.00000E+00
  -18610.000       -0.11468194E+03           0.00000E+00
  -18605.000       -0.11581089E+03           0.00000E+00
  -18600.000       -0.11694383E+03           0.00000E+00
  -18595.000       -0.11808377E+03           0.00000E+00
  -18590.000       -0.11922872E+03           0.00000E+00
  -18585.000       -0.12037866E+03           0.00000E+00
  -18580.000       -0.12153461E+03           0.00000E+00
  -18575.000       -0.12269555E+03           0.00000E+00
  -18570.000       -0.12386050E+03           0.00000E+00
  -18565.000       -0.12503144E+03           0.00000E+00
  -18560.000       -0.12620739E+03           0.00000E+00
  -18555.000       -0.12738833E+03           0.00000E+00
  -18550.000       -0.12857527E+03           0.00000E+00
  -18545.000       -0.12976622E+03           0.00000E+00
  -18540.000       -0.13096416E+03           0.00000E+00
  -18535.000       -0.13216611E+03           0.00000E+00
  -18530.000       -0.13337405E+03           0.00000E+00
  -18525.000       -0.13458800E+03           0.00000E+00
  -18520.000       -0.13580494E+03           0.00000E+00
  -18515.000       -0.13702889E+03           0.00000E+00
  -18510.000       -0.13825683E+03           0.00000E+00
  -18505.000       -0.13949077E+03           0.00000E+00
  -18500.000       -0.14072972E+03           0.00000E+00
  -18495.000       -0.14197366E+03           0.00000E+00
  -18490.000       -0.14322461E+03           0.00000E+00
  -18485.000       -0.14447755E+03           0.00000E+00
  -18480.000       -0.14573750E+03           0.00000E+00
  -18475.000       -0.14700244E+03           0.00000E+00
  -18470.000       -0.14827239E+03           0.00000E+00
  -18465.000       -0.14954833E+03           0.00000E+00
  -18460.000       -0.15082927E+03           0.00000E+00
  -18455.000       -0.15211422E+03           0.00000E+00
  -18450.000       -0.15340516E+03           0.00000E+00
  -18445.000       -0.15470111E+03           0.00000E+00
  -18440.000       -0.15600305E+03           0.00000E+00
  -18435.000       -0.15730900E+03           0.00000E+00
  -18430.000       -0.15861894E+03           0.00000E+00
  -18425.000       -0.15993589E+03           0.00000E+00
  -18420.000       -0.16125883E+03           0.00000E+00
  -18415.000       -0.16258677E+03           0.00000E+00
  -18410.000       -0.16391772E+03           0.00000E+00
  -18405.000       -0.16525566E+03           0.00000E+00
  -18400.000       -0.16659761E+03           0.00000E+00
  -18395.000       -0.16794555E+03           0.00000E+00
  -18390.000       -0.16929850E+03           0.00000E+00
  -18385.000       -0.17065544E+03           0.00000E+00
  -18380.000       -0.17201839E+03           0.00000E+00
  -18375.000       -0.17338733E+03           0.00000E+00
  -18370.000       -0.17476027E+03           0.00000E+00
  -18365.000       -0.17613822E+03           0.00000E+00
  -18360.000       -0.17752316E+03           0.00000E+00
  -18355.000       -0.17891111E+03           0.00000E+00
  -18350.000       -0.18030505E+03           0.00000E+00
  -18345.000       -0.18170400E+03           0.00000E+00
  -18340.000       -0.18310794E+03           0.00000E+00
  -18335.000       -0.18451689E+03           0.00000E+00
  -18330.000       -0.18593083E+03           0.00000E+00
  -18325.000       -0.18734977E+03           0.00000E+00
  -18320.000       -0.18877472E+03           0.00000E+00
  -18315.000       -0.19020366E+03           0.00000E+00
  -18310.000       -0.19163861E+03           0.00000E+00
  -18305.000       -0.19307755E+03           0.00000E+00
  -18300.000       -0.19452250E+03           0.00000E+00
  -18295.000       -0.19597244E+03           0.00000E+00
  -18290.000       -0.19742639E+03           0.00000E+00
  -18285.000       -0.19888733E+03           0.00000E+00
  -18280.000       -0.20035227E+03           0.00000E+00
  -18275.000       -0.20182222E+03           0.00000E+00
  -18270.000       -0.20329716E+03           0.00000E+00
  -18265.000       -0.20477611E+03           0.00000E+00
  -18260.000       -0.20626205E+03           0.00000E+00
  -18255.000       -0.20775200E+03           0.00000E+00
  -18250.000       -0.20924694E+03           0.00000E+00
  -18245.000       -0.21074788E+03           0.00000E+00
  -18240.000       -0.21225283E+03           0.00000E+00
  -18235.000       -0.21376377E+03           0.00000E+00
  -18230.000       -0.21527872E+03           0.00000E+00
  -18225.000       -0.21679866E+03           0.00000E+00
  -18220.000       -0.21832461E+03           0.00000E+00
  -18215.000       -0.21985455E+03           0.00000E+00
  -18210.000       -0.22139150E+03           0.00000E+00
  -18205.000       -0.22293044E+03           0.00000E+00
  -18200.000       -0.22447638E+03           0.00000E+00
  -18195.000       -0.22602633E+03           0.00000E+00
  -18190.000       -0.22758327E+03           0.00000E+00
  -18185.000       -0.22914322E+03           0.00000E+00
  -18180.000       -0.23070916E+03           0.00000E+00
  -18175.000       -0.23227911E+03           0.00000E+00
  -18170.000       -0.23385505E+03           0.00000E+00
  -18165.000       -0.23543500E+03           0.00000E+00
  -18160.000       -0.23702094E+03           0.00000E+00
  -18155.000       -0.23861088E+03           0.00000E+00
  -18150.000       -0.24020683E+03           0.00000E+00
  -18145.000       -0.24180677E+03           0.00000E+00
  -18140.000       -0.24341172E+03           0.00000E+00
  -18135.000       -0.24502266E+03           0.00000E+00
  -18130.000       -0.24663861E+03           0.00000E+00
  -18125.000       -0.24825755E+03           0.00000E+00
  -18120.000       -0.24988350E+03           0.00000E+00
  -18115.000       -0.25151344E+03           0.00000E+00
  -18110.000       -0.25314838E+03           0.00000E+00
  -18105.000       -0.25478833E+03           0.00000E+00
  -18100.000       -0.25643327E+03           0.00000E+00
  -18095.000       -0.25808422E+03           0.00000E+00
  -18090.000       -0.25973816E+03           0.00000E+00
  -18085.000       -0.26139811E+03           0.00000E+00
  -18080.000       -0.26306205E+03           0.00000E+00
  -18075.000       -0.26473300E+03           0.00000E+00
  -18070.000       -0.26640694E+03           0.00000E+00
  -18065.000       -0.26808688E+03           0.00000E+00
  -18060.000       -0.26977083E+03           0.00000E+00
  -18055.000       -0.27146077E+03           0.00000E+00
  -18050.000       -0.27315372E+03           0.00000E+00
  -18045.000       -0.27485266E+03           0.00000E+00
  -18040.000       -0.27655861E+03           0.00000E+00
  -18035.000       -0.27826655E+03           0.00000E+00
  -18030.000       -0.27998050E+03           0.00000E+00
  -18025.000       -0.28169944E+03           0.00000E+00
  -18020.000       -0.28342338E+03           0.00000E+00
  -18015.000       -0.28515133E+03           0.00000E+00
  -18010.000       -0.28688427E+03           0.00000E+00
  -18005.000       -0.28862322E+03           0.00000E+00
  -18000.000       -0.29036616E+03           0.00000E+00
  -17995.000       -0.29211411E+03           0.00000E+00
  -17990.000       -0.29386705E+03           0.00000E+00
  -17985.000       -0.29562400E+03           0.00000E+00
  -17980.000       -0.29738694E+03           0.00000E+00
  -17975.000       -0.29915388E+03           0.00000E+00
  -17970.000       -0.30092583E+03           0.00000E+00
  -17965.000       -0.30270377E+03           0.00000E+00
  -17960.000       -0.30448572E+03           0.00000E+00
  -17955.000       -0.30627266E+03           0.00000E+00
  -17950.000       -0.30806461E+03           0.00000E+00
  -17945.000       -0.30986055E+03           0.00000E+00
  -17940.000       -0.31166150E+03           0.00000E+00
  -17935.000       -0.31346844E+03           0.00000E+00
  -17930.000       -0.31528038E+03           0.00000E+00
  -17925.000       -0.31709433E+03           0.00000E+00
  -17920.000       -0.31891527E+03           0.00000E+00
  -17915.000       -0.32074022E+03           0.00000E+00
  -17910.000       -0.32257116E+03           0.00000E+00
  -17905.000       -0.32440611E+03           0.00000E+00
  -17900.000       -0.32624605E+03           0.00000E+00
  -17895.000       -0.32809100E+03           0.00000E+00
  -17890.000       -0.32994094E+03           0.00000E+00
  -17885.000       -0.33179488E+03           0.00000E+00
  -17880.000       -0.33365383E+03           0.00000E+00
  -17875.000       -0.33551677E+03           0.00000E+00
  -17870.000       -0.33738672E+03           0.00000E+00
  -17865.000       -0.33925966E+03           0.00000E+00
  -17860.000       -0.34113861E+03           0.00000E+00
  -17855.000       -0.34302055E+03           0.00000E+00
  -17850.000       -0.34490749E+03           0.00000E+00
  -17845.000       -0.34680044E+03           0.00000E+00
  -17840.000       -0.34869838E+03           0.00000E+00
  -17835.000       -0.35060033E+03           0.00000E+00
  -17830.000       -0.35250727E+03           0.00000E+00
  -17825.000       -0.35441822E+03           0.00000E+00
  -17820.000       -0.35633516E+03           0.00000E+00
  -17815.000       -0.35825611E+03           0.00000E+00
  -17810.000       -0.36018205E+03           0.00000E+00
  -17805.000       -0.36211199E+03           0.00000E+00
  -17800.000       -0.36404694E+03           0.00000E+00
  -17795.000       -0.36598788E+03           0.00000E+00
  -17790.000       -0.36793183E+03           0.00000E+00
  -17785.000       -0.36988077E+03           0.00000E+00
  -17780.000       -0.37183572E+03           0.00000E+00
  -17775.000       -0.37379466E+03           0.00000E+00
  -17770.000       -0.37575861E+03           0.00000E+00
  -17765.000       -0.37772655E+03           0.00000E+00
  -17760.000       -0.37969949E+03           0.00000E+00
  -17755.000       -0.38167744E+03           0.00000E+00
  -17750.000       -0.38365938E+03           0.00000E+00
  -17745.000       -0.38564733E+03           0.00000E+00
  -17740.000       -0.38763827E+03           0.00000E+00
  -17735.000       -0.38963522E+03           0.00000E+00
  -17730.000       -0.39163616E+03           0.00000E+00
  -17725.000       -0.39364211E+03           0.00000E+00
  -17720.000       -0.39565305E+03           0.00000E+00
  -17715.000       -0.39766899E+03           0.00000E+00
  -17710.000       -0.39968794E+03           0.00000E+00
  -17705.000       -0.40171388E+03           0.00000E+00
  -17700.000       -0.40374283E+03           0.00000E+00
  -17695.000       -0.40577577E+03           0.00000E+00
  -17690.000       -0.40781472E+03           0.00000E+00
  -17685.000       -0.40985766E+03           0.00000E+00
  -17680.000       -0.41190661E+03           0.00000E+00
  -17675.000       -0.41395855E+03           0.00000E+00
  -17670.000       -0.41601549E+03           0.00000E+00
  -17665.000       -0.41807844E+03           0.00000E+00
  -17660.000       -0.42014438E+03           0.00000E+00
  -17655.000       -0.42221533E+03           0.00000E+00
  -17650.000       -0.42429127E+03           0.00000E+00
  -17645.000       -0.42637122E+03           0.00000E+00
  -17640.000       -0.42845616E+03           0.00000E+00
  -17635.000       -0.43054611E+03           0.00000E+00
  -17630.000       -0.43264105E+03           0.00000E+00
  -17625.000       -0.43473999E+03           0.00000E+00
  -17620.000       -0.43684294E+03           0.00000E+00
  -17615.000       -0.43895088E+03           0.00000E+00
  -17610.000       -0.44106383E+03           0.00000E+00
  -17605.000       -0.44318177E+03           0.00000E+00
  -17600.000       -0.44530372E+03           0.00000E+00
  -17595.000       -0.44742966E+03           0.00000E+00
  -17590.000       -0.44956161E+03           0.00000E+00
  -17585.000       -0.45169755E+03           0.00000E+00
  -17580.000       -0.45383649E+03           0.00000E+00
  -17575.000       -0.45598244E+03           0.00000E+00
  -17570.000       -0.45813138E+03           0.00000E+00
  -17565.000       -0.46028533E+03           0.00000E+00
  -17560.000       -0.46244527E+03           0.00000E+00
  -17555.000       -0.46460722E+03           0.00000E+00
  -17550.000       -0.46677616E+03           0.00000E+00
  -17545.000       -0.46894811E+03           0.00000E+00
  -17540.000       -0.47112505E+03           0.00000E+00
  -17535.000       -0.47330699E+03           0.00000E+00
  -17530.000       -0.47549294E+03           0.00000E+00
  -17525.000       -0.47768288E+03           0.00000E+00
  -17520.000       -0.47987883E+03           0.00000E+00
  -17515.000       -0.48207777E+03           0.00000E+00
  -17510.000       -0.48428272E+03           0.00000E+00
  -17505.000       -0.48649166E+03           0.00000E+00
  -17500.000       -0.48870461E+03           0.00000E+00
  -17495.000       -0.49092255E+03           0.00000E+00
  -17490.000       -0.49314549E+03           0.00000E+00
  -17485.000       -0.49537244E+03           0.00000E+00
  -17480.000       -0.49760338E+03           0.00000E+00
  -17475.000       -0.49983933E+03           0.00000E+00
  -17470.000       -0.50208027E+03           0.00000E+00
  -17465.000       -0.50432522E+03           0.00000E+00
  -17460.000       -0.50657516E+03           0.00000E+00
  -17455.000       -0.50882910E+03           0.00000E+00
  -17450.000       -0.51108805E+03           0.00000E+00
  -17445.000       -0.51334999E+03           0.00000E+00
  -17440.000       -0.51561794E+03           0.00000E+00
  -17435.000       -0.51788988E+03           0.00000E+00
  -17430.000       -0.52016683E+03           0.00000E+00
  -17425.000       -0.52244777E+03           0.00000E+00
  -17420.000       -0.52473372E+03           0.00000E+00
  -17415.000       -0.52702366E+03           0.00000E+00
  -17410.000       -0.52931860E+03           0.00000E+00
  -17405.000       -0.53161655E+03           0.00000E+00
  -17400.000       -0.53392049E+03           0.00000E+00
  -17395.000       -0.53622744E+03           0.00000E+00
  -17390.000       -0.53854138E+03           0.00000E+00
  -17385.000       -0.54085733E+03           0.00000E+00
  -17380.000       -0.54317927E+03           0.00000E+00
  -17375.000       -0.54550422E+03           0.00000E+00
  -17370.000       -0.54783516E+03           0.00000E+00
  -17365.000       -0.55016910E+03           0.00000E+00
  -17360.000       -0.55250905E+03           0.00000E+00
  -17355.000       -0.55485199E+03           0.00000E+00
  -17350.000       -0.55719994E+03           0.00000E+00
  -17345.000       -0.55955288E+03           0.00000E+00
  -17340.000       -0.56190983E+03           0.00000E+00
  -17335.000       -0.56427177E+03           0.00000E+00
  -17330.000       -0.56663672E+03           0.00000E+00
  -17325.000       -0.56900666E+03           0.00000E+00
  -17320.000       -0.57138160E+03           0.00000E+00
  -17315.000       -0.57376055E+03           0.00000E+00
  -17310.000       -0.57614449E+03           0.00000E+00
  -17305.000       -0.57853244E+03           0.00000E+00
  -17300.000       -0.58092438E+03           0.00000E+00
  -17295.000       -0.58332033E+03           0.00000E+00
  -17290.000       -0.58572227E+03           0.00000E+00
  -17285.000       -0.58812822E+03           0.00000E+00
  -17280.000       -0.59053816E+03           0.00000E+00
  -17275.000       -0.59295210E+03           0.00000E+00
  -17270.000       -0.59537005E+03           0.00000E+00
  -17265.000       -0.59779399E+03           0.00000E+00
  -17260.000       -0.60022094E+03           0.00000E+00
  -17255.000       -0.60265288E+03           0.00000E+00
  -17250.000       -0.60508983E+03           0.00000E+00
  -17245.000       -0.60752977E+03           0.00000E+00
  -17240.000       -0.60997572E+03           0.00000E+00
  -17235.000       -0.61242466E+03           0.00000E+00
  -17230.000       -0.61487860E+03           0.00000E+00
  -17225.000       -0.61733655E+03           0.00000E+00
  -17220.000       -0.61979949E+03           0.00000E+00
  -17215.000       -0.62226644E+03           0.00000E+00
  -17210.000       -0.62473638E+03           0.00000E+00
  -17205.000       -0.62721233E+03           0.00000E+00
  -17200.000       -0.62969227E+03           0.00000E+00
  -17195.000       -0.63217622E+03           0.00000E+00
  -17190.000       -0.63466516E+03           0.00000E+00
  -17185.000       -0.63715910E+03           0.00000E+00
  -17180.000       -0.63965605E+03           0.00000E+00
  -17175.000       -0.64215699E+03           0.00000E+00
  -17170.000       -0.64466294E+03           0.00000E+00
  -17165.000       -0.64717388E+03           0.00000E+00
  -17160.000       -0.64968783E+03           0.00000E+00
  -17155.000       -0.65220677E+03           0.00000E+00
  -17150.000       -0.65472972E+03           0.00000E+00
  -17145.000       -0.65725766E+03           0.00000E+00
  -17140.000       -0.65978960E+03           0.00000E+00
  -17135.000       -0.66232555E+03           0.00000E+00
  -17130.000       -0.66486649E+03           0.00000E+00
  -17125.000       -0.66741144E+03           0.00000E+00
  -17120.000       -0.66996038E+03           0.00000E+00
  -17115.000       -0.67251333E+03           0.00000E+00
  -17110.000       -0.67507127E+03           0.00000E+00
  -17105.000       -0.67763322E+03           0.00000E+00
  -17100.000       -0.68020016E+03           0.00000E+00
  -17095.000       -0.68277010E+03           0.00000E+00
  -17090.000       -0.68534505E+03           0.00000E+00
  -17085.000       -0.68792499E+03           0.00000E+00
  -17080.000       -0.69050794E+03           0.00000E+00
  -17075.000       -0.69309588E+03           0.00000E+00
  -17070.000       -0.69568783E+03           0.00000E+00
  -17065.000       -0.69828377E+03           0.00000E+00
  -17060.000       -0.70088471E+03           0.00000E+00
  -17055.000       -0.70348966E+03           0.00000E+00
  -17050.000       -0.70609860E+03           0.00000E+00
  -17045.000       -0.70871155E+03           0.00000E+00
  -17040.000       -0.71132949E+03           0.00000E+00
  -17035.000       -0.71395044E+03           0.00000E+00
  -17030.000       -0.71657738E+03           0.00000E+00
  -17025.000       -0.71920733E+03           0.00000E+00
  -17020.000       -0.72184227E+03           0.00000E+00
  -17015.000       -0.72448121E+03           0.00000E+00
  -17010.000       -0.72712416E+03           0.00000E+00
  -17005.000       -0.72977110E+03           0.00000E+00
  -17000.000       -0.73242305E+03           0.00000E+00
  -16995.000       -0.73507899E+03           0.00000E+00
  -16990.000       -0.73773894E+03           0.00000E+00
  -16985.000       -0.74040388E+03           0.00000E+00
  -16980.000       -0.74307183E+03           0.00000E+00
  -16975.000       -0.74574377E+03           0.00000E+00
  -16970.000       -0.74842071E+03           0.00000E+00
  -16965.000       -0.75110266E+03           0.00000E+00
  -16960.000       -0.75378760E+03           0.00000E+00
  -16955.000       -0.75647655E+03           0.00000E+00
  -16950.000       -0.75917049E+03           0.00000E+00
  -16945.000       -0.76186844E+03           0.00000E+00
  -16940.000       -0.76457038E+03           0.00000E+00
  -16935.000       -0.76727733E+03           0.00000E+00
  -16930.000       -0.76998827E+03           0.00000E+00
  -16925.000       -0.77270221E+03           0.00000E+00
  -16920.000       -0.77542116E+03           0.00000E+00
  -16915.000       -0.77814510E+03           0.00000E+00
  -16910.000       -0.78087105E+03           0.00000E+00
  -16905.000       -0.78360299E+03           0.00000E+00
  -16900.000       -0.78633894E+03           0.00000E+00
  -16895.000       -0.78907888E+03           0.00000E+00
  -16890.000       -0.79182283E+03           0.00000E+00
  -16885.000       -0.79457077E+03           0.00000E+00
  -16880.000       -0.79732271E+03           0.00000E+00
  -16875.000       -0.80007966E+03           0.00000E+00
  -16870.000       -0.80284060E+03           0.00000E+00
  -16865.000       -0.80560455E+03           0.00000E+00
  -16860.000       -0.80837449E+03           0.00000E+00
  -16855.000       -0.81114744E+03           0.00000E+00
  -16850.000       -0.81392438E+03           0.00000E+00
  -16845.000       -0.81670533E+03           0.00000E+00
  -16840.000       -0.81949127E+03           0.00000E+00
  -16835.000       -0.82228021E+03           0.00000E+00
  -16830.000       -0.82507516E+03           0.00000E+00
  -16825.000       -0.82787210E+03           0.00000E+00
  -16820.000       -0.83067505E+03           0.00000E+00
  -16815.000       -0.83348099E+03           0.00000E+00
  -16810.000       -0.83629094E+03           0.00000E+00
  -16805.000       -0.83910588E+03           0.00000E+00
  -16800.000       -0.84192383E+03           0.00000E+00
  -16795.000       -0.84474777E+03           0.00000E+00
  -16790.000       -0.84757371E+03           0.00000E+00
  -16785.000       -0.85040466E+03           0.00000E+00
  -16780.000       -0.85323960E+03           0.00000E+00
  -16775.000       -0.85607955E+03           0.00000E+00
  -16770.000       -0.85892249E+03           0.00000E+00
  -16765.000       -0.86176944E+03           0.00000E+00
  -16760.000       -0.86462038E+03           0.00000E+00
  -16755.000       -0.86747633E+03           0.00000E+00
  -16750.000       -0.87033627E+03           0.00000E+00
  -16745.000       -0.87320021E+03           0.00000E+00
  -16740.000       -0.87606816E+03           0.00000E+00
  -16735.000       -0.87894010E+03           0.00000E+00
  -16730.000       -0.88181505E+03           0.00000E+00
  -16725.000       -0.88469499E+03           0.00000E+00
  -16720.000       -0.88757994E+03           0.00000E+00
  -16715.000       -0.89046788E+03           0.00000E+00
  -16710.000       -0.89335983E+03           0.00000E+00
  -16705.000       -0.89625677E+03           0.00000E+00
  -16700.000       -0.89915671E+03           0.00000E+00
  -16695.000       -0.90206166E+03           0.00000E+00
  -16690.000       -0.90496960E+03           0.00000E+00
  -16685.000       -0.90788255E+03           0.00000E+00
  -16680.000       -0.91079849E+03           0.00000E+00
  -16675.000       -0.91371944E+03           0.00000E+00
  -16670.000       -0.91664438E+03           0.00000E+00
  -16665.000       -0.91957332E+03           0.00000E+00
  -16660.000       -0.92250627E+03           0.00000E+00
  -16655.000       -0.92544221E+03           0.00000E+00
  -16650.000       -0.92838416E+03           0.00000E+00
  -16645.000       -0.93132810E+03           0.00000E+00
  -16640.000       -0.93427805E+03           0.00000E+00
  -16635.000       -0.93723099E+03           0.00000E+00
  -16630.000       -0.94018794E+03           0.00000E+00
  -16625.000       -0.94314888E+03           0.00000E+00
  -16620.000       -0.94611382E+03           0.00000E+00
  -16615.000       -0.94908277E+03           0.00000E+00
  -16610.000       -0.95205671E+03           0.00000E+00
  -16605.000       -0.95503266E+03           0.00000E+00
  -16600.000       -0.95801460E+03           0.00000E+00
  -16595.000       -0.96099955E+03           0.00000E+00
  -16590.000       -0.96398849E+03           0.00000E+00
  -16585.000       -0.96698144E+03           0.00000E+00
  -16580.000       -0.96997838E+03           0.00000E+00
  -16575.000       -0.97297932E+03           0.00000E+00
  -16570.000       -0.97598427E+03           0.00000E+00
  -16565.000       -0.97899321E+03           0.00000E+00
  -16560.000       -0.98200716E+03           0.00000E+00
  -16555.000       -0.98502310E+03           0.00000E+00
  -16550.000       -0.98804405E+03           0.00000E+00
  -16545.000       -0.99106999E+03           0.00000E+00
  -16540.000       -0.99409894E+03           0.00000E+00
  -16535.000       -0.99713188E+03           0.00000E+00
  -16530.000       -0.10001688E+04           0.00000E+00
  -16525.000       -0.10032088E+04           0.00000E+00
  -16520.000       -0.10062547E+04           0.00000E+00
  -16515.000       -0.10093037E+04           0.00000E+00
  -16510.000       -0.10123556E+04           0.00000E+00
  -16505.000       -0.10154125E+04           0.00000E+00
  -16500.000       -0.10184735E+04           0.00000E+00
  -16495.000       -0.10215384E+04           0.00000E+00
  -16490.000       -0.10246064E+04           0.00000E+00
  -16485.000       -0.10276793E+04           0.00000E+00
  -16480.000       -0.10307553E+04           0.00000E+00
  -16475.000       -0.10338362E+04           0.00000E+00
  -16470.000       -0.10369202E+04           0.00000E+00
  -16465.000       -0.10400091E+04           0.00000E+00
  -16460.000       -0.10431010E+04           0.00000E+00
  -16455.000       -0.10461970E+04           0.00000E+00
  -16450.000       -0.10492979E+04           0.00000E+00
  -16445.000       -0.10524009E+04           0.00000E+00
  -16440.000       -0.10555088E+04           0.00000E+00
  -16435.000       -0.10586208E+04           0.00000E+00
  -16430.000       -0.10617357E+04           0.00000E+00
  -16425.000       -0.10648557E+04           0.00000E+00
  -16420.000       -0.10679796E+04           0.00000E+00
  -16415.000       -0.10711065E+04           0.00000E+00
  -16410.000       -0.10742385E+04           0.00000E+00
  -16405.000       -0.10773734E+04           0.00000E+00
  -16400.000       -0.10805124E+04           0.00000E+00
  -16395.000       -0.10836553E+04           0.00000E+00
  -16390.000       -0.10868023E+04           0.00000E+00
  -16385.000       -0.10899532E+04           0.00000E+00
  -16380.000       -0.10931082E+04           0.00000E+00
  -16375.000       -0.10962671E+04           0.00000E+00
  -16370.000       -0.10994290E+04           0.00000E+00
  -16365.000       -0.11025950E+04           0.00000E+00
  -16360.000       -0.11057659E+04           0.00000E+00
  -16355.000       -0.11089399E+04           0.00000E+00
  -16350.000       -0.11121168E+04           0.00000E+00
  -16345.000       -0.11152988E+04           0.00000E+00
  -16340.000       -0.11184847E+04           0.00000E+00
  -16335.000       -0.11216747E+04           0.00000E+00
  -16330.000       -0.11248676E+04           0.00000E+00
  -16325.000       -0.11280655E+04           0.00000E+00
  -16320.000       -0.11312655E+04           0.00000E+00
  -16315.000       -0.11344704E+04           0.00000E+00
  -16310.000       -0.11376804E+04           0.00000E+00
  -16305.000       -0.11408923E+04           0.00000E+00
  -16300.000       -0.11441093E+04           0.00000E+00
  -16295.000       -0.11473292E+04           0.00000E+00
  -16290.000       -0.11505532E+04           0.00000E+00
  -16285.000       -0.11537811E+04           0.00000E+00
  -16280.000       -0.11570130E+04           0.00000E+00
  -16275.000       -0.11602480E+04           0.00000E+00
  -16270.000       -0.11634879E+04           0.00000E+00
  -16265.000       -0.11667309E+04           0.00000E+00
  -16260.000       -0.11699778E+04           0.00000E+00
  -16255.000       -0.11732298E+04           0.00000E+00
  -16250.000       -0.11764837E+04           0.00000E+00
  -16245.000       -0.11797427E+04           0.00000E+00
  -16240.000       -0.11830046E+04           0.00000E+00
  -16235.000       -0.11862705E+04           0.00000E+00
  -16230.000       -0.11895405E+04           0.00000E+00
  -16225.000       -0.11928144E+04           0.00000E+00
  -16220.000       -0.11960924E+04           0.00000E+00
  -16215.000       -0.11993733E+04           0.00000E+00
  -16210.000       -0.12026583E+04           0.00000E+00
  -16205.000       -0.12059472E+04           0.00000E+00
  -16200.000       -0.12092402E+04           0.00000E+00
  -16195.000       -0.12125371E+04           0.00000E+00
  -16190.000       -0.12158370E+04           0.00000E+00
  -16185.000       -0.12191410E+04           0.00000E+00
  -16180.000       -0.12224489E+04           0.00000E+00
  -16175.000       -0.12257599E+04           0.00000E+00
  -16170.000       -0.12290748E+04           0.00000E+00
  -16165.000       -0.12323938E+04           0.00000E+00
  -16160.000       -0.12357167E+04           0.00000E+00
  -16155.000       -0.12390437E+04           0.00000E+00
  -16150.000       -0.12423736E+04           0.00000E+00
  -16145.000       -0.12457075E+04           0.00000E+00
  -16140.000       -0.12490455E+04           0.00000E+00
  -16135.000       -0.12523874E+04           0.00000E+00
  -16130.000       -0.12557324E+04           0.00000E+00
  -16125.000       -0.12590823E+04           0.00000E+00
  -16120.000       -0.12624353E+04           0.00000E+00
  -16115.000       -0.12657912E+04           0.00000E+00
  -16110.000       -0.12691512E+04           0.00000E+00
  -16105.000       -0.12725151E+04           0.00000E+00
  -16100.000       -0.12758830E+04           0.00000E+00
  -16095.000       -0.12792550E+04           0.00000E+00
  -16090.000       -0.12826299E+04           0.00000E+00
  -16085.000       -0.12860089E+04           0.00000E+00
  -16080.000       -0.12893908E+04           0.00000E+00
  -16075.000       -0.12927778E+04           0.00000E+00
  -16070.000       -0.12961677E+04           0.00000E+00
  -16065.000       -0.12995617E+04           0.00000E+00
  -16060.000       -0.13029586E+04           0.00000E+00
  -16055.000       -0.13063595E+04           0.00000E+00
  -16050.000       -0.13097645E+04           0.00000E+00
  -16045.000       -0.13131734E+04           0.00000E+00
  -16040.000       -0.13165864E+04           0.00000E+00
  -16035.000       -0.13200013E+04           0.00000E+00
  -16030.000       -0.13234223E+04           0.00000E+00
  -16025.000       -0.13268442E+04           0.00000E+00
  -16020.000       -0.13302712E+04           0.00000E+00
  -16015.000       -0.13337021E+04           0.00000E+00
  -16010.000       -0.13371370E+04           0.00000E+00
  -16005.000       -0.13405750E+04           0.00000E+00
  -16000.000       -0.13440159E+04           0.00000E+00
  -15995.000       -0.13474619E+04           0.00000E+00
  -15990.000       -0.13509108E+04           0.00000E+00
  -15985.000       -0.13543638E+04           0.00000E+00
  -15980.000       -0.13578197E+04           0.00000E+00
  -15975.000       -0.13612797E+04           0.00000E+00
  -15970.000       -0.13647436E+04           0.00000E+00
  -15965.000       -0.13682105E+04           0.00000E+00
  -15960.000       -0.13716815E+04           0.00000E+00
  -15955.000       -0.13751564E+04           0.00000E+00
  -15950.000       -0.13786344E+04           0.00000E+00
  -15945.000       -0.13821163E+04           0.00000E+00
  -15940.000       -0.13856023E+04           0.00000E+00
  -15935.000       -0.13890912E+04           0.00000E+00
  -15930.000       -0.13925842E+04           0.00000E+00
  -15925.000       -0.13960801E+04           0.00000E+00
  -15920.000       -0.13995810E+04           0.00000E+00
  -15915.000       -0.14030840E+04           0.00000E+00
  -15910.000       -0.14065919E+04           0.00000E+00
  -15905.000       -0.14101029E+04           0.00000E+00
  -15900.000       -0.14136168E+04           0.00000E+00
  -15895.000       -0.14171348E+04           0.00000E+00
  -15890.000       -0.14206567E+04           0.00000E+00
  -15885.000       -0.14241827E+04           0.00000E+00
  -15880.000       -0.14277116E+04           0.00000E+00
  -15875.000       -0.14312435E+04           0.00000E+00
  -15870.000       -0.14347805E+04           0.00000E+00
  -15865.000       -0.14383194E+04           0.00000E+00
  -15860.000       -0.14418634E+04           0.00000E+00
  -15855.000       -0.14454103E+04           0.00000E+00
  -15850.000       -0.14489613E+04           0.00000E+00
  -15845.000       -0.14525152E+04           0.00000E+00
  -15840.000       -0.14560732E+04           0.00000E+00
  -15835.000       -0.14596341E+04           0.00000E+00
  -15830.000       -0.14631990E+04           0.00000E+00
  -15825.000       -0.14667670E+04           0.00000E+00
  -15820.000       -0.14703399E+04           0.00000E+00
  -15815.000       -0.14739159E+04           0.00000E+00
  -15810.000       -0.14774938E+04           0.00000E+00
  -15805.000       -0.14810768E+04           0.00000E+00
  -15800.000       -0.14846637E+04           0.00000E+00
  -15795.000       -0.14882537E+04           0.00000E+00
  -15790.000       -0.14918466E+04           0.00000E+00
  -15785.000       -0.14954435E+04           0.00000E+00
  -15780.000       -0.14990445E+04           0.00000E+00
  -15775.000       -0.15026484E+04           0.00000E+00
  -15770.000       -0.15062564E+04           0.00000E+00
  -15765.000       -0.15098673E+04           0.00000E+00
  -15760.000       -0.15134823E+04           0.00000E+00
  -15755.000       -0.15171002E+04           0.00000E+00
  -15750.000       -0.15207222E+04           0.00000E+00
  -15745.000       -0.15243471E+04           0.00000E+00
  -15740.000       -0.15279760E+04           0.00000E+00
  -15735.000       -0.15316090E+04           0.00000E+00
  -15730.000       -0.15352449E+04           0.00000E+00
  -15725.000       -0.15388839E+04           0.00000E+00
  -15720.000       -0.15425268E+04           0.00000E+00
  -15715.000       -0.15461738E+04           0.00000E+00
  -15710.000       -0.15498237E+04           0.00000E+00
  -15705.000       -0.15534767E+04           0.00000E+00
  -15700.000       -0.15571336E+04           0.00000E+00
  -15695.000       -0.15607945E+04           0.00000E+00
  -15690.000       -0.15644575E+04           0.00000E+00
  -15685.000       -0.15681254E+04           0.00000E+00
  -15680.000       -0.15717974E+04           0.00000E+00
  -15675.000       -0.15754713E+04           0.00000E+00
  -15670.000       -0.15791493E+04           0.00000E+00
  -15665.000       -0.15828312E+04           0.00000E+00
  -15660.000       -0.15865162E+04           0.00000E+00
  -15655.000       -0.15902051E+04           0.00000E+00
  -15650.000       -0.15938960E+04           0.00000E+00
  -15645.000       -0.15975920E+04           0.00000E+00
  -15640.000       -0.16012909E+04           0.00000E+00
  -15635.000       -0.16049929E+04           0.00000E+00
  -15630.000       -0.16086988E+04           0.00000E+00
  -15625.000       -0.16124088E+04           0.00000E+00
  -15620.000       -0.16161217E+04           0.00000E+00
  -15615.000       -0.16198377E+04           0.00000E+00
  -15610.000       -0.16235576E+04           0.00000E+00
  -15605.000       -0.16272805E+04           0.00000E+00
  -15600.000       -0.16310075E+04           0.00000E+00
  -15595.000       -0.16347374E+04           0.00000E+00
  -15590.000       -0.16384714E+04           0.00000E+00
  -15585.000       -0.16422083E+04           0.00000E+00
  -15580.000       -0.16459483E+04           0.00000E+00
  -15575.000       -0.16496922E+04           0.00000E+00
  -15570.000       -0.16534402E+04           0.00000E+00
  -15565.000       -0.16571901E+04           0.00000E+00
  -15560.000       -0.16609450E+04           0.00000E+00
  -15555.000       -0.16647030E+04           0.00000E+00
  -15550.000       -0.16684639E+04           0.00000E+00
  -15545.000       -0.16722279E+04           0.00000E+00
  -15540.000       -0.16759968E+04           0.00000E+00
  -15535.000       -0.16797678E+04           0.00000E+00
  -15530.000       -0.16835427E+04           0.00000E+00
  -15525.000       -0.16873207E+04           0.00000E+00
  -15520.000       -0.16911026E+04           0.00000E+00
  -15515.000       -0.16948875E+04           0.00000E+00
  -15510.000       -0.16986765E+04           0.00000E+00
  -15505.000       -0.17024674E+04           0.00000E+00
  -15500.000       -0.17062634E+04           0.00000E+00
  -15495.000       -0.17100623E+04           0.00000E+00
  -15490.000       -0.17138643E+04           0.00000E+00
  -15485.000       -0.17176692E+04           0.00000E+00
  -15480.000       -0.17214782E+04           0.00000E+00
  -15475.000       -0.17252911E+04           0.00000E+00
  -15470.000       -0.17291060E+04           0.00000E+00
  -15465.000       -0.17329260E+04           0.00000E+00
  -15460.000       -0.17367479E+04           0.00000E+00
  -15455.000       -0.17405749E+04           0.00000E+00
  -15450.000       -0.17444038E+04           0.00000E+00
  -15445.000       -0.17482358E+04           0.00000E+00
  -15440.000       -0.17520727E+04           0.00000E+00
  -15435.000       -0.17559117E+04           0.00000E+00
  -15430.000       -0.17597546E+04           0.00000E+00
  -15425.000       -0.17636005E+04           0.00000E+00
  -15420.000       -0.17674505E+04           0.00000E+00
  -15415.000       -0.17713034E+04           0.00000E+00
  -15410.000       -0.17751594E+04           0.00000E+00
  -15405.000       -0.17790189E+04           0.00000E+00
  -15400.000       -0.17828819E+04           0.00000E+00
  -15395.000       -0.17867485E+04           0.00000E+00
  -15390.000       -0.17906179E+04           0.00000E+00
  -15385.000       -0.17944910E+04           0.00000E+00
  -15380.000       -0.17983673E+04           0.00000E+00
  -15375.000       -0.18022471E+04           0.00000E+00
  -15370.000       -0.18061303E+04           0.00000E+00
  -15365.000       -0.18100167E+04           0.00000E+00
  -15360.000       -0.18139062E+04           0.00000E+00
  -15355.000       -0.18177997E+04           0.00000E+00
  -15350.000       -0.18216960E+04           0.00000E+00
  -15345.000       -0.18255961E+04           0.00000E+00
  -15340.000       -0.18294992E+04           0.00000E+00
  -15335.000       -0.18334054E+04           0.00000E+00
  -15330.000       -0.18373152E+04           0.00000E+00
  -15325.000       -0.18412283E+04           0.00000E+00
  -15320.000       -0.18451447E+04           0.00000E+00
  -15315.000       -0.18490645E+04           0.00000E+00
  -15310.000       -0.18529874E+04           0.00000E+00
  -15305.000       -0.18569139E+04           0.00000E+00
  -15300.000       -0.18608438E+04           0.00000E+00
  -15295.000       -0.18647766E+04           0.00000E+00
  -15290.000       -0.18687129E+04           0.00000E+00
  -15285.000       -0.18726525E+04           0.00000E+00
  -15280.000       -0.18765953E+04           0.00000E+00
  -15275.000       -0.18805415E+04           0.00000E+00
  -15270.000       -0.18844911E+04           0.00000E+00
  -15265.000       -0.18884437E+04           0.00000E+00
  -15260.000       -0.18923999E+04           0.00000E+00
  -15255.000       -0.18963593E+04           0.00000E+00
  -15250.000       -0.19003219E+04           0.00000E+00
  -15245.000       -0.19042880E+04           0.00000E+00
  -15240.000       -0.19082571E+04           0.00000E+00
  -15235.000       -0.19122299E+04           0.00000E+00
  -15230.000       -0.19162056E+04           0.00000E+00
  -15225.000       -0.19201844E+04           0.00000E+00
  -15220.000       -0.19241669E+04           0.00000E+00
  -15215.000       -0.19281529E+04           0.00000E+00
  -15210.000       -0.19321415E+04           0.00000E+00
  -15205.000       -0.19361340E+04           0.00000E+00
  -15200.000       -0.19401290E+04           0.00000E+00
  -15195.000       -0.19441277E+04           0.00000E+00
  -15190.000       -0.19481299E+04           0.00000E+00
  -15185.000       -0.19521351E+04           0.00000E+00
  -15180.000       -0.19561436E+04           0.00000E+00
  -15175.000       -0.19601552E+04           0.00000E+00
  -15170.000       -0.19641702E+04           0.00000E+00
  -15165.000       -0.19681884E+04           0.00000E+00
  -15160.000       -0.19722098E+04           0.00000E+00
  -15155.000       -0.19762342E+04           0.00000E+00
  -15150.000       -0.19802624E+04           0.00000E+00
  -15145.000       -0.19842935E+04           0.00000E+00
  -15140.000       -0.19883282E+04           0.00000E+00
  -15135.000       -0.19923655E+04           0.00000E+00
  -15130.000       -0.19964066E+04           0.00000E+00
  -15125.000       -0.20004505E+04           0.00000E+00
  -15120.000       -0.20044979E+04           0.00000E+00
  -15115.000       -0.20085485E+04           0.00000E+00
  -15110.000       -0.20126025E+04           0.00000E+00
  -15105.000       -0.20166592E+04           0.00000E+00
  -15100.000       -0.20207196E+04           0.00000E+00
  -15095.000       -0.20247832E+04           0.00000E+00
  -15090.000       -0.20288498E+04           0.00000E+00
  -15085.000       -0.20329197E+04           0.00000E+00
  -15080.000       -0.20369926E+04           0.00000E+00
  -15075.000       -0.20410688E+04           0.00000E+00
  -15070.000       -0.20451480E+04           0.00000E+00
  -15065.000       -0.20492310E+04           0.00000E+00
  -15060.000       -0.20533168E+04           0.00000E+00
  -15055.000       -0.20574057E+04           0.00000E+00
  -15050.000       -0.20614981E+04           0.00000E+00
  -15045.000       -0.20655935E+04           0.00000E+00
  -15040.000       -0.20696924E+04           0.00000E+00
  -15035.000       -0.20737942E+04           0.00000E+00
  -15030.000       -0.20778991E+04           0.00000E+00
  -15025.000       -0.20820072E+04           0.00000E+00
  -15020.000       -0.20861184E+04           0.00000E+00
  -15015.000       -0.20902329E+04           0.00000E+00
  -15010.000       -0.20943504E+04           0.00000E+00
  -15005.000       -0.20984716E+04           0.00000E+00
  -15000.000       -0.21025957E+04           0.00000E+00
  -14995.000       -0.21067230E+04           0.00000E+00
  -14990.000       -0.21108533E+04           0.00000E+00
  -14985.000       -0.21149867E+04           0.00000E+00
  -14980.000       -0.21191236E+04           0.00000E+00
  -14975.000       -0.21232634E+04           0.00000E+00
  -14970.000       -0.21274064E+04           0.00000E+00
  -14965.000       -0.21315525E+04           0.00000E+00
  -14960.000       -0.21357019E+04           0.00000E+00
  -14955.000       -0.21398542E+04           0.00000E+00
  -14950.000       -0.21440099E+04           0.00000E+00
  -14945.000       -0.21481684E+04           0.00000E+00
  -14940.000       -0.21523303E+04           0.00000E+00
  -14935.000       -0.21564952E+04           0.00000E+00
  -14930.000       -0.21606635E+04           0.00000E+00
  -14925.000       -0.21648348E+04           0.00000E+00
  -14920.000       -0.21690092E+04           0.00000E+00
  -14915.000       -0.21731866E+04           0.00000E+00
  -14910.000       -0.21773673E+04           0.00000E+00
  -14905.000       -0.21815514E+04           0.00000E+00
  -14900.000       -0.21857382E+04           0.00000E+00
  -14895.000       -0.21899281E+04           0.00000E+00
  -14890.000       -0.21941211E+04           0.00000E+00
  -14885.000       -0.21983172E+04           0.00000E+00
  -14880.000       -0.22025166E+04           0.00000E+00
  -14875.000       -0.22067188E+04           0.00000E+00
  -14870.000       -0.22109248E+04           0.00000E+00
  -14865.000       -0.22151333E+04           0.00000E+00
  -14860.000       -0.22193449E+04           0.00000E+00
  -14855.000       -0.22235598E+04           0.00000E+00
  -14850.000       -0.22277778E+04           0.00000E+00
  -14845.000       -0.22319985E+04           0.00000E+00
  -14840.000       -0.22362227E+04           0.00000E+00
  -14835.000       -0.22404501E+04           0.00000E+00
  -14830.000       -0.22446800E+04           0.00000E+00
  -14825.000       -0.22489134E+04           0.00000E+00
  -14820.000       -0.22531498E+04           0.00000E+00
  -14815.000       -0.22573896E+04           0.00000E+00
  -14810.000       -0.22616320E+04           0.00000E+00
  -14805.000       -0.22658774E+04           0.00000E+00
  -14800.000       -0.22701263E+04           0.00000E+00
  -14795.000       -0.22743781E+04           0.00000E+00
  -14790.000       -0.22786329E+04           0.00000E+00
  -14785.000       -0.22828908E+04           0.00000E+00
  -14780.000       -0.22871517E+04           0.00000E+00
  -14775.000       -0.22914157E+04           0.00000E+00
  -14770.000       -0.22956828E+04           0.00000E+00
  -14765.000       -0.22999528E+04           0.00000E+00
  -14760.000       -0.23042260E+04           0.00000E+00
  -14755.000       -0.23085020E+04           0.00000E+00
  -14750.000       -0.23127815E+04           0.00000E+00
  -14745.000       -0.23170637E+04           0.00000E+00
  -14740.000       -0.23213487E+04           0.00000E+00
  -14735.000       -0.23256373E+04           0.00000E+00
  -14730.000       -0.23299285E+04           0.00000E+00
  -14725.000       -0.23342231E+04           0.00000E+00
  -14720.000       -0.23385204E+04           0.00000E+00
  -14715.000       -0.23428208E+04           0.00000E+00
  -14710.000       -0.23471243E+04           0.00000E+00
  -14705.000       -0.23514306E+04           0.00000E+00
  -14700.000       -0.23557404E+04           0.00000E+00
  -14695.000       -0.23600529E+04           0.00000E+00
  -14690.000       -0.23643680E+04           0.00000E+00
  -14685.000       -0.23686866E+04           0.00000E+00
  -14680.000       -0.23730082E+04           0.00000E+00
  -14675.000       -0.23773328E+04           0.00000E+00
  -14670.000       -0.23816603E+04           0.00000E+00
  -14665.000       -0.23859908E+04           0.00000E+00
  -14660.000       -0.23903245E+04           0.00000E+00
  -14655.000       -0.23946609E+04           0.00000E+00
  -14650.000       -0.23990006E+04           0.00000E+00
  -14645.000       -0.24033428E+04           0.00000E+00
  -14640.000       -0.24076884E+04           0.00000E+00
  -14635.000       -0.24120368E+04           0.00000E+00
  -14630.000       -0.24163882E+04           0.00000E+00
  -14625.000       -0.24207427E+04           0.00000E+00
  -14620.000       -0.24251000E+04           0.00000E+00
  -14615.000       -0.24294607E+04           0.00000E+00
  -14610.000       -0.24338238E+04           0.00000E+00
  -14605.000       -0.24381902E+04           0.00000E+00
  -14600.000       -0.24425594E+04           0.00000E+00
  -14595.000       -0.24469317E+04           0.00000E+00
  -14590.000       -0.24513069E+04           0.00000E+00
  -14585.000       -0.24556851E+04           0.00000E+00
  -14580.000       -0.24600662E+04           0.00000E+00
  -14575.000       -0.24644504E+04           0.00000E+00
  -14570.000       -0.24688372E+04           0.00000E+00
  -14565.000       -0.24732273E+04           0.00000E+00
  -14560.000       -0.24776201E+04           0.00000E+00
  -14555.000       -0.24820160E+04           0.00000E+00
  -14550.000       -0.24864149E+04           0.00000E+00
  -14545.000       -0.24908166E+04           0.00000E+00
  -14540.000       -0.24952213E+04           0.00000E+00
  -14535.000       -0.24996290E+04           0.00000E+00
  -14530.000       -0.25040395E+04           0.00000E+00
  -14525.000       -0.25084530E+04           0.00000E+00
  -14520.000       -0.25128694E+04           0.00000E+00
  -14515.000       -0.25172888E+04           0.00000E+00
  -14510.000       -0.25217112E+04           0.00000E+00
  -14505.000       -0.25261362E+04           0.00000E+00
  -14500.000       -0.25305646E+04           0.00000E+00
  -14495.000       -0.25349957E+04           0.00000E+00
  -14490.000       -0.25394297E+04           0.00000E+00
  -14485.000       -0.25438666E+04           0.00000E+00
  -14480.000       -0.25483064E+04           0.00000E+00
  -14475.000       -0.25527494E+04           0.00000E+00
  -14470.000       -0.25571949E+04           0.00000E+00
  -14465.000       -0.25616436E+04           0.00000E+00
  -14460.000       -0.25660950E+04           0.00000E+00
  -14455.000       -0.25705495E+04           0.00000E+00
  -14450.000       -0.25750067E+04           0.00000E+00
  -14445.000       -0.25794669E+04           0.00000E+00
  -14440.000       -0.25839303E+04           0.00000E+00
  -14435.000       -0.25883960E+04           0.00000E+00
  -14430.000       -0.25928651E+04           0.00000E+00
  -14425.000       -0.25973369E+04           0.00000E+00
  -14420.000       -0.26018117E+04           0.00000E+00
  -14415.000       -0.26062893E+04           0.00000E+00
  -14410.000       -0.26107701E+04           0.00000E+00
  -14405.000       -0.26152535E+04           0.00000E+00
  -14400.000       -0.26197398E+04           0.00000E+00
  -14395.000       -0.26242290E+04           0.00000E+00
  -14390.000       -0.26287211E+04           0.00000E+00
  -14385.000       -0.26332160E+04           0.00000E+00
  -14380.000       -0.26377143E+04           0.00000E+00
  -14375.000       -0.26422152E+04           0.00000E+00
  -14370.000       -0.26467188E+04           0.00000E+00
  -14365.000       -0.26512254E+04           0.00000E+00
  -14360.000       -0.26557350E+04           0.00000E+00
  -14355.000       -0.26602474E+04           0.00000E+00
  -14350.000       -0.26647626E+04           0.00000E+00
  -14345.000       -0.26692810E+04           0.00000E+00
  -14340.000       -0.26738020E+04           0.00000E+00
  -14335.000       -0.26783260E+04           0.00000E+00
  -14330.000       -0.26828529E+04           0.00000E+00
  -14325.000       -0.26873828E+04           0.00000E+00
  -14320.000       -0.26919155E+04           0.00000E+00
  -14315.000       -0.26964511E+04           0.00000E+00
  -14310.000       -0.27009897E+04           0.00000E+00
  -14305.000       -0.27055311E+04           0.00000E+00
  -14300.000       -0.27100752E+04           0.00000E+00
  -14295.000       -0.27146224E+04           0.00000E+00
  -14290.000       -0.27191726E+04           0.00000E+00
  -14285.000       -0.27237256E+04           0.00000E+00
  -14280.000       -0.27282817E+04           0.00000E+00
  -14275.000       -0.27328403E+04           0.00000E+00
  -14270.000       -0.27374021E+04           0.00000E+00
  -14265.000       -0.27419667E+04           0.00000E+00
  -14260.000       -0.27465343E+04           0.00000E+00
  -14255.000       -0.27511048E+04           0.00000E+00
  -14250.000       -0.27556782E+04           0.00000E+00
  -14245.000       -0.27602544E+04           0.00000E+00
  -14240.000       -0.27648337E+04           0.00000E+00
  -14235.000       -0.27694161E+04           0.00000E+00
  -14230.000       -0.27740011E+04           0.00000E+00
  -14225.000       -0.27785890E+04           0.00000E+00
  -14220.000       -0.27831800E+04           0.00000E+00
  -14215.000       -0.27877738E+04           0.00000E+00
  -14210.000       -0.27923708E+04           0.00000E+00
  -14205.000       -0.27969705E+04           0.00000E+00
  -14200.000       -0.28015731E+04           0.00000E+00
