  -19950.000       -0.16599469E+03           0.00000E+00
  -19945.000       -0.16459593E+03           0.00000E+00
  -19940.000       -0.16320218E+03           0.00000E+00
  -19935.000       -0.16181442E+03           0.00000E+00
  -19930.000       -0.16043167E+03           0.00000E+00
  -19925.000       -0.15905591E+03           0.00000E+00
  -19920.000       -0.15768716E+03           0.00000E+00
  -19915.000       -0.15632240E+03           0.00000E+00
  -19910.000       -0.15496465E+03           0.00000E+00
  -19905.000       -0.15361290E+03           0.00000E+00
  -19900.000       -0.15226514E+03           0.00000E+00
  -19895.000       -0.15092539E+03           0.00000E+00
  -19890.000       -0.14959063E+03           0.00000E+00
  -19885.000       -0.14826288E+03           0.00000E+00
  -19880.000       -0.14694112E+03           0.00000E+00
  -19875.000       -0.14562237E+03           0.00000E+00
  -19870.000       -0.14431261E+03           0.00000E+00
  -19865.000       -0.14300886E+03           0.00000E+00
  -19860.000       -0.14170910E+03           0.00000E+00
  -19855.000       -0.14041735E+03           0.00000E+00
  -19850.000       -0.13913059E+03           0.00000E+00
  -19845.000       -0.13784984E+03           0.00000E+00
  -19840.000       -0.13657508E+03           0.00000E+00
  -19835.000       -0.13530633E+03           0.00000E+00
  -19830.000       -0.13404357E+03           0.00000E+00
  -19825.000       -0.13278682E+03           0.00000E+00
  -19820.000       -0.13153606E+03           0.00000E+00
  -19815.000       -0.13029131E+03           0.00000E+00
  -19810.000       -0.12905455E+03           0.00000E+00
  -19805.000       -0.12782180E+03           0.00000E+00
  -19800.000       -0.12659404E+03           0.00000E+00
  -19795.000       -0.12537529E+03           0.00000E+00
  -19790.000       -0.12415953E+03           0.00000E+00
  -19785.000       -0.12295178E+03           0.00000E+00
  -19780.000       -0.12175102E+03           0.00000E+00
  -19775.000       -0.12055327E+03           0.00000E+00
  -19770.000       -0.11936351E+03           0.00000E+00
  -19765.000       -0.11818076E+03           0.00000E+00
  -19760.000       -0.11700200E+03           0.00000E+00
  -19755.000       -0.11583125E+03           0.00000E+00
  -19750.000       -0.11466449E+03           0.00000E+00
  -19745.000       -0.11350474E+03           0.00000E+00
  -19740.000       -0.11235198E+03           0.00000E+00
  -19735.000       -0.11120423E+03           0.00000E+00
  -19730.000       -0.11006247E+03           0.00000E+00
  -19725.000       -0.10892872E+03           0.00000E+00
  -19720.000       -0.10779796E+03           0.00000E+00
  -19715.000       -0.10667521E+03           0.00000E+00
  -19710.000       -0.10555645E+03           0.00000E+00
  -19705.000       -0.10444670E+03           0.00000E+00
  -19700.000       -0.10334194E+03           0.00000E+00
  -19695.000       -0.10224319E+03           0.00000E+00
  -19690.000       -0.10114943E+03           0.00000E+00
  -19685.000       -0.10006368E+03           0.00000E+00
  -19680.000       -0.98983924E+02           0.00000E+00
  -19675.000       -0.97909169E+02           0.00000E+00
  -19670.000       -0.96839414E+02           0.00000E+00
  -19665.000       -0.95776659E+02           0.00000E+00
  -19660.000       -0.94720904E+02           0.00000E+00
  -19655.000       -0.93671149E+02           0.00000E+00
  -19650.000       -0.92626394E+02           0.00000E+00
  -19645.000       -0.91587640E+02           0.00000E+00
  -19640.000       -0.90556885E+02           0.00000E+00
  -19635.000       -0.89530130E+02           0.00000E+00
  -19630.000       -0.88510375E+02           0.00000E+00
  -19625.000       -0.87497620E+02           0.00000E+00
  -19620.000       -0.86488865E+02           0.00000E+00
  -19615.000       -0.85487110E+02           0.00000E+00
  -19610.000       -0.84491355E+02           0.00000E+00
  -19605.000       -0.83501600E+02           0.00000E+00
  -19600.000       -0.82517845E+02           0.00000E+00
  -19595.000       -0.81540090E+02           0.00000E+00
  -19590.000       -0.80567335E+02           0.00000E+00
  -19585.000       -0.79604581E+02           0.00000E+00
  -19580.000       -0.78643826E+02           0.00000E+00
  -19575.000       -0.77691071E+02           0.00000E+00
  -19570.000       -0.76743316E+02           0.00000E+00
  -19565.000       -0.75801561E+02           0.00000E+00
  -19560.000       -0.74866806E+02           0.00000E+00
  -19555.000       -0.73937051E+02           0.00000E+00
  -19550.000       -0.73013296E+02           0.00000E+00
  -19545.000       -0.72095541E+02           0.00000E+00
  -19540.000       -0.71185786E+02           0.00000E+00
  -19535.000       -0.70279031E+02           0.00000E+00
  -19530.000       -0.69380277E+02           0.00000E+00
  -19525.000       -0.68487522E+02           0.18040E-29
  -19520.000       -0.67599767E+02           0.43832E-29
  -19515.000       -0.66719012E+02           0.10576E-28
  -19510.000       -0.65843257E+02           0.25388E-28
  -19505.000       -0.64973502E+02           0.60585E-28
  -19500.000       -0.64110747E+02           0.14357E-27
  -19495.000       -0.63252992E+02           0.33851E-27
  -19490.000       -0.62401237E+02           0.79339E-27
  -19485.000       -0.61556482E+02           0.18465E-26
  -19480.000       -0.60717727E+02           0.42719E-26
  -19475.000       -0.59883972E+02           0.98338E-26
  -19470.000       -0.59056218E+02           0.22501E-25
  -19465.000       -0.58234463E+02           0.51179E-25
  -19460.000       -0.57418708E+02           0.11571E-24
  -19455.000       -0.56609953E+02           0.25978E-24
  -19450.000       -0.55806198E+02           0.58033E-24
  -19445.000       -0.55007443E+02           0.12899E-23
  -19440.000       -0.54216688E+02           0.28444E-23
  -19435.000       -0.53429933E+02           0.62470E-23
  -19430.000       -0.52650178E+02           0.13624E-22
  -19425.000       -0.51876423E+02           0.29536E-22
  -19420.000       -0.51108668E+02           0.63648E-22
  -19415.000       -0.50346913E+02           0.13634E-21
  -19410.000       -0.49590159E+02           0.29058E-21
  -19405.000       -0.48839404E+02           0.61563E-21
  -19400.000       -0.48094649E+02           0.12965E-20
  -19395.000       -0.47355894E+02           0.27139E-20
  -19390.000       -0.46624139E+02           0.56415E-20
  -19385.000       -0.45897384E+02           0.11669E-19
  -19380.000       -0.45176629E+02           0.23990E-19
  -19375.000       -0.44461874E+02           0.49029E-19
  -19370.000       -0.43752119E+02           0.99700E-19
  -19365.000       -0.43049364E+02           0.20133E-18
  -19360.000       -0.42352609E+02           0.40411E-18
  -19355.000       -0.41660855E+02           0.80709E-18
  -19350.000       -0.40975100E+02           0.16023E-17
  -19345.000       -0.40295345E+02           0.31619E-17
  -19340.000       -0.39621590E+02           0.62024E-17
  -19335.000       -0.38952835E+02           0.12106E-16
  -19330.000       -0.38292080E+02           0.23440E-16
  -19325.000       -0.37636325E+02           0.45160E-16
  -19320.000       -0.36984570E+02           0.86657E-16
  -19315.000       -0.36339815E+02           0.16513E-15
  -19310.000       -0.35700060E+02           0.31308E-15
  -19305.000       -0.35067305E+02           0.58947E-15
  -19300.000       -0.34441550E+02           0.11021E-14
  -19295.000       -0.33819796E+02           0.20523E-14
  -19290.000       -0.33203041E+02           0.38028E-14
  -19285.000       -0.32592286E+02           0.70041E-14
  -19280.000       -0.31990531E+02           0.12785E-13
  -19275.000       -0.31392776E+02           0.23243E-13
  -19270.000       -0.30800021E+02           0.42046E-13
  -19265.000       -0.30214266E+02           0.75529E-13
  -19260.000       -0.29631511E+02           0.13527E-12
  -19255.000       -0.29056756E+02           0.24033E-12
  -19250.000       -0.28489001E+02           0.42402E-12
  -19245.000       -0.27924246E+02           0.74585E-12
  -19240.000       -0.27366491E+02           0.13028E-11
  -19235.000       -0.26813737E+02           0.22643E-11
  -19230.000       -0.26266982E+02           0.39120E-11
  -19225.000       -0.25727227E+02           0.67113E-11
  -19220.000       -0.25192472E+02           0.11456E-10
  -19215.000       -0.24664717E+02           0.19420E-10
  -19210.000       -0.24141962E+02           0.32755E-10
  -19205.000       -0.23623207E+02           0.55026E-10
  -19200.000       -0.23111452E+02           0.91796E-10
  -19195.000       -0.22605697E+02           0.15222E-09
  -19190.000       -0.22105942E+02           0.25091E-09
  -19185.000       -0.21610187E+02           0.41192E-09
  -19180.000       -0.21121432E+02           0.67155E-09
  -19175.000       -0.20638678E+02           0.10883E-08
  -19170.000       -0.20161923E+02           0.17530E-08
  -19165.000       -0.19689168E+02           0.28126E-08
  -19160.000       -0.19223413E+02           0.44810E-08
  -19155.000       -0.18763658E+02           0.70965E-08
  -19150.000       -0.18308903E+02           0.11183E-07
  -19145.000       -0.17859148E+02           0.17534E-07
  -19140.000       -0.17416393E+02           0.27300E-07
  -19135.000       -0.16977638E+02           0.42336E-07
  -19130.000       -0.16546883E+02           0.65130E-07
  -19125.000       -0.16120128E+02           0.99797E-07
  -19120.000       -0.15700374E+02           0.15185E-06
  -19115.000       -0.15284619E+02           0.23013E-06
  -19110.000       -0.14874864E+02           0.34668E-06
  -19105.000       -0.14473109E+02           0.51809E-06
  -19100.000       -0.14073354E+02           0.77272E-06
  -19095.000       -0.13680599E+02           0.11444E-05
  -19090.000       -0.13294844E+02           0.16831E-05
  -19085.000       -0.12913089E+02           0.24656E-05
  -19080.000       -0.12538334E+02           0.35865E-05
  -19075.000       -0.12168579E+02           0.51910E-05
  -19070.000       -0.11803824E+02           0.74759E-05
  -19065.000       -0.11446069E+02           0.10691E-04
  -19060.000       -0.11093315E+02           0.15214E-04
  -19055.000       -0.10744560E+02           0.21562E-04
  -19050.000       -0.10402805E+02           0.30347E-04
  -19045.000       -0.10067050E+02           0.42456E-04
  -19040.000       -0.97362949E+01           0.59099E-04
  -19035.000       -0.94105400E+01           0.81857E-04
  -19030.000       -0.90927850E+01           0.11247E-03
  -19025.000       -0.87780301E+01           0.15408E-03
  -19020.000       -0.84702752E+01           0.20961E-03
  -19015.000       -0.81675203E+01           0.28372E-03
  -19010.000       -0.78697654E+01           0.38212E-03
  -19005.000       -0.75790105E+01           0.51107E-03
  -19000.000       -0.72932556E+01           0.68011E-03
  -18995.000       -0.70125006E+01           0.90055E-03
  -18990.000       -0.67377457E+01           0.11853E-02
  -18985.000       -0.64689908E+01           0.15508E-02
  -18980.000       -0.62042359E+01           0.20209E-02
  -18975.000       -0.59464810E+01           0.26150E-02
  -18970.000       -0.56937261E+01           0.33670E-02
  -18965.000       -0.54469712E+01           0.43093E-02
  -18960.000       -0.52052162E+01           0.54879E-02
  -18955.000       -0.49704613E+01           0.69399E-02
  -18950.000       -0.47397064E+01           0.87412E-02
  -18945.000       -0.45139515E+01           0.10955E-01
  -18940.000       -0.42951966E+01           0.13634E-01
  -18935.000       -0.40804417E+01           0.16900E-01
  -18930.000       -0.38716868E+01           0.20823E-01
  -18925.000       -0.36689318E+01           0.25504E-01
  -18920.000       -0.34721769E+01           0.31049E-01
  -18915.000       -0.32804220E+01           0.37612E-01
  -18910.000       -0.30936671E+01           0.45335E-01
  -18905.000       -0.29129122E+01           0.54317E-01
  -18900.000       -0.27371573E+01           0.64754E-01
  -18895.000       -0.25664024E+01           0.76811E-01
  -18890.000       -0.24026474E+01           0.90478E-01
  -18885.000       -0.22438925E+01           0.10604E+00
  -18880.000       -0.20901376E+01           0.12367E+00
  -18875.000       -0.19423827E+01           0.14336E+00
  -18870.000       -0.17996278E+01           0.16536E+00
  -18865.000       -0.16628729E+01           0.18959E+00
  -18860.000       -0.15311180E+01           0.21629E+00
  -18855.000       -0.14053630E+01           0.24528E+00
  -18850.000       -0.12836081E+01           0.27704E+00
  -18845.000       -0.11678532E+01           0.31103E+00
  -18840.000       -0.10580983E+01           0.34712E+00
  -18835.000       -0.95434338E+00           0.38506E+00
  -18830.000       -0.85458846E+00           0.42546E+00
  -18825.000       -0.76083355E+00           0.46728E+00
  -18820.000       -0.67307863E+00           0.51014E+00
  -18815.000       -0.59032372E+00           0.55415E+00
  -18810.000       -0.51356880E+00           0.59836E+00
  -18805.000       -0.44181389E+00           0.64287E+00
  -18800.000       -0.37605898E+00           0.68656E+00
  -18795.000       -0.31430406E+00           0.73030E+00
  -18790.000       -0.25854915E+00           0.77217E+00
  -18785.000       -0.20779423E+00           0.81237E+00
  -18780.000       -0.16303932E+00           0.84956E+00
  -18775.000       -0.12428440E+00           0.88313E+00
  -18770.000       -0.90529488E-01           0.91345E+00
  -18765.000       -0.61774573E-01           0.94009E+00
  -18760.000       -0.39019659E-01           0.96173E+00
  -18755.000       -0.21264744E-01           0.97896E+00
  -18750.000       -0.85098293E-02           0.99153E+00
  -18745.000       -0.75491464E-03           0.99925E+00
  -18740.000        0.00000000E+00           0.10000E+01
  -18735.000       -0.32450854E-02           0.99676E+00
  -18730.000       -0.13490171E-01           0.98660E+00
  -18725.000       -0.26735256E-01           0.97362E+00
  -18720.000       -0.46980341E-01           0.95411E+00
  -18715.000       -0.71225427E-01           0.93125E+00
  -18710.000       -0.10247051E+00           0.90260E+00
  -18705.000       -0.13771560E+00           0.87135E+00
  -18700.000       -0.17996068E+00           0.83530E+00
  -18695.000       -0.22620577E+00           0.79755E+00
  -18690.000       -0.27745085E+00           0.75771E+00
  -18685.000       -0.33569594E+00           0.71484E+00
  -18680.000       -0.39694102E+00           0.67237E+00
  -18675.000       -0.46418611E+00           0.62865E+00
  -18670.000       -0.53743120E+00           0.58425E+00
  -18665.000       -0.61667628E+00           0.53974E+00
  -18660.000       -0.69992137E+00           0.49662E+00
  -18655.000       -0.79016645E+00           0.45377E+00
  -18650.000       -0.88441154E+00           0.41296E+00
  -18645.000       -0.98365662E+00           0.37394E+00
  -18640.000       -0.10889017E+01           0.33659E+00
  -18635.000       -0.11991468E+01           0.30145E+00
  -18630.000       -0.13143919E+01           0.26864E+00
  -18625.000       -0.14356370E+01           0.23796E+00
  -18620.000       -0.15618820E+01           0.20974E+00
  -18615.000       -0.16941271E+01           0.18376E+00
  -18610.000       -0.18303722E+01           0.16035E+00
  -18605.000       -0.19726173E+01           0.13909E+00
  -18600.000       -0.21188624E+01           0.12017E+00
  -18595.000       -0.22721075E+01           0.10309E+00
  -18590.000       -0.24303526E+01           0.88006E-01
  -18585.000       -0.25935976E+01           0.74751E-01
  -18580.000       -0.27628427E+01           0.63112E-01
  -18575.000       -0.29370878E+01           0.53020E-01
  -18570.000       -0.31153329E+01           0.44364E-01
  -18565.000       -0.32995780E+01           0.36899E-01
  -18560.000       -0.34888231E+01           0.30537E-01
  -18555.000       -0.36830682E+01           0.25146E-01
  -18550.000       -0.38833132E+01           0.20583E-01
  -18545.000       -0.40875583E+01           0.16780E-01
  -18540.000       -0.42988034E+01           0.13585E-01
  -18535.000       -0.45140485E+01           0.10954E-01
  -18530.000       -0.47352936E+01           0.87799E-02
  -18525.000       -0.49625387E+01           0.69951E-02
  -18520.000       -0.51927838E+01           0.55565E-02
  -18515.000       -0.54300288E+01           0.43830E-02
  -18510.000       -0.56712739E+01           0.34435E-02
  -18505.000       -0.59185190E+01           0.26892E-02
  -18500.000       -0.61707641E+01           0.20896E-02
  -18495.000       -0.64280092E+01           0.16157E-02
  -18490.000       -0.66922543E+01           0.12405E-02
  -18485.000       -0.69584994E+01           0.95052E-03
  -18480.000       -0.72317444E+01           0.72326E-03
  -18475.000       -0.75099895E+01           0.54759E-03
  -18470.000       -0.77932346E+01           0.41252E-03
  -18465.000       -0.80824797E+01           0.30890E-03
  -18460.000       -0.83767248E+01           0.23016E-03
  -18455.000       -0.86749699E+01           0.17081E-03
  -18450.000       -0.89792150E+01           0.12600E-03
  -18445.000       -0.92884600E+01           0.92485E-04
  -18440.000       -0.96037051E+01           0.67478E-04
  -18435.000       -0.99229502E+01           0.49036E-04
  -18430.000       -0.10246195E+02           0.35492E-04
  -18425.000       -0.10576440E+02           0.25510E-04
  -18420.000       -0.10912685E+02           0.18226E-04
  -18415.000       -0.11253931E+02           0.12956E-04
  -18410.000       -0.11598176E+02           0.91828E-05
  -18405.000       -0.11949421E+02           0.64630E-05
  -18400.000       -0.12304666E+02           0.45306E-05
  -18395.000       -0.12665911E+02           0.31569E-05
  -18390.000       -0.13032156E+02           0.21888E-05
  -18385.000       -0.13402401E+02           0.15115E-05
  -18380.000       -0.13778646E+02           0.10376E-05
  -18375.000       -0.14160891E+02           0.70795E-06
  -18370.000       -0.14547136E+02           0.48113E-06
  -18365.000       -0.14938381E+02           0.32534E-06
  -18360.000       -0.15336626E+02           0.21847E-06
  -18355.000       -0.15737872E+02           0.14626E-06
  -18350.000       -0.16145117E+02           0.97334E-07
  -18345.000       -0.16557362E+02           0.64451E-07
  -18340.000       -0.16974607E+02           0.42464E-07
  -18335.000       -0.17396852E+02           0.27838E-07
  -18330.000       -0.17824097E+02           0.18159E-07
  -18325.000       -0.18256342E+02           0.11786E-07
  -18320.000       -0.18694587E+02           0.76040E-08
  -18315.000       -0.19136832E+02           0.48863E-08
  -18310.000       -0.19585077E+02           0.31211E-08
  -18305.000       -0.20037322E+02           0.19856E-08
  -18300.000       -0.20495568E+02           0.12557E-08
  -18295.000       -0.20958813E+02           0.79014E-09
  -18290.000       -0.21426058E+02           0.49520E-09
  -18285.000       -0.21900303E+02           0.30819E-09
  -18280.000       -0.22378548E+02           0.19104E-09
  -18275.000       -0.22861793E+02           0.11783E-09
  -18270.000       -0.23350038E+02           0.72311E-10
  -18265.000       -0.23842283E+02           0.44201E-10
  -18260.000       -0.24341528E+02           0.26829E-10
  -18255.000       -0.24844773E+02           0.16220E-10
  -18250.000       -0.25353018E+02           0.97572E-11
  -18245.000       -0.25867263E+02           0.58343E-11
  -18240.000       -0.26385509E+02           0.34747E-11
  -18235.000       -0.26909754E+02           0.20570E-11
  -18230.000       -0.27437999E+02           0.12129E-11
  -18225.000       -0.27971244E+02           0.71161E-12
  -18220.000       -0.28510489E+02           0.41500E-12
  -18215.000       -0.29053734E+02           0.24106E-12
  -18210.000       -0.29603979E+02           0.13904E-12
  -18205.000       -0.30156224E+02           0.80042E-13
  -18200.000       -0.30715469E+02           0.45755E-13
  -18195.000       -0.31278714E+02           0.26051E-13
  -18190.000       -0.31848959E+02           0.14729E-13
  -18185.000       -0.32422204E+02           0.83026E-14
  -18180.000       -0.33001450E+02           0.46521E-14
  -18175.000       -0.33584695E+02           0.25963E-14
  -18170.000       -0.34173940E+02           0.14403E-14
  -18165.000       -0.34767185E+02           0.79580E-15
  -18160.000       -0.35366430E+02           0.43707E-15
  -18155.000       -0.35969675E+02           0.23909E-15
  -18150.000       -0.36578920E+02           0.13001E-15
  -18145.000       -0.37192165E+02           0.70412E-16
  -18140.000       -0.37810410E+02           0.37944E-16
  -18135.000       -0.38434655E+02           0.20326E-16
  -18130.000       -0.39063900E+02           0.10833E-16
  -18125.000       -0.39696145E+02           0.57568E-17
  -18120.000       -0.40335391E+02           0.30378E-17
  -18115.000       -0.40978636E+02           0.15966E-17
  -18110.000       -0.41626881E+02           0.83498E-18
  -18105.000       -0.42280126E+02           0.43448E-18
  -18100.000       -0.42938371E+02           0.22496E-18
  -18095.000       -0.43602616E+02           0.11578E-18
  -18090.000       -0.44269861E+02           0.59408E-19
  -18085.000       -0.44943106E+02           0.30301E-19
  -18080.000       -0.45620351E+02           0.15393E-19
  -18075.000       -0.46304596E+02           0.77655E-20
  -18070.000       -0.46991841E+02           0.39057E-20
  -18065.000       -0.47685087E+02           0.19527E-20
  -18060.000       -0.48382332E+02           0.97234E-21
  -18055.000       -0.49085577E+02           0.48129E-21
  -18050.000       -0.49791822E+02           0.23751E-21
  -18045.000       -0.50504067E+02           0.11651E-21
  -18040.000       -0.51223312E+02           0.56754E-22
  -18035.000       -0.51944557E+02           0.27591E-22
  -18030.000       -0.52671802E+02           0.13333E-22
  -18025.000       -0.53404047E+02           0.64109E-23
  -18020.000       -0.54141292E+02           0.30672E-23
  -18015.000       -0.54882537E+02           0.14616E-23
  -18010.000       -0.55628782E+02           0.69299E-24
  -18005.000       -0.56381028E+02           0.32661E-24
  -18000.000       -0.57137273E+02           0.15332E-24
  -17995.000       -0.57898518E+02           0.71613E-25
  -17990.000       -0.58664763E+02           0.33283E-25
  -17985.000       -0.59435008E+02           0.15407E-25
  -17980.000       -0.60211253E+02           0.70890E-26
  -17975.000       -0.60991498E+02           0.32488E-26
  -17970.000       -0.61776743E+02           0.14815E-26
  -17965.000       -0.62567988E+02           0.67153E-27
  -17960.000       -0.63363233E+02           0.30318E-27
  -17955.000       -0.64163478E+02           0.13619E-27
  -17950.000       -0.64968723E+02           0.60875E-28
  -17945.000       -0.65777969E+02           0.27101E-28
  -17940.000       -0.66592214E+02           0.12005E-28
  -17935.000       -0.67412459E+02           0.52862E-29
  -17930.000       -0.68237704E+02           0.23160E-29
  -17925.000       -0.69064949E+02           0.10127E-29
  -17920.000       -0.69899194E+02           0.00000E+00
  -17915.000       -0.70737439E+02           0.00000E+00
  -17910.000       -0.71581684E+02           0.00000E+00
  -17905.000       -0.72429929E+02           0.00000E+00
  -17900.000       -0.73283174E+02           0.00000E+00
  -17895.000       -0.74141419E+02           0.00000E+00
  -17890.000       -0.75004665E+02           0.00000E+00
  -17885.000       -0.75871910E+02           0.00000E+00
  -17880.000       -0.76744155E+02           0.00000E+00
  -17875.000       -0.77620400E+02           0.00000E+00
  -17870.000       -0.78503645E+02           0.00000E+00
  -17865.000       -0.79389890E+02           0.00000E+00
  -17860.000       -0.80282135E+02           0.00000E+00
  -17855.000       -0.81177380E+02           0.00000E+00
  -17850.000       -0.82077625E+02           0.00000E+00
  -17845.000       -0.82983870E+02           0.00000E+00
  -17840.000       -0.83895115E+02           0.00000E+00
  -17835.000       -0.84810360E+02           0.00000E+00
  -17830.000       -0.85730606E+02           0.00000E+00
  -17825.000       -0.86654851E+02           0.00000E+00
  -17820.000       -0.87585096E+02           0.00000E+00
  -17815.000       -0.88519341E+02           0.00000E+00
  -17810.000       -0.89458586E+02           0.00000E+00
  -17805.000       -0.90401831E+02           0.00000E+00
  -17800.000       -0.91350076E+02           0.00000E+00
  -17795.000       -0.92304321E+02           0.00000E+00
  -17790.000       -0.93261566E+02           0.00000E+00
  -17785.000       -0.94223811E+02           0.00000E+00
  -17780.000       -0.95192056E+02           0.00000E+00
  -17775.000       -0.96164301E+02           0.00000E+00
  -17770.000       -0.97141547E+02           0.00000E+00
  -17765.000       -0.98122792E+02           0.00000E+00
  -17760.000       -0.99109037E+02           0.00000E+00
  -17755.000       -0.10010028E+03           0.00000E+00
  -17750.000       -0.10109553E+03           0.00000E+00
  -17745.000       -0.10209677E+03           0.00000E+00
  -17740.000       -0.10310102E+03           0.00000E+00
  -17735.000       -0.10411126E+03           0.00000E+00
  -17730.000       -0.10512551E+03           0.00000E+00
  -17725.000       -0.10614475E+03           0.00000E+00
  -17720.000       -0.10716900E+03           0.00000E+00
  -17715.000       -0.10819824E+03           0.00000E+00
  -17710.000       -0.10923049E+03           0.00000E+00
  -17705.000       -0.11026973E+03           0.00000E+00
  -17700.000       -0.11131198E+03           0.00000E+00
  -17695.000       -0.11235822E+03           0.00000E+00
  -17690.000       -0.11341047E+03           0.00000E+00
  -17685.000       -0.11446671E+03           0.00000E+00
  -17680.000       -0.11552896E+03           0.00000E+00
  -17675.000       -0.11659420E+03           0.00000E+00
  -17670.000       -0.11766445E+03           0.00000E+00
  -17665.000       -0.11874069E+03           0.00000E+00
  -17660.000       -0.11981994E+03           0.00000E+00
  -17655.000       -0.12090418E+03           0.00000E+00
  -17650.000       -0.12199343E+03           0.00000E+00
  -17645.000       -0.12308667E+03           0.00000E+00
  -17640.000       -0.12418492E+03           0.00000E+00
  -17635.000       -0.12528816E+03           0.00000E+00
  -17630.000       -0.12639641E+03           0.00000E+00
  -17625.000       -0.12750865E+03           0.00000E+00
  -17620.000       -0.12862490E+03           0.00000E+00
  -17615.000       -0.12974614E+03           0.00000E+00
  -17610.000       -0.13087239E+03           0.00000E+00
  -17605.000       -0.13200363E+03           0.00000E+00
  -17600.000       -0.13313888E+03           0.00000E+00
  -17595.000       -0.13427812E+03           0.00000E+00
  -17590.000       -0.13542337E+03           0.00000E+00
  -17585.000       -0.13657261E+03           0.00000E+00
  -17580.000       -0.13772486E+03           0.00000E+00
  -17575.000       -0.13888410E+03           0.00000E+00
  -17570.000       -0.14004635E+03           0.00000E+00
  -17565.000       -0.14121360E+03           0.00000E+00
  -17560.000       -0.14238684E+03           0.00000E+00
  -17555.000       -0.14356209E+03           0.00000E+00
  -17550.000       -0.14474433E+03           0.00000E+00
  -17545.000       -0.14592958E+03           0.00000E+00
  -17540.000       -0.14711982E+03           0.00000E+00
  -17535.000       -0.14831507E+03           0.00000E+00
  -17530.000       -0.14951431E+03           0.00000E+00
  -17525.000       -0.15071756E+03           0.00000E+00
  -17520.000       -0.15192680E+03           0.00000E+00
  -17515.000       -0.15313905E+03           0.00000E+00
  -17510.000       -0.15435729E+03           0.00000E+00
  -17505.000       -0.15557954E+03           0.00000E+00
  -17500.000       -0.15680578E+03           0.00000E+00
  -17495.000       -0.15803703E+03           0.00000E+00
  -17490.000       -0.15927327E+03           0.00000E+00
  -17485.000       -0.16051352E+03           0.00000E+00
  -17480.000       -0.16175776E+03           0.00000E+00
  -17475.000       -0.16300701E+03           0.00000E+00
  -17470.000       -0.16426125E+03           0.00000E+00
  -17465.000       -0.16551950E+03           0.00000E+00
  -17460.000       -0.16678274E+03           0.00000E+00
  -17455.000       -0.16804999E+03           0.00000E+00
  -17450.000       -0.16932223E+03           0.00000E+00
  -17445.000       -0.17059748E+03           0.00000E+00
  -17440.000       -0.17187872E+03           0.00000E+00
  -17435.000       -0.17316397E+03           0.00000E+00
  -17430.000       -0.17445421E+03           0.00000E+00
  -17425.000       -0.17574846E+03           0.00000E+00
  -17420.000       -0.17704770E+03           0.00000E+00
  -17415.000       -0.17835095E+03           0.00000E+00
  -17410.000       -0.17965919E+03           0.00000E+00
  -17405.000       -0.18097044E+03           0.00000E+00
  -17400.000       -0.18228768E+03           0.00000E+00
  -17395.000       -0.18360793E+03           0.00000E+00
  -17390.000       -0.18493517E+03           0.00000E+00
  -17385.000       -0.18626442E+03           0.00000E+00
  -17380.000       -0.18759966E+03           0.00000E+00
  -17375.000       -0.18893791E+03           0.00000E+00
  -17370.000       -0.19028215E+03           0.00000E+00
  -17365.000       -0.19162940E+03           0.00000E+00
  -17360.000       -0.19298264E+03           0.00000E+00
  -17355.000       -0.19433889E+03           0.00000E+00
  -17350.000       -0.19570013E+03           0.00000E+00
  -17345.000       -0.19706638E+03           0.00000E+00
  -17340.000       -0.19843662E+03           0.00000E+00
  -17335.000       -0.19981187E+03           0.00000E+00
  -17330.000       -0.20119011E+03           0.00000E+00
  -17325.000       -0.20257336E+03           0.00000E+00
  -17320.000       -0.20396160E+03           0.00000E+00
  -17315.000       -0.20535385E+03           0.00000E+00
  -17310.000       -0.20675109E+03           0.00000E+00
  -17305.000       -0.20815234E+03           0.00000E+00
  -17300.000       -0.20955758E+03           0.00000E+00
  -17295.000       -0.21096683E+03           0.00000E+00
  -17290.000       -0.21238207E+03           0.00000E+00
  -17285.000       -0.21380132E+03           0.00000E+00
  -17280.000       -0.21522456E+03           0.00000E+00
  -17275.000       -0.21665181E+03           0.00000E+00
  -17270.000       -0.21808306E+03           0.00000E+00
  -17265.000       -0.21952030E+03           0.00000E+00
  -17260.000       -0.22096055E+03           0.00000E+00
  -17255.000       -0.22240579E+03           0.00000E+00
  -17250.000       -0.22385604E+03           0.00000E+00
  -17245.000       -0.22530928E+03           0.00000E+00
  -17240.000       -0.22676853E+03           0.00000E+00
  -17235.000       -0.22823077E+03           0.00000E+00
  -17230.000       -0.22969802E+03           0.00000E+00
  -17225.000       -0.23116926E+03           0.00000E+00
  -17220.000       -0.23264551E+03           0.00000E+00
  -17215.000       -0.23412575E+03           0.00000E+00
  -17210.000       -0.23560900E+03           0.00000E+00
  -17205.000       -0.23709824E+03           0.00000E+00
  -17200.000       -0.23859149E+03           0.00000E+00
  -17195.000       -0.24008873E+03           0.00000E+00
  -17190.000       -0.24159098E+03           0.00000E+00
  -17185.000       -0.24309822E+03           0.00000E+00
  -17180.000       -0.24460847E+03           0.00000E+00
  -17175.000       -0.24612271E+03           0.00000E+00
  -17170.000       -0.24764196E+03           0.00000E+00
  -17165.000       -0.24916620E+03           0.00000E+00
  -17160.000       -0.25069345E+03           0.00000E+00
  -17155.000       -0.25222569E+03           0.00000E+00
  -17150.000       -0.25376194E+03           0.00000E+00
  -17145.000       -0.25530318E+03           0.00000E+00
  -17140.000       -0.25684843E+03           0.00000E+00
  -17135.000       -0.25839767E+03           0.00000E+00
  -17130.000       -0.25995192E+03           0.00000E+00
  -17125.000       -0.26151016E+03           0.00000E+00
  -17120.000       -0.26307241E+03           0.00000E+00
  -17115.000       -0.26463865E+03           0.00000E+00
  -17110.000       -0.26620990E+03           0.00000E+00
  -17105.000       -0.26778514E+03           0.00000E+00
  -17100.000       -0.26936539E+03           0.00000E+00
  -17095.000       -0.27094863E+03           0.00000E+00
  -17090.000       -0.27253688E+03           0.00000E+00
  -17085.000       -0.27413012E+03           0.00000E+00
  -17080.000       -0.27572637E+03           0.00000E+00
  -17075.000       -0.27732761E+03           0.00000E+00
  -17070.000       -0.27893286E+03           0.00000E+00
  -17065.000       -0.28054210E+03           0.00000E+00
  -17060.000       -0.28215635E+03           0.00000E+00
  -17055.000       -0.28377459E+03           0.00000E+00
  -17050.000       -0.28539684E+03           0.00000E+00
  -17045.000       -0.28702308E+03           0.00000E+00
  -17040.000       -0.28865433E+03           0.00000E+00
  -17035.000       -0.29028857E+03           0.00000E+00
  -17030.000       -0.29192882E+03           0.00000E+00
  -17025.000       -0.29357206E+03           0.00000E+00
  -17020.000       -0.29522031E+03           0.00000E+00
  -17015.000       -0.29687255E+03           0.00000E+00
  -17010.000       -0.29852880E+03           0.00000E+00
  -17005.000       -0.30018904E+03           0.00000E+00
  -17000.000       -0.30185429E+03           0.00000E+00
  -16995.000       -0.30352353E+03           0.00000E+00
  -16990.000       -0.30519678E+03           0.00000E+00
  -16985.000       -0.30687502E+03           0.00000E+00
  -16980.000       -0.30855627E+03           0.00000E+00
  -16975.000       -0.31024152E+03           0.00000E+00
  -16970.000       -0.31193176E+03           0.00000E+00
  -16965.000       -0.31362701E+03           0.00000E+00
  -16960.000       -0.31532525E+03           0.00000E+00
  -16955.000       -0.31702750E+03           0.00000E+00
  -16950.000       -0.31873474E+03           0.00000E+00
  -16945.000       -0.32044599E+03           0.00000E+00
  -16940.000       -0.32216123E+03           0.00000E+00
  -16935.000       -0.32388148E+03           0.00000E+00
  -16930.000       -0.32560572E+03           0.00000E+00
  -16925.000       -0.32733297E+03           0.00000E+00
  -16920.000       -0.32906521E+03           0.00000E+00
  -16915.000       -0.33080246E+03           0.00000E+00
  -16910.000       -0.33254170E+03           0.00000E+00
  -16905.000       -0.33428695E+03           0.00000E+00
  -16900.000       -0.33603619E+03           0.00000E+00
  -16895.000       -0.33778944E+03           0.00000E+00
  -16890.000       -0.33954668E+03           0.00000E+00
  -16885.000       -0.34130793E+03           0.00000E+00
  -16880.000       -0.34307317E+03           0.00000E+00
  -16875.000       -0.34484342E+03           0.00000E+00
  -16870.000       -0.34661766E+03           0.00000E+00
  -16865.000       -0.34839491E+03           0.00000E+00
  -16860.000       -0.35017815E+03           0.00000E+00
  -16855.000       -0.35196440E+03           0.00000E+00
  -16850.000       -0.35375464E+03           0.00000E+00
  -16845.000       -0.35554889E+03           0.00000E+00
  -16840.000       -0.35734813E+03           0.00000E+00
  -16835.000       -0.35915038E+03           0.00000E+00
  -16830.000       -0.36095862E+03           0.00000E+00
  -16825.000       -0.36276887E+03           0.00000E+00
  -16820.000       -0.36458511E+03           0.00000E+00
  -16815.000       -0.36640436E+03           0.00000E+00
  -16810.000       -0.36822760E+03           0.00000E+00
  -16805.000       -0.37005585E+03           0.00000E+00
  -16800.000       -0.37188709E+03           0.00000E+00
  -16795.000       -0.37372434E+03           0.00000E+00
  -16790.000       -0.37556358E+03           0.00000E+00
  -16785.000       -0.37740783E+03           0.00000E+00
  -16780.000       -0.37925607E+03           0.00000E+00
  -16775.000       -0.38110932E+03           0.00000E+00
  -16770.000       -0.38296556E+03           0.00000E+00
  -16765.000       -0.38482581E+03           0.00000E+00
  -16760.000       -0.38669005E+03           0.00000E+00
  -16755.000       -0.38855930E+03           0.00000E+00
  -16750.000       -0.39043254E+03           0.00000E+00
  -16745.000       -0.39230979E+03           0.00000E+00
  -16740.000       -0.39419103E+03           0.00000E+00
  -16735.000       -0.39607628E+03           0.00000E+00
  -16730.000       -0.39796452E+03           0.00000E+00
  -16725.000       -0.39985777E+03           0.00000E+00
  -16720.000       -0.40175601E+03           0.00000E+00
  -16715.000       -0.40365726E+03           0.00000E+00
  -16710.000       -0.40556250E+03           0.00000E+00
  -16705.000       -0.40747275E+03           0.00000E+00
  -16700.000       -0.40938599E+03           0.00000E+00
  -16695.000       -0.41130424E+03           0.00000E+00
  -16690.000       -0.41322548E+03           0.00000E+00
  -16685.000       -0.41515173E+03           0.00000E+00
  -16680.000       -0.41708098E+03           0.00000E+00
  -16675.000       -0.41901522E+03           0.00000E+00
  -16670.000       -0.42095347E+03           0.00000E+00
  -16665.000       -0.42289571E+03           0.00000E+00
  -16660.000       -0.42484196E+03           0.00000E+00
  -16655.000       -0.42679120E+03           0.00000E+00
  -16650.000       -0.42874645E+03           0.00000E+00
  -16645.000       -0.43070369E+03           0.00000E+00
  -16640.000       -0.43266694E+03           0.00000E+00
  -16635.000       -0.43463318E+03           0.00000E+00
  -16630.000       -0.43660343E+03           0.00000E+00
  -16625.000       -0.43857767E+03           0.00000E+00
  -16620.000       -0.44055592E+03           0.00000E+00
  -16615.000       -0.44253816E+03           0.00000E+00
  -16610.000       -0.44452541E+03           0.00000E+00
  -16605.000       -0.44651465E+03           0.00000E+00
  -16600.000       -0.44850990E+03           0.00000E+00
  -16595.000       -0.45050814E+03           0.00000E+00
  -16590.000       -0.45251039E+03           0.00000E+00
  -16585.000       -0.45451663E+03           0.00000E+00
  -16580.000       -0.45652688E+03           0.00000E+00
  -16575.000       -0.45854112E+03           0.00000E+00
  -16570.000       -0.46055937E+03           0.00000E+00
  -16565.000       -0.46258161E+03           0.00000E+00
  -16560.000       -0.46460886E+03           0.00000E+00
  -16555.000       -0.46663810E+03           0.00000E+00
  -16550.000       -0.46867235E+03           0.00000E+00
  -16545.000       -0.47071159E+03           0.00000E+00
  -16540.000       -0.47275384E+03           0.00000E+00
  -16535.000       -0.47480008E+03           0.00000E+00
  -16530.000       -0.47685033E+03           0.00000E+00
  -16525.000       -0.47890357E+03           0.00000E+00
  -16520.000       -0.48096282E+03           0.00000E+00
  -16515.000       -0.48302506E+03           0.00000E+00
  -16510.000       -0.48509031E+03           0.00000E+00
  -16505.000       -0.48716055E+03           0.00000E+00
  -16500.000       -0.48923480E+03           0.00000E+00
  -16495.000       -0.49131304E+03           0.00000E+00
  -16490.000       -0.49339429E+03           0.00000E+00
  -16485.000       -0.49548053E+03           0.00000E+00
  -16480.000       -0.49756978E+03           0.00000E+00
  -16475.000       -0.49966402E+03           0.00000E+00
  -16470.000       -0.50176127E+03           0.00000E+00
  -16465.000       -0.50386351E+03           0.00000E+00
  -16460.000       -0.50596876E+03           0.00000E+00
  -16455.000       -0.50807800E+03           0.00000E+00
  -16450.000       -0.51019225E+03           0.00000E+00
  -16445.000       -0.51230849E+03           0.00000E+00
  -16440.000       -0.51442974E+03           0.00000E+00
  -16435.000       -0.51655498E+03           0.00000E+00
  -16430.000       -0.51868323E+03           0.00000E+00
  -16425.000       -0.52081647E+03           0.00000E+00
  -16420.000       -0.52295372E+03           0.00000E+00
  -16415.000       -0.52509396E+03           0.00000E+00
  -16410.000       -0.52723921E+03           0.00000E+00
  -16405.000       -0.52938745E+03           0.00000E+00
  -16400.000       -0.53153970E+03           0.00000E+00
  -16395.000       -0.53369595E+03           0.00000E+00
  -16390.000       -0.53585619E+03           0.00000E+00
  -16385.000       -0.53802044E+03           0.00000E+00
  -16380.000       -0.54018868E+03           0.00000E+00
  -16375.000       -0.54236093E+03           0.00000E+00
  -16370.000       -0.54453617E+03           0.00000E+00
  -16365.000       -0.54671542E+03           0.00000E+00
  -16360.000       -0.54889966E+03           0.00000E+00
  -16355.000       -0.55108691E+03           0.00000E+00
  -16350.000       -0.55327715E+03           0.00000E+00
  -16345.000       -0.55547240E+03           0.00000E+00
  -16340.000       -0.55767164E+03           0.00000E+00
  -16335.000       -0.55987489E+03           0.00000E+00
  -16330.000       -0.56208113E+03           0.00000E+00
  -16325.000       -0.56429238E+03           0.00000E+00
  -16320.000       -0.56650562E+03           0.00000E+00
  -16315.000       -0.56872387E+03           0.00000E+00
  -16310.000       -0.57094711E+03           0.00000E+00
  -16305.000       -0.57317236E+03           0.00000E+00
  -16300.000       -0.57540260E+03           0.00000E+00
  -16295.000       -0.57763585E+03           0.00000E+00
  -16290.000       -0.57987309E+03           0.00000E+00
  -16285.000       -0.58211434E+03           0.00000E+00
  -16280.000       -0.58435958E+03           0.00000E+00
  -16275.000       -0.58660783E+03           0.00000E+00
  -16270.000       -0.58886107E+03           0.00000E+00
  -16265.000       -0.59111732E+03           0.00000E+00
  -16260.000       -0.59337756E+03           0.00000E+00
  -16255.000       -0.59564281E+03           0.00000E+00
  -16250.000       -0.59791005E+03           0.00000E+00
  -16245.000       -0.60018230E+03           0.00000E+00
  -16240.000       -0.60245754E+03           0.00000E+00
  -16235.000       -0.60473679E+03           0.00000E+00
  -16230.000       -0.60702003E+03           0.00000E+00
  -16225.000       -0.60930728E+03           0.00000E+00
  -16220.000       -0.61159852E+03           0.00000E+00
  -16215.000       -0.61389277E+03           0.00000E+00
  -16210.000       -0.61619101E+03           0.00000E+00
  -16205.000       -0.61849326E+03           0.00000E+00
  -16200.000       -0.62079950E+03           0.00000E+00
  -16195.000       -0.62310975E+03           0.00000E+00
  -16190.000       -0.62542299E+03           0.00000E+00
  -16185.000       -0.62774024E+03           0.00000E+00
  -16180.000       -0.63006148E+03           0.00000E+00
  -16175.000       -0.63238573E+03           0.00000E+00
  -16170.000       -0.63471397E+03           0.00000E+00
  -16165.000       -0.63704622E+03           0.00000E+00
  -16160.000       -0.63938246E+03           0.00000E+00
  -16155.000       -0.64172271E+03           0.00000E+00
  -16150.000       -0.64406595E+03           0.00000E+00
  -16145.000       -0.64641320E+03           0.00000E+00
  -16140.000       -0.64876444E+03           0.00000E+00
  -16135.000       -0.65111969E+03           0.00000E+00
  -16130.000       -0.65347793E+03           0.00000E+00
  -16125.000       -0.65584118E+03           0.00000E+00
  -16120.000       -0.65820742E+03           0.00000E+00
  -16115.000       -0.66057667E+03           0.00000E+00
  -16110.000       -0.66294991E+03           0.00000E+00
  -16105.000       -0.66532716E+03           0.00000E+00
  -16100.000       -0.66770841E+03           0.00000E+00
  -16095.000       -0.67009365E+03           0.00000E+00
  -16090.000       -0.67248190E+03           0.00000E+00
  -16085.000       -0.67487414E+03           0.00000E+00
  -16080.000       -0.67726939E+03           0.00000E+00
  -16075.000       -0.67966963E+03           0.00000E+00
  -16070.000       -0.68207288E+03           0.00000E+00
  -16065.000       -0.68448012E+03           0.00000E+00
  -16060.000       -0.68689037E+03           0.00000E+00
  -16055.000       -0.68930461E+03           0.00000E+00
  -16050.000       -0.69172286E+03           0.00000E+00
  -16045.000       -0.69414510E+03           0.00000E+00
  -16040.000       -0.69657135E+03           0.00000E+00
  -16035.000       -0.69899959E+03           0.00000E+00
  -16030.000       -0.70143384E+03           0.00000E+00
  -16025.000       -0.70386908E+03           0.00000E+00
  -16020.000       -0.70630933E+03           0.00000E+00
  -16015.000       -0.70875357E+03           0.00000E+00
  -16010.000       -0.71120182E+03           0.00000E+00
  -16005.000       -0.71365306E+03           0.00000E+00
  -16000.000       -0.71610731E+03           0.00000E+00
  -15995.000       -0.71856655E+03           0.00000E+00
  -15990.000       -0.72102880E+03           0.00000E+00
  -15985.000       -0.72349504E+03           0.00000E+00
  -15980.000       -0.72596429E+03           0.00000E+00
  -15975.000       -0.72843753E+03           0.00000E+00
  -15970.000       -0.73091478E+03           0.00000E+00
  -15965.000       -0.73339502E+03           0.00000E+00
  -15960.000       -0.73587927E+03           0.00000E+00
  -15955.000       -0.73836751E+03           0.00000E+00
  -15950.000       -0.74085876E+03           0.00000E+00
  -15945.000       -0.74335400E+03           0.00000E+00
  -15940.000       -0.74585325E+03           0.00000E+00
  -15935.000       -0.74835549E+03           0.00000E+00
  -15930.000       -0.75086174E+03           0.00000E+00
  -15925.000       -0.75337098E+03           0.00000E+00
  -15920.000       -0.75588523E+03           0.00000E+00
  -15915.000       -0.75840147E+03           0.00000E+00
  -15910.000       -0.76092272E+03           0.00000E+00
  -15905.000       -0.76344696E+03           0.00000E+00
  -15900.000       -0.76597421E+03           0.00000E+00
  -15895.000       -0.76850545E+03           0.00000E+00
  -15890.000       -0.77104070E+03           0.00000E+00
  -15885.000       -0.77357994E+03           0.00000E+00
  -15880.000       -0.77612219E+03           0.00000E+00
  -15875.000       -0.77866743E+03           0.00000E+00
  -15870.000       -0.78121768E+03           0.00000E+00
  -15865.000       -0.78376992E+03           0.00000E+00
  -15860.000       -0.78632717E+03           0.00000E+00
  -15855.000       -0.78888741E+03           0.00000E+00
  -15850.000       -0.79145166E+03           0.00000E+00
  -15845.000       -0.79401890E+03           0.00000E+00
  -15840.000       -0.79659015E+03           0.00000E+00
  -15835.000       -0.79916439E+03           0.00000E+00
  -15830.000       -0.80174264E+03           0.00000E+00
  -15825.000       -0.80432388E+03           0.00000E+00
  -15820.000       -0.80691013E+03           0.00000E+00
  -15815.000       -0.80949937E+03           0.00000E+00
  -15810.000       -0.81209062E+03           0.00000E+00
  -15805.000       -0.81468687E+03           0.00000E+00
  -15800.000       -0.81728711E+03           0.00000E+00
  -15795.000       -0.81989036E+03           0.00000E+00
  -15790.000       -0.82249660E+03           0.00000E+00
  -15785.000       -0.82510685E+03           0.00000E+00
  -15780.000       -0.82772109E+03           0.00000E+00
  -15775.000       -0.83033834E+03           0.00000E+00
  -15770.000       -0.83295958E+03           0.00000E+00
  -15765.000       -0.83558383E+03           0.00000E+00
  -15760.000       -0.83821207E+03           0.00000E+00
  -15755.000       -0.84084332E+03           0.00000E+00
  -15750.000       -0.84347856E+03           0.00000E+00
  -15745.000       -0.84611681E+03           0.00000E+00
  -15740.000       -0.84875905E+03           0.00000E+00
  -15735.000       -0.85140530E+03           0.00000E+00
  -15730.000       -0.85405454E+03           0.00000E+00
  -15725.000       -0.85670679E+03           0.00000E+00
  -15720.000       -0.85936303E+03           0.00000E+00
  -15715.000       -0.86202328E+03           0.00000E+00
  -15710.000       -0.86468652E+03           0.00000E+00
  -15705.000       -0.86735277E+03           0.00000E+00
  -15700.000       -0.87002301E+03           0.00000E+00
  -15695.000       -0.87269726E+03           0.00000E+00
  -15690.000       -0.87537350E+03           0.00000E+00
  -15685.000       -0.87805475E+03           0.00000E+00
  -15680.000       -0.88073999E+03           0.00000E+00
  -15675.000       -0.88342724E+03           0.00000E+00
  -15670.000       -0.88611848E+03           0.00000E+00
  -15665.000       -0.88881373E+03           0.00000E+00
  -15660.000       -0.89151197E+03           0.00000E+00
  -15655.000       -0.89421422E+03           0.00000E+00
  -15650.000       -0.89691846E+03           0.00000E+00
  -15645.000       -0.89962771E+03           0.00000E+00
  -15640.000       -0.90233995E+03           0.00000E+00
  -15635.000       -0.90505520E+03           0.00000E+00
  -15630.000       -0.90777444E+03           0.00000E+00
  -15625.000       -0.91049769E+03           0.00000E+00
  -15620.000       -0.91322393E+03           0.00000E+00
  -15615.000       -0.91595318E+03           0.00000E+00
  -15610.000       -0.91868642E+03           0.00000E+00
  -15605.000       -0.92142267E+03           0.00000E+00
  -15600.000       -0.92416291E+03           0.00000E+00
  -15595.000       -0.92690616E+03           0.00000E+00
  -15590.000       -0.92965340E+03           0.00000E+00
  -15585.000       -0.93240365E+03           0.00000E+00
  -15580.000       -0.93515689E+03           0.00000E+00
  -15575.000       -0.93791414E+03           0.00000E+00
  -15570.000       -0.94067538E+03           0.00000E+00
  -15565.000       -0.94343863E+03           0.00000E+00
  -15560.000       -0.94620687E+03           0.00000E+00
  -15555.000       -0.94897812E+03           0.00000E+00
  -15550.000       -0.95175236E+03           0.00000E+00
  -15545.000       -0.95452961E+03           0.00000E+00
  -15540.000       -0.95731185E+03           0.00000E+00
  -15535.000       -0.96009610E+03           0.00000E+00
  -15530.000       -0.96288434E+03           0.00000E+00
  -15525.000       -0.96567559E+03           0.00000E+00
  -15520.000       -0.96847083E+03           0.00000E+00
  -15515.000       -0.97126908E+03           0.00000E+00
  -15510.000       -0.97407133E+03           0.00000E+00
  -15505.000       -0.97687557E+03           0.00000E+00
  -15500.000       -0.97968482E+03           0.00000E+00
  -15495.000       -0.98249706E+03           0.00000E+00
  -15490.000       -0.98531231E+03           0.00000E+00
  -15485.000       -0.98813055E+03           0.00000E+00
  -15480.000       -0.99095280E+03           0.00000E+00
  -15475.000       -0.99377904E+03           0.00000E+00
  -15470.000       -0.99660729E+03           0.00000E+00
  -15465.000       -0.99944053E+03           0.00000E+00
  -15460.000       -0.10022758E+04           0.00000E+00
  -15455.000       -0.10051160E+04           0.00000E+00
  -15450.000       -0.10079583E+04           0.00000E+00
  -15445.000       -0.10108035E+04           0.00000E+00
  -15440.000       -0.10136538E+04           0.00000E+00
  -15435.000       -0.10165060E+04           0.00000E+00
  -15430.000       -0.10193622E+04           0.00000E+00
  -15425.000       -0.10222215E+04           0.00000E+00
  -15420.000       -0.10250847E+04           0.00000E+00
  -15415.000       -0.10279510E+04           0.00000E+00
  -15410.000       -0.10308202E+04           0.00000E+00
  -15405.000       -0.10336931E+04           0.00000E+00
  -15400.000       -0.10365693E+04           0.00000E+00
  -15395.000       -0.10394493E+04           0.00000E+00
  -15390.000       -0.10423319E+04           0.00000E+00
  -15385.000       -0.10452184E+04           0.00000E+00
  -15380.000       -0.10481080E+04           0.00000E+00
  -15375.000       -0.10510010E+04           0.00000E+00
  -15370.000       -0.10538976E+04           0.00000E+00
  -15365.000       -0.10567972E+04           0.00000E+00
  -15360.000       -0.10597001E+04           0.00000E+00
  -15355.000       -0.10626068E+04           0.00000E+00
  -15350.000       -0.10655165E+04           0.00000E+00
  -15345.000       -0.10684298E+04           0.00000E+00
  -15340.000       -0.10713463E+04           0.00000E+00
  -15335.000       -0.10742658E+04           0.00000E+00
  -15330.000       -0.10771888E+04           0.00000E+00
  -15325.000       -0.10801153E+04           0.00000E+00
  -15320.000       -0.10830449E+04           0.00000E+00
  -15315.000       -0.10859781E+04           0.00000E+00
  -15310.000       -0.10889142E+04           0.00000E+00
  -15305.000       -0.10918541E+04           0.00000E+00
  -15300.000       -0.10947972E+04           0.00000E+00
  -15295.000       -0.10977434E+04           0.00000E+00
  -15290.000       -0.11006930E+04           0.00000E+00
  -15285.000       -0.11036459E+04           0.00000E+00
  -15280.000       -0.11066020E+04           0.00000E+00
  -15275.000       -0.11095614E+04           0.00000E+00
  -15270.000       -0.11125244E+04           0.00000E+00
  -15265.000       -0.11154902E+04           0.00000E+00
  -15260.000       -0.11184598E+04           0.00000E+00
  -15255.000       -0.11214324E+04           0.00000E+00
  -15250.000       -0.11244084E+04           0.00000E+00
  -15245.000       -0.11273878E+04           0.00000E+00
  -15240.000       -0.11303702E+04           0.00000E+00
  -15235.000       -0.11333563E+04           0.00000E+00
  -15230.000       -0.11363452E+04           0.00000E+00
  -15225.000       -0.11393374E+04           0.00000E+00
  -15220.000       -0.11423331E+04           0.00000E+00
  -15215.000       -0.11453325E+04           0.00000E+00
  -15210.000       -0.11483343E+04           0.00000E+00
  -15205.000       -0.11513402E+04           0.00000E+00
  -15200.000       -0.11543485E+04           0.00000E+00
  -15195.000       -0.11573605E+04           0.00000E+00
  -15190.000       -0.11603760E+04           0.00000E+00
  -15185.000       -0.11633945E+04           0.00000E+00
  -15180.000       -0.11664163E+04           0.00000E+00
  -15175.000       -0.11694411E+04           0.00000E+00
  -15170.000       -0.11724695E+04           0.00000E+00
  -15165.000       -0.11755009E+04           0.00000E+00
  -15160.000       -0.11785357E+04           0.00000E+00
  -15155.000       -0.11815734E+04           0.00000E+00
  -15150.000       -0.11846149E+04           0.00000E+00
  -15145.000       -0.11876593E+04           0.00000E+00
  -15140.000       -0.11907073E+04           0.00000E+00
  -15135.000       -0.11937579E+04           0.00000E+00
  -15130.000       -0.11968123E+04           0.00000E+00
  -15125.000       -0.11998695E+04           0.00000E+00
  -15120.000       -0.12029301E+04           0.00000E+00
  -15115.000       -0.12059941E+04           0.00000E+00
  -15110.000       -0.12090614E+04           0.00000E+00
  -15105.000       -0.12121314E+04           0.00000E+00
  -15100.000       -0.12152051E+04           0.00000E+00
  -15095.000       -0.12182820E+04           0.00000E+00
  -15090.000       -0.12213619E+04           0.00000E+00
  -15085.000       -0.12244451E+04           0.00000E+00
  -15080.000       -0.12275313E+04           0.00000E+00
  -15075.000       -0.12306207E+04           0.00000E+00
  -15070.000       -0.12337133E+04           0.00000E+00
  -15065.000       -0.12368096E+04           0.00000E+00
  -15060.000       -0.12399087E+04           0.00000E+00
  -15055.000       -0.12430109E+04           0.00000E+00
  -15050.000       -0.12461166E+04           0.00000E+00
  -15045.000       -0.12492253E+04           0.00000E+00
  -15040.000       -0.12523375E+04           0.00000E+00
  -15035.000       -0.12554526E+04           0.00000E+00
  -15030.000       -0.12585708E+04           0.00000E+00
  -15025.000       -0.12616922E+04           0.00000E+00
  -15020.000       -0.12648167E+04           0.00000E+00
  -15015.000       -0.12679445E+04           0.00000E+00
  -15010.000       -0.12710753E+04           0.00000E+00
  -15005.000       -0.12742098E+04           0.00000E+00
  -15000.000       -0.12773472E+04           0.00000E+00
  -14995.000       -0.12804878E+04           0.00000E+00
  -14990.000       -0.12836314E+04           0.00000E+00
  -14985.000       -0.12867781E+04           0.00000E+00
  -14980.000       -0.12899283E+04           0.00000E+00
  -14975.000       -0.12930814E+04           0.00000E+00
  -14970.000       -0.12962377E+04           0.00000E+00
  -14965.000       -0.12993971E+04           0.00000E+00
  -14960.000       -0.13025598E+04           0.00000E+00
  -14955.000       -0.13057254E+04           0.00000E+00
  -14950.000       -0.13088944E+04           0.00000E+00
  -14945.000       -0.13120662E+04           0.00000E+00
  -14940.000       -0.13152414E+04           0.00000E+00
  -14935.000       -0.13184196E+04           0.00000E+00
  -14930.000       -0.13216013E+04           0.00000E+00
  -14925.000       -0.13247858E+04           0.00000E+00
  -14920.000       -0.13279735E+04           0.00000E+00
  -14915.000       -0.13311642E+04           0.00000E+00
  -14910.000       -0.13343582E+04           0.00000E+00
  -14905.000       -0.13375556E+04           0.00000E+00
  -14900.000       -0.13407557E+04           0.00000E+00
  -14895.000       -0.13439589E+04           0.00000E+00
  -14890.000       -0.13471652E+04           0.00000E+00
  -14885.000       -0.13503747E+04           0.00000E+00
  -14880.000       -0.13535873E+04           0.00000E+00
  -14875.000       -0.13568029E+04           0.00000E+00
  -14870.000       -0.13600221E+04           0.00000E+00
  -14865.000       -0.13632439E+04           0.00000E+00
  -14860.000       -0.13664688E+04           0.00000E+00
  -14855.000       -0.13696970E+04           0.00000E+00
  -14850.000       -0.13729283E+04           0.00000E+00
  -14845.000       -0.13761623E+04           0.00000E+00
  -14840.000       -0.13793999E+04           0.00000E+00
  -14835.000       -0.13826405E+04           0.00000E+00
  -14830.000       -0.13858838E+04           0.00000E+00
  -14825.000       -0.13891304E+04           0.00000E+00
  -14820.000       -0.13923801E+04           0.00000E+00
  -14815.000       -0.13956332E+04           0.00000E+00
  -14810.000       -0.13988889E+04           0.00000E+00
  -14805.000       -0.14021476E+04           0.00000E+00
  -14800.000       -0.14054098E+04           0.00000E+00
  -14795.000       -0.14086750E+04           0.00000E+00
  -14790.000       -0.14119430E+04           0.00000E+00
  -14785.000       -0.14152143E+04           0.00000E+00
  -14780.000       -0.14184884E+04           0.00000E+00
  -14775.000       -0.14217658E+04           0.00000E+00
  -14770.000       -0.14250461E+04           0.00000E+00
  -14765.000       -0.14283294E+04           0.00000E+00
  -14760.000       -0.14316159E+04           0.00000E+00
  -14755.000       -0.14349052E+04           0.00000E+00
  -14750.000       -0.14381981E+04           0.00000E+00
  -14745.000       -0.14414935E+04           0.00000E+00
  -14740.000       -0.14447919E+04           0.00000E+00
  -14735.000       -0.14480937E+04           0.00000E+00
  -14730.000       -0.14513983E+04           0.00000E+00
  -14725.000       -0.14547061E+04           0.00000E+00
  -14720.000       -0.14580167E+04           0.00000E+00
  -14715.000       -0.14613304E+04           0.00000E+00
  -14710.000       -0.14646472E+04           0.00000E+00
  -14705.000       -0.14679669E+04           0.00000E+00
  -14700.000       -0.14712899E+04           0.00000E+00
  -14695.000       -0.14746158E+04           0.00000E+00
  -14690.000       -0.14779441E+04           0.00000E+00
  -14685.000       -0.14812761E+04           0.00000E+00
  -14680.000       -0.14846109E+04           0.00000E+00
  -14675.000       -0.14879489E+04           0.00000E+00
  -14670.000       -0.14912896E+04           0.00000E+00
  -14665.000       -0.14946334E+04           0.00000E+00
  -14660.000       -0.14979805E+04           0.00000E+00
  -14655.000       -0.15013301E+04           0.00000E+00
  -14650.000       -0.15046832E+04           0.00000E+00
  -14645.000       -0.15080386E+04           0.00000E+00
  -14640.000       -0.15113976E+04           0.00000E+00
  -14635.000       -0.15147592E+04           0.00000E+00
  -14630.000       -0.15181240E+04           0.00000E+00
  -14625.000       -0.15214917E+04           0.00000E+00
  -14620.000       -0.15248624E+04           0.00000E+00
  -14615.000       -0.15282364E+04           0.00000E+00
  -14610.000       -0.15316127E+04           0.00000E+00
  -14605.000       -0.15349925E+04           0.00000E+00
  -14600.000       -0.15383749E+04           0.00000E+00
  -14595.000       -0.15417606E+04           0.00000E+00
  -14590.000       -0.15451490E+04           0.00000E+00
  -14585.000       -0.15485406E+04           0.00000E+00
  -14580.000       -0.15519349E+04           0.00000E+00
  -14575.000       -0.15553325E+04           0.00000E+00
  -14570.000       -0.15587326E+04           0.00000E+00
  -14565.000       -0.15621359E+04           0.00000E+00
  -14560.000       -0.15655421E+04           0.00000E+00
  -14555.000       -0.15689512E+04           0.00000E+00
  -14550.000       -0.15723635E+04           0.00000E+00
  -14545.000       -0.15757784E+04           0.00000E+00
  -14540.000       -0.15791965E+04           0.00000E+00
  -14535.000       -0.15826174E+04           0.00000E+00
  -14530.000       -0.15860413E+04           0.00000E+00
  -14525.000       -0.15894681E+04           0.00000E+00
  -14520.000       -0.15928978E+04           0.00000E+00
  -14515.000       -0.15963305E+04           0.00000E+00
  -14510.000       -0.15997661E+04           0.00000E+00
  -14505.000       -0.16032045E+04           0.00000E+00
  -14500.000       -0.16066461E+04           0.00000E+00
  -14495.000       -0.16100906E+04           0.00000E+00
  -14490.000       -0.16135378E+04           0.00000E+00
  -14485.000       -0.16169881E+04           0.00000E+00
  -14480.000       -0.16204412E+04           0.00000E+00
  -14475.000       -0.16238975E+04           0.00000E+00
  -14470.000       -0.16273563E+04           0.00000E+00
  -14465.000       -0.16308182E+04           0.00000E+00
  -14460.000       -0.16342830E+04           0.00000E+00
  -14455.000       -0.16377507E+04           0.00000E+00
  -14450.000       -0.16412213E+04           0.00000E+00
  -14445.000       -0.16446947E+04           0.00000E+00
  -14440.000       -0.16481715E+04           0.00000E+00
  -14435.000       -0.16516505E+04           0.00000E+00
  -14430.000       -0.16551329E+04           0.00000E+00
  -14425.000       -0.16586180E+04           0.00000E+00
  -14420.000       -0.16621061E+04           0.00000E+00
  -14415.000       -0.16655970E+04           0.00000E+00
  -14410.000       -0.16690910E+04           0.00000E+00
  -14405.000       -0.16725878E+04           0.00000E+00
  -14400.000       -0.16760873E+04           0.00000E+00
  -14395.000       -0.16795899E+04           0.00000E+00
  -14390.000       -0.16830953E+04           0.00000E+00
  -14385.000       -0.16866035E+04           0.00000E+00
  -14380.000       -0.16901151E+04           0.00000E+00
  -14375.000       -0.16936293E+04           0.00000E+00
  -14370.000       -0.16971462E+04           0.00000E+00
  -14365.000       -0.17006660E+04           0.00000E+00
  -14360.000       -0.17041890E+04           0.00000E+00
  -14355.000       -0.17077146E+04           0.00000E+00
  -14350.000       -0.17112432E+04           0.00000E+00
  -14345.000       -0.17147749E+04           0.00000E+00
  -14340.000       -0.17183092E+04           0.00000E+00
  -14335.000       -0.17218465E+04           0.00000E+00
  -14330.000       -0.17253867E+04           0.00000E+00
  -14325.000       -0.17289299E+04           0.00000E+00
  -14320.000       -0.17324759E+04           0.00000E+00
  -14315.000       -0.17360248E+04           0.00000E+00
  -14310.000       -0.17395767E+04           0.00000E+00
  -14305.000       -0.17431314E+04           0.00000E+00
  -14300.000       -0.17466888E+04           0.00000E+00
  -14295.000       -0.17502493E+04           0.00000E+00
  -14290.000       -0.17538128E+04           0.00000E+00
  -14285.000       -0.17573791E+04           0.00000E+00
  -14280.000       -0.17609485E+04           0.00000E+00
  -14275.000       -0.17645204E+04           0.00000E+00
  -14270.000       -0.17680955E+04           0.00000E+00
  -14265.000       -0.17716734E+04           0.00000E+00
  -14260.000       -0.17752543E+04           0.00000E+00
  -14255.000       -0.17788381E+04           0.00000E+00
  -14250.000       -0.17824248E+04           0.00000E+00
  -14245.000       -0.17860143E+04           0.00000E+00
  -14240.000       -0.17896069E+04           0.00000E+00
  -14235.000       -0.17932026E+04           0.00000E+00
  -14230.000       -0.17968009E+04           0.00000E+00
  -14225.000       -0.18004021E+04           0.00000E+00
  -14220.000       -0.18040064E+04           0.00000E+00
  -14215.000       -0.18076135E+04           0.00000E+00
  -14210.000       -0.18112238E+04           0.00000E+00
  -14205.000       -0.18148368E+04           0.00000E+00
  -14200.000       -0.18184527E+04           0.00000E+00
