  -19950.000       -0.36428285E+04           0.00000E+00
  -19945.000       -0.36368251E+04           0.00000E+00
  -19940.000       -0.36308268E+04           0.00000E+00
  -19935.000       -0.36248344E+04           0.00000E+00
  -19930.000       -0.36188471E+04           0.00000E+00
  -19925.000       -0.36128667E+04           0.00000E+00
  -19920.000       -0.36068934E+04           0.00000E+00
  -19915.000       -0.36009240E+04           0.00000E+00
  -19910.000       -0.35949617E+04           0.00000E+00
  -19905.000       -0.35890053E+04           0.00000E+00
  -19900.000       -0.35830529E+04           0.00000E+00
  -19895.000       -0.35771086E+04           0.00000E+00
  -19890.000       -0.35711692E+04           0.00000E+00
  -19885.000       -0.35652369E+04           0.00000E+00
  -19880.000       -0.35593105E+04           0.00000E+00
  -19875.000       -0.35533872E+04           0.00000E+00
  -19870.000       -0.35474728E+04           0.00000E+00
  -19865.000       -0.35415645E+04           0.00000E+00
  -19860.000       -0.35356601E+04           0.00000E+00
  -19855.000       -0.35297638E+04           0.00000E+00
  -19850.000       -0.35238724E+04           0.00000E+00
  -19845.000       -0.35179871E+04           0.00000E+00
  -19840.000       -0.35121077E+04           0.00000E+00
  -19835.000       -0.35062344E+04           0.00000E+00
  -19830.000       -0.35003670E+04           0.00000E+00
  -19825.000       -0.34945057E+04           0.00000E+00
  -19820.000       -0.34886503E+04           0.00000E+00
  -19815.000       -0.34828010E+04           0.00000E+00
  -19810.000       -0.34769596E+04           0.00000E+00
  -19805.000       -0.34711223E+04           0.00000E+00
  -19800.000       -0.34652899E+04           0.00000E+00
  -19795.000       -0.34594666E+04           0.00000E+00
  -19790.000       -0.34536462E+04           0.00000E+00
  -19785.000       -0.34478339E+04           0.00000E+00
  -19780.000       -0.34420285E+04           0.00000E+00
  -19775.000       -0.34362262E+04           0.00000E+00
  -19770.000       -0.34304318E+04           0.00000E+00
  -19765.000       -0.34246444E+04           0.00000E+00
  -19760.000       -0.34188611E+04           0.00000E+00
  -19755.000       -0.34130857E+04           0.00000E+00
  -19750.000       -0.34073144E+04           0.00000E+00
  -19745.000       -0.34015500E+04           0.00000E+00
  -19740.000       -0.33957927E+04           0.00000E+00
  -19735.000       -0.33900403E+04           0.00000E+00
  -19730.000       -0.33842940E+04           0.00000E+00
  -19725.000       -0.33785556E+04           0.00000E+00
  -19720.000       -0.33728203E+04           0.00000E+00
  -19715.000       -0.33670929E+04           0.00000E+00
  -19710.000       -0.33613696E+04           0.00000E+00
  -19705.000       -0.33556552E+04           0.00000E+00
  -19700.000       -0.33499459E+04           0.00000E+00
  -19695.000       -0.33442425E+04           0.00000E+00
  -19690.000       -0.33385442E+04           0.00000E+00
  -19685.000       -0.33328538E+04           0.00000E+00
  -19680.000       -0.33271695E+04           0.00000E+00
  -19675.000       -0.33214901E+04           0.00000E+00
  -19670.000       -0.33158158E+04           0.00000E+00
  -19665.000       -0.33101484E+04           0.00000E+00
  -19660.000       -0.33044881E+04           0.00000E+00
  -19655.000       -0.32988337E+04           0.00000E+00
  -19650.000       -0.32931844E+04           0.00000E+00
  -19645.000       -0.32875410E+04           0.00000E+00
  -19640.000       -0.32819057E+04           0.00000E+00
  -19635.000       -0.32762743E+04           0.00000E+00
  -19630.000       -0.32706499E+04           0.00000E+00
  -19625.000       -0.32650326E+04           0.00000E+00
  -19620.000       -0.32594192E+04           0.00000E+00
  -19615.000       -0.32538129E+04           0.00000E+00
  -19610.000       -0.32482125E+04           0.00000E+00
  -19605.000       -0.32426182E+04           0.00000E+00
  -19600.000       -0.32370298E+04           0.00000E+00
  -19595.000       -0.32314475E+04           0.00000E+00
  -19590.000       -0.32258701E+04           0.00000E+00
  -19585.000       -0.32203028E+04           0.00000E+00
  -19580.000       -0.32147374E+04           0.00000E+00
  -19575.000       -0.32091801E+04           0.00000E+00
  -19570.000       -0.32036277E+04           0.00000E+00
  -19565.000       -0.31980814E+04           0.00000E+00
  -19560.000       -0.31925420E+04           0.00000E+00
  -19555.000       -0.31870077E+04           0.00000E+00
  -19550.000       -0.31814793E+04           0.00000E+00
  -19545.000       -0.31759570E+04           0.00000E+00
  -19540.000       -0.31704426E+04           0.00000E+00
  -19535.000       -0.31649313E+04           0.00000E+00
  -19530.000       -0.31594279E+04           0.00000E+00
  -19525.000       -0.31539306E+04           0.00000E+00
  -19520.000       -0.31484382E+04           0.00000E+00
  -19515.000       -0.31429529E+04           0.00000E+00
  -19510.000       -0.31374725E+04           0.00000E+00
  -19505.000       -0.31319982E+04           0.00000E+00
  -19500.000       -0.31265308E+04           0.00000E+00
  -19495.000       -0.31210684E+04           0.00000E+00
  -19490.000       -0.31156121E+04           0.00000E+00
  -19485.000       -0.31101627E+04           0.00000E+00
  -19480.000       -0.31047194E+04           0.00000E+00
  -19475.000       -0.30992810E+04           0.00000E+00
  -19470.000       -0.30938487E+04           0.00000E+00
  -19465.000       -0.30884223E+04           0.00000E+00
  -19460.000       -0.30830020E+04           0.00000E+00
  -19455.000       -0.30775886E+04           0.00000E+00
  -19450.000       -0.30721803E+04           0.00000E+00
  -19445.000       -0.30667769E+04           0.00000E+00
  -19440.000       -0.30613816E+04           0.00000E+00
  -19435.000       -0.30559902E+04           0.00000E+00
  -19430.000       -0.30506059E+04           0.00000E+00
  -19425.000       -0.30452275E+04           0.00000E+00
  -19420.000       -0.30398552E+04           0.00000E+00
  -19415.000       -0.30344888E+04           0.00000E+00
  -19410.000       -0.30291275E+04           0.00000E+00
  -19405.000       -0.30237721E+04           0.00000E+00
  -19400.000       -0.30184228E+04           0.00000E+00
  -19395.000       -0.30130794E+04           0.00000E+00
  -19390.000       -0.30077431E+04           0.00000E+00
  -19385.000       -0.30024117E+04           0.00000E+00
  -19380.000       -0.29970864E+04           0.00000E+00
  -19375.000       -0.29917670E+04           0.00000E+00
  -19370.000       -0.29864527E+04           0.00000E+00
  -19365.000       -0.29811453E+04           0.00000E+00
  -19360.000       -0.29758439E+04           0.00000E+00
  -19355.000       -0.29705476E+04           0.00000E+00
  -19350.000       -0.29652572E+04           0.00000E+00
  -19345.000       -0.29599729E+04           0.00000E+00
  -19340.000       -0.29546945E+04           0.00000E+00
  -19335.000       -0.29494212E+04           0.00000E+00
  -19330.000       -0.29441558E+04           0.00000E+00
  -19325.000       -0.29388955E+04           0.00000E+00
  -19320.000       -0.29336391E+04           0.00000E+00
  -19315.000       -0.29283898E+04           0.00000E+00
  -19310.000       -0.29231454E+04           0.00000E+00
  -19305.000       -0.29179081E+04           0.00000E+00
  -19300.000       -0.29126777E+04           0.00000E+00
  -19295.000       -0.29074514E+04           0.00000E+00
  -19290.000       -0.29022300E+04           0.00000E+00
  -19285.000       -0.28970147E+04           0.00000E+00
  -19280.000       -0.28918083E+04           0.00000E+00
  -19275.000       -0.28866060E+04           0.00000E+00
  -19270.000       -0.28814086E+04           0.00000E+00
  -19265.000       -0.28762183E+04           0.00000E+00
  -19260.000       -0.28710309E+04           0.00000E+00
  -19255.000       -0.28658516E+04           0.00000E+00
  -19250.000       -0.28606792E+04           0.00000E+00
  -19245.000       -0.28555099E+04           0.00000E+00
  -19240.000       -0.28503475E+04           0.00000E+00
  -19235.000       -0.28451902E+04           0.00000E+00
  -19230.000       -0.28400388E+04           0.00000E+00
  -19225.000       -0.28348944E+04           0.00000E+00
  -19220.000       -0.28297551E+04           0.00000E+00
  -19215.000       -0.28246227E+04           0.00000E+00
  -19210.000       -0.28194954E+04           0.00000E+00
  -19205.000       -0.28143720E+04           0.00000E+00
  -19200.000       -0.28092557E+04           0.00000E+00
  -19195.000       -0.28041453E+04           0.00000E+00
  -19190.000       -0.27990410E+04           0.00000E+00
  -19185.000       -0.27939406E+04           0.00000E+00
  -19180.000       -0.27888473E+04           0.00000E+00
  -19175.000       -0.27837599E+04           0.00000E+00
  -19170.000       -0.27786786E+04           0.00000E+00
  -19165.000       -0.27736012E+04           0.00000E+00
  -19160.000       -0.27685309E+04           0.00000E+00
  -19155.000       -0.27634665E+04           0.00000E+00
  -19150.000       -0.27584072E+04           0.00000E+00
  -19145.000       -0.27533528E+04           0.00000E+00
  -19140.000       -0.27483055E+04           0.00000E+00
  -19135.000       -0.27432621E+04           0.00000E+00
  -19130.000       -0.27382268E+04           0.00000E+00
  -19125.000       -0.27331954E+04           0.00000E+00
  -19120.000       -0.27281711E+04           0.00000E+00
  -19115.000       -0.27231507E+04           0.00000E+00
  -19110.000       -0.27181364E+04           0.00000E+00
  -19105.000       -0.27131300E+04           0.00000E+00
  -19100.000       -0.27081257E+04           0.00000E+00
  -19095.000       -0.27031283E+04           0.00000E+00
  -19090.000       -0.26981379E+04           0.00000E+00
  -19085.000       -0.26931516E+04           0.00000E+00
  -19080.000       -0.26881722E+04           0.00000E+00
  -19075.000       -0.26831979E+04           0.00000E+00
  -19070.000       -0.26782285E+04           0.00000E+00
  -19065.000       -0.26732662E+04           0.00000E+00
  -19060.000       -0.26683088E+04           0.00000E+00
  -19055.000       -0.26633555E+04           0.00000E+00
  -19050.000       -0.26584091E+04           0.00000E+00
  -19045.000       -0.26534688E+04           0.00000E+00
  -19040.000       -0.26485334E+04           0.00000E+00
  -19035.000       -0.26436031E+04           0.00000E+00
  -19030.000       -0.26386807E+04           0.00000E+00
  -19025.000       -0.26337614E+04           0.00000E+00
  -19020.000       -0.26288490E+04           0.00000E+00
  -19015.000       -0.26239417E+04           0.00000E+00
  -19010.000       -0.26190393E+04           0.00000E+00
  -19005.000       -0.26141440E+04           0.00000E+00
  -19000.000       -0.26092536E+04           0.00000E+00
  -18995.000       -0.26043683E+04           0.00000E+00
  -18990.000       -0.25994889E+04           0.00000E+00
  -18985.000       -0.25946156E+04           0.00000E+00
  -18980.000       -0.25897462E+04           0.00000E+00
  -18975.000       -0.25848839E+04           0.00000E+00
  -18970.000       -0.25800265E+04           0.00000E+00
  -18965.000       -0.25751752E+04           0.00000E+00
  -18960.000       -0.25703288E+04           0.00000E+00
  -18955.000       -0.25654894E+04           0.00000E+00
  -18950.000       -0.25606541E+04           0.00000E+00
  -18945.000       -0.25558237E+04           0.00000E+00
  -18940.000       -0.25510004E+04           0.00000E+00
  -18935.000       -0.25461810E+04           0.00000E+00
  -18930.000       -0.25413677E+04           0.00000E+00
  -18925.000       -0.25365603E+04           0.00000E+00
  -18920.000       -0.25317590E+04           0.00000E+00
  -18915.000       -0.25269626E+04           0.00000E+00
  -18910.000       -0.25221713E+04           0.00000E+00
  -18905.000       -0.25173859E+04           0.00000E+00
  -18900.000       -0.25126056E+04           0.00000E+00
  -18895.000       -0.25078302E+04           0.00000E+00
  -18890.000       -0.25030619E+04           0.00000E+00
  -18885.000       -0.24982985E+04           0.00000E+00
  -18880.000       -0.24935402E+04           0.00000E+00
  -18875.000       -0.24887878E+04           0.00000E+00
  -18870.000       -0.24840405E+04           0.00000E+00
  -18865.000       -0.24792991E+04           0.00000E+00
  -18860.000       -0.24745628E+04           0.00000E+00
  -18855.000       -0.24698324E+04           0.00000E+00
  -18850.000       -0.24651061E+04           0.00000E+00
  -18845.000       -0.24603857E+04           0.00000E+00
  -18840.000       -0.24556714E+04           0.00000E+00
  -18835.000       -0.24509630E+04           0.00000E+00
  -18830.000       -0.24462587E+04           0.00000E+00
  -18825.000       -0.24415603E+04           0.00000E+00
  -18820.000       -0.24368679E+04           0.00000E+00
  -18815.000       -0.24321806E+04           0.00000E+00
  -18810.000       -0.24274992E+04           0.00000E+00
  -18805.000       -0.24228229E+04           0.00000E+00
  -18800.000       -0.24181525E+04           0.00000E+00
  -18795.000       -0.24134862E+04           0.00000E+00
  -18790.000       -0.24088258E+04           0.00000E+00
  -18785.000       -0.24041705E+04           0.00000E+00
  -18780.000       -0.23995211E+04           0.00000E+00
  -18775.000       -0.23948778E+04           0.00000E+00
  -18770.000       -0.23902394E+04           0.00000E+00
  -18765.000       -0.23856061E+04           0.00000E+00
  -18760.000       -0.23809787E+04           0.00000E+00
  -18755.000       -0.23763564E+04           0.00000E+00
  -18750.000       -0.23717390E+04           0.00000E+00
  -18745.000       -0.23671267E+04           0.00000E+00
  -18740.000       -0.23625213E+04           0.00000E+00
  -18735.000       -0.23579200E+04           0.00000E+00
  -18730.000       -0.23533256E+04           0.00000E+00
  -18725.000       -0.23487343E+04           0.00000E+00
  -18720.000       -0.23441499E+04           0.00000E+00
  -18715.000       -0.23395696E+04           0.00000E+00
  -18710.000       -0.23349962E+04           0.00000E+00
  -18705.000       -0.23304269E+04           0.00000E+00
  -18700.000       -0.23258645E+04           0.00000E+00
  -18695.000       -0.23213062E+04           0.00000E+00
  -18690.000       -0.23167528E+04           0.00000E+00
  -18685.000       -0.23122064E+04           0.00000E+00
  -18680.000       -0.23076631E+04           0.00000E+00
  -18675.000       -0.23031257E+04           0.00000E+00
  -18670.000       -0.22985944E+04           0.00000E+00
  -18665.000       -0.22940690E+04           0.00000E+00
  -18660.000       -0.22895477E+04           0.00000E+00
  -18655.000       -0.22850333E+04           0.00000E+00
  -18650.000       -0.22805230E+04           0.00000E+00
  -18645.000       -0.22760176E+04           0.00000E+00
  -18640.000       -0.22715183E+04           0.00000E+00
  -18635.000       -0.22670239E+04           0.00000E+00
  -18630.000       -0.22625346E+04           0.00000E+00
  -18625.000       -0.22580512E+04           0.00000E+00
  -18620.000       -0.22535729E+04           0.00000E+00
  -18615.000       -0.22491005E+04           0.00000E+00
  -18610.000       -0.22446322E+04           0.00000E+00
  -18605.000       -0.22401698E+04           0.00000E+00
  -18600.000       -0.22357115E+04           0.00000E+00
  -18595.000       -0.22312601E+04           0.00000E+00
  -18590.000       -0.22268138E+04           0.00000E+00
  -18585.000       -0.22223724E+04           0.00000E+00
  -18580.000       -0.22179371E+04           0.00000E+00
  -18575.000       -0.22135067E+04           0.00000E+00
  -18570.000       -0.22090804E+04           0.00000E+00
  -18565.000       -0.22046600E+04           0.00000E+00
  -18560.000       -0.22002447E+04           0.00000E+00
  -18555.000       -0.21958343E+04           0.00000E+00
  -18550.000       -0.21914299E+04           0.00000E+00
  -18545.000       -0.21870296E+04           0.00000E+00
  -18540.000       -0.21826362E+04           0.00000E+00
  -18535.000       -0.21782469E+04           0.00000E+00
  -18530.000       -0.21738635E+04           0.00000E+00
  -18525.000       -0.21694862E+04           0.00000E+00
  -18520.000       -0.21651118E+04           0.00000E+00
  -18515.000       -0.21607445E+04           0.00000E+00
  -18510.000       -0.21563811E+04           0.00000E+00
  -18505.000       -0.21520238E+04           0.00000E+00
  -18500.000       -0.21476714E+04           0.00000E+00
  -18495.000       -0.21433241E+04           0.00000E+00
  -18490.000       -0.21389837E+04           0.00000E+00
  -18485.000       -0.21346454E+04           0.00000E+00
  -18480.000       -0.21303140E+04           0.00000E+00
  -18475.000       -0.21259877E+04           0.00000E+00
  -18470.000       -0.21216663E+04           0.00000E+00
  -18465.000       -0.21173510E+04           0.00000E+00
  -18460.000       -0.21130406E+04           0.00000E+00
  -18455.000       -0.21087343E+04           0.00000E+00
  -18450.000       -0.21044339E+04           0.00000E+00
  -18445.000       -0.21001386E+04           0.00000E+00
  -18440.000       -0.20958492E+04           0.00000E+00
  -18435.000       -0.20915639E+04           0.00000E+00
  -18430.000       -0.20872825E+04           0.00000E+00
  -18425.000       -0.20830082E+04           0.00000E+00
  -18420.000       -0.20787398E+04           0.00000E+00
  -18415.000       -0.20744764E+04           0.00000E+00
  -18410.000       -0.20702161E+04           0.00000E+00
  -18405.000       -0.20659627E+04           0.00000E+00
  -18400.000       -0.20617134E+04           0.00000E+00
  -18395.000       -0.20574700E+04           0.00000E+00
  -18390.000       -0.20532317E+04           0.00000E+00
  -18385.000       -0.20489973E+04           0.00000E+00
  -18380.000       -0.20447690E+04           0.00000E+00
  -18375.000       -0.20405466E+04           0.00000E+00
  -18370.000       -0.20363283E+04           0.00000E+00
  -18365.000       -0.20321149E+04           0.00000E+00
  -18360.000       -0.20279086E+04           0.00000E+00
  -18355.000       -0.20237052E+04           0.00000E+00
  -18350.000       -0.20195079E+04           0.00000E+00
  -18345.000       -0.20153155E+04           0.00000E+00
  -18340.000       -0.20111282E+04           0.00000E+00
  -18335.000       -0.20069458E+04           0.00000E+00
  -18330.000       -0.20027685E+04           0.00000E+00
  -18325.000       -0.19985961E+04           0.00000E+00
  -18320.000       -0.19944298E+04           0.00000E+00
  -18315.000       -0.19902674E+04           0.00000E+00
  -18310.000       -0.19861111E+04           0.00000E+00
  -18305.000       -0.19819587E+04           0.00000E+00
  -18300.000       -0.19778124E+04           0.00000E+00
  -18295.000       -0.19736710E+04           0.00000E+00
  -18290.000       -0.19695337E+04           0.00000E+00
  -18285.000       -0.19654033E+04           0.00000E+00
  -18280.000       -0.19612769E+04           0.00000E+00
  -18275.000       -0.19571556E+04           0.00000E+00
  -18270.000       -0.19530392E+04           0.00000E+00
  -18265.000       -0.19489269E+04           0.00000E+00
  -18260.000       -0.19448215E+04           0.00000E+00
  -18255.000       -0.19407202E+04           0.00000E+00
  -18250.000       -0.19366238E+04           0.00000E+00
  -18245.000       -0.19325335E+04           0.00000E+00
  -18240.000       -0.19284471E+04           0.00000E+00
  -18235.000       -0.19243668E+04           0.00000E+00
  -18230.000       -0.19202904E+04           0.00000E+00
  -18225.000       -0.19162191E+04           0.00000E+00
  -18220.000       -0.19121537E+04           0.00000E+00
  -18215.000       -0.19080924E+04           0.00000E+00
  -18210.000       -0.19040380E+04           0.00000E+00
  -18205.000       -0.18999857E+04           0.00000E+00
  -18200.000       -0.18959403E+04           0.00000E+00
  -18195.000       -0.18918990E+04           0.00000E+00
  -18190.000       -0.18878646E+04           0.00000E+00
  -18185.000       -0.18838333E+04           0.00000E+00
  -18180.000       -0.18798079E+04           0.00000E+00
  -18175.000       -0.18757866E+04           0.00000E+00
  -18170.000       -0.18717712E+04           0.00000E+00
  -18165.000       -0.18677599E+04           0.00000E+00
  -18160.000       -0.18637545E+04           0.00000E+00
  -18155.000       -0.18597532E+04           0.00000E+00
  -18150.000       -0.18557578E+04           0.00000E+00
  -18145.000       -0.18517664E+04           0.00000E+00
  -18140.000       -0.18477801E+04           0.00000E+00
  -18135.000       -0.18437997E+04           0.00000E+00
  -18130.000       -0.18398244E+04           0.00000E+00
  -18125.000       -0.18358520E+04           0.00000E+00
  -18120.000       -0.18318867E+04           0.00000E+00
  -18115.000       -0.18279253E+04           0.00000E+00
  -18110.000       -0.18239690E+04           0.00000E+00
  -18105.000       -0.18200176E+04           0.00000E+00
  -18100.000       -0.18160713E+04           0.00000E+00
  -18095.000       -0.18121309E+04           0.00000E+00
  -18090.000       -0.18081936E+04           0.00000E+00
  -18085.000       -0.18042622E+04           0.00000E+00
  -18080.000       -0.18003349E+04           0.00000E+00
  -18075.000       -0.17964145E+04           0.00000E+00
  -18070.000       -0.17924972E+04           0.00000E+00
  -18065.000       -0.17885858E+04           0.00000E+00
  -18060.000       -0.17846785E+04           0.00000E+00
  -18055.000       -0.17807771E+04           0.00000E+00
  -18050.000       -0.17768788E+04           0.00000E+00
  -18045.000       -0.17729864E+04           0.00000E+00
  -18040.000       -0.17691011E+04           0.00000E+00
  -18035.000       -0.17652177E+04           0.00000E+00
  -18030.000       -0.17613404E+04           0.00000E+00
  -18025.000       -0.17574680E+04           0.00000E+00
  -18020.000       -0.17536007E+04           0.00000E+00
  -18015.000       -0.17497373E+04           0.00000E+00
  -18010.000       -0.17458789E+04           0.00000E+00
  -18005.000       -0.17420266E+04           0.00000E+00
  -18000.000       -0.17381782E+04           0.00000E+00
  -17995.000       -0.17343349E+04           0.00000E+00
  -17990.000       -0.17304965E+04           0.00000E+00
  -17985.000       -0.17266622E+04           0.00000E+00
  -17980.000       -0.17228338E+04           0.00000E+00
  -17975.000       -0.17190095E+04           0.00000E+00
  -17970.000       -0.17151901E+04           0.00000E+00
  -17965.000       -0.17113768E+04           0.00000E+00
  -17960.000       -0.17075674E+04           0.00000E+00
  -17955.000       -0.17037631E+04           0.00000E+00
  -17950.000       -0.16999637E+04           0.00000E+00
  -17945.000       -0.16961684E+04           0.00000E+00
  -17940.000       -0.16923780E+04           0.00000E+00
  -17935.000       -0.16885937E+04           0.00000E+00
  -17930.000       -0.16848143E+04           0.00000E+00
  -17925.000       -0.16810370E+04           0.00000E+00
  -17920.000       -0.16772666E+04           0.00000E+00
  -17915.000       -0.16735003E+04           0.00000E+00
  -17910.000       -0.16697399E+04           0.00000E+00
  -17905.000       -0.16659836E+04           0.00000E+00
  -17900.000       -0.16622322E+04           0.00000E+00
  -17895.000       -0.16584859E+04           0.00000E+00
  -17890.000       -0.16547445E+04           0.00000E+00
  -17885.000       -0.16510071E+04           0.00000E+00
  -17880.000       -0.16472748E+04           0.00000E+00
  -17875.000       -0.16435464E+04           0.00000E+00
  -17870.000       -0.16398251E+04           0.00000E+00
  -17865.000       -0.16361067E+04           0.00000E+00
  -17860.000       -0.16323944E+04           0.00000E+00
  -17855.000       -0.16286850E+04           0.00000E+00
  -17850.000       -0.16249807E+04           0.00000E+00
  -17845.000       -0.16212823E+04           0.00000E+00
  -17840.000       -0.16175890E+04           0.00000E+00
  -17835.000       -0.16138996E+04           0.00000E+00
  -17830.000       -0.16102153E+04           0.00000E+00
  -17825.000       -0.16065349E+04           0.00000E+00
  -17820.000       -0.16028606E+04           0.00000E+00
  -17815.000       -0.15991902E+04           0.00000E+00
  -17810.000       -0.15955249E+04           0.00000E+00
  -17805.000       -0.15918635E+04           0.00000E+00
  -17800.000       -0.15882072E+04           0.00000E+00
  -17795.000       -0.15845568E+04           0.00000E+00
  -17790.000       -0.15809095E+04           0.00000E+00
  -17785.000       -0.15772671E+04           0.00000E+00
  -17780.000       -0.15736308E+04           0.00000E+00
  -17775.000       -0.15699984E+04           0.00000E+00
  -17770.000       -0.15663711E+04           0.00000E+00
  -17765.000       -0.15627477E+04           0.00000E+00
  -17760.000       -0.15591294E+04           0.00000E+00
  -17755.000       -0.15555160E+04           0.00000E+00
  -17750.000       -0.15519066E+04           0.00000E+00
  -17745.000       -0.15483033E+04           0.00000E+00
  -17740.000       -0.15447029E+04           0.00000E+00
  -17735.000       -0.15411086E+04           0.00000E+00
  -17730.000       -0.15375182E+04           0.00000E+00
  -17725.000       -0.15339329E+04           0.00000E+00
  -17720.000       -0.15303525E+04           0.00000E+00
  -17715.000       -0.15267772E+04           0.00000E+00
  -17710.000       -0.15232048E+04           0.00000E+00
  -17705.000       -0.15196395E+04           0.00000E+00
  -17700.000       -0.15160771E+04           0.00000E+00
  -17695.000       -0.15125188E+04           0.00000E+00
  -17690.000       -0.15089664E+04           0.00000E+00
  -17685.000       -0.15054181E+04           0.00000E+00
  -17680.000       -0.15018757E+04           0.00000E+00
  -17675.000       -0.14983364E+04           0.00000E+00
  -17670.000       -0.14948020E+04           0.00000E+00
  -17665.000       -0.14912737E+04           0.00000E+00
  -17660.000       -0.14877483E+04           0.00000E+00
  -17655.000       -0.14842280E+04           0.00000E+00
  -17650.000       -0.14807126E+04           0.00000E+00
  -17645.000       -0.14772013E+04           0.00000E+00
  -17640.000       -0.14736949E+04           0.00000E+00
  -17635.000       -0.14701936E+04           0.00000E+00
  -17630.000       -0.14666972E+04           0.00000E+00
  -17625.000       -0.14632049E+04           0.00000E+00
  -17620.000       -0.14597165E+04           0.00000E+00
  -17615.000       -0.14562331E+04           0.00000E+00
  -17610.000       -0.14527548E+04           0.00000E+00
  -17605.000       -0.14492814E+04           0.00000E+00
  -17600.000       -0.14458121E+04           0.00000E+00
  -17595.000       -0.14423467E+04           0.00000E+00
  -17590.000       -0.14388874E+04           0.00000E+00
  -17585.000       -0.14354320E+04           0.00000E+00
  -17580.000       -0.14319797E+04           0.00000E+00
  -17575.000       -0.14285343E+04           0.00000E+00
  -17570.000       -0.14250920E+04           0.00000E+00
  -17565.000       -0.14216546E+04           0.00000E+00
  -17560.000       -0.14182233E+04           0.00000E+00
  -17555.000       -0.14147939E+04           0.00000E+00
  -17550.000       -0.14113716E+04           0.00000E+00
  -17545.000       -0.14079522E+04           0.00000E+00
  -17540.000       -0.14045379E+04           0.00000E+00
  -17535.000       -0.14011285E+04           0.00000E+00
  -17530.000       -0.13977232E+04           0.00000E+00
  -17525.000       -0.13943218E+04           0.00000E+00
  -17520.000       -0.13909265E+04           0.00000E+00
  -17515.000       -0.13875341E+04           0.00000E+00
  -17510.000       -0.13841478E+04           0.00000E+00
  -17505.000       -0.13807654E+04           0.00000E+00
  -17500.000       -0.13773871E+04           0.00000E+00
  -17495.000       -0.13740137E+04           0.00000E+00
  -17490.000       -0.13706454E+04           0.00000E+00
  -17485.000       -0.13672810E+04           0.00000E+00
  -17480.000       -0.13639206E+04           0.00000E+00
  -17475.000       -0.13605653E+04           0.00000E+00
  -17470.000       -0.13572149E+04           0.00000E+00
  -17465.000       -0.13538686E+04           0.00000E+00
  -17460.000       -0.13505272E+04           0.00000E+00
  -17455.000       -0.13471899E+04           0.00000E+00
  -17450.000       -0.13438575E+04           0.00000E+00
  -17445.000       -0.13405282E+04           0.00000E+00
  -17440.000       -0.13372048E+04           0.00000E+00
  -17435.000       -0.13338855E+04           0.00000E+00
  -17430.000       -0.13305711E+04           0.00000E+00
  -17425.000       -0.13272608E+04           0.00000E+00
  -17420.000       -0.13239554E+04           0.00000E+00
  -17415.000       -0.13206541E+04           0.00000E+00
  -17410.000       -0.13173577E+04           0.00000E+00
  -17405.000       -0.13140644E+04           0.00000E+00
  -17400.000       -0.13107770E+04           0.00000E+00
  -17395.000       -0.13074927E+04           0.00000E+00
  -17390.000       -0.13042153E+04           0.00000E+00
  -17385.000       -0.13009400E+04           0.00000E+00
  -17380.000       -0.12976706E+04           0.00000E+00
  -17375.000       -0.12944043E+04           0.00000E+00
  -17370.000       -0.12911439E+04           0.00000E+00
  -17365.000       -0.12878866E+04           0.00000E+00
  -17360.000       -0.12846352E+04           0.00000E+00
  -17355.000       -0.12813869E+04           0.00000E+00
  -17350.000       -0.12781435E+04           0.00000E+00
  -17345.000       -0.12749051E+04           0.00000E+00
  -17340.000       -0.12716708E+04           0.00000E+00
  -17335.000       -0.12684414E+04           0.00000E+00
  -17330.000       -0.12652151E+04           0.00000E+00
  -17325.000       -0.12619937E+04           0.00000E+00
  -17320.000       -0.12587774E+04           0.00000E+00
  -17315.000       -0.12555650E+04           0.00000E+00
  -17310.000       -0.12523577E+04           0.00000E+00
  -17305.000       -0.12491543E+04           0.00000E+00
  -17300.000       -0.12459550E+04           0.00000E+00
  -17295.000       -0.12427596E+04           0.00000E+00
  -17290.000       -0.12395703E+04           0.00000E+00
  -17285.000       -0.12363849E+04           0.00000E+00
  -17280.000       -0.12332036E+04           0.00000E+00
  -17275.000       -0.12300262E+04           0.00000E+00
  -17270.000       -0.12268529E+04           0.00000E+00
  -17265.000       -0.12236855E+04           0.00000E+00
  -17260.000       -0.12205212E+04           0.00000E+00
  -17255.000       -0.12173618E+04           0.00000E+00
  -17250.000       -0.12142075E+04           0.00000E+00
  -17245.000       -0.12110561E+04           0.00000E+00
  -17240.000       -0.12079108E+04           0.00000E+00
  -17235.000       -0.12047684E+04           0.00000E+00
  -17230.000       -0.12016311E+04           0.00000E+00
  -17225.000       -0.11984977E+04           0.00000E+00
  -17220.000       -0.11953694E+04           0.00000E+00
  -17215.000       -0.11922450E+04           0.00000E+00
  -17210.000       -0.11891236E+04           0.00000E+00
  -17205.000       -0.11860083E+04           0.00000E+00
  -17200.000       -0.11828969E+04           0.00000E+00
  -17195.000       -0.11797896E+04           0.00000E+00
  -17190.000       -0.11766872E+04           0.00000E+00
  -17185.000       -0.11735899E+04           0.00000E+00
  -17180.000       -0.11704955E+04           0.00000E+00
  -17175.000       -0.11674052E+04           0.00000E+00
  -17170.000       -0.11643198E+04           0.00000E+00
  -17165.000       -0.11612395E+04           0.00000E+00
  -17160.000       -0.11581621E+04           0.00000E+00
  -17155.000       -0.11550898E+04           0.00000E+00
  -17150.000       -0.11520214E+04           0.00000E+00
  -17145.000       -0.11489581E+04           0.00000E+00
  -17140.000       -0.11458987E+04           0.00000E+00
  -17135.000       -0.11428434E+04           0.00000E+00
  -17130.000       -0.11397930E+04           0.00000E+00
  -17125.000       -0.11367467E+04           0.00000E+00
  -17120.000       -0.11337043E+04           0.00000E+00
  -17115.000       -0.11306660E+04           0.00000E+00
  -17110.000       -0.11276326E+04           0.00000E+00
  -17105.000       -0.11246033E+04           0.00000E+00
  -17100.000       -0.11215789E+04           0.00000E+00
  -17095.000       -0.11185576E+04           0.00000E+00
  -17090.000       -0.11155412E+04           0.00000E+00
  -17085.000       -0.11125299E+04           0.00000E+00
  -17080.000       -0.11095215E+04           0.00000E+00
  -17075.000       -0.11065181E+04           0.00000E+00
  -17070.000       -0.11035188E+04           0.00000E+00
  -17065.000       -0.11005234E+04           0.00000E+00
  -17060.000       -0.10975331E+04           0.00000E+00
  -17055.000       -0.10945467E+04           0.00000E+00
  -17050.000       -0.10915644E+04           0.00000E+00
  -17045.000       -0.10885860E+04           0.00000E+00
  -17040.000       -0.10856127E+04           0.00000E+00
  -17035.000       -0.10826423E+04           0.00000E+00
  -17030.000       -0.10796780E+04           0.00000E+00
  -17025.000       -0.10767166E+04           0.00000E+00
  -17020.000       -0.10737603E+04           0.00000E+00
  -17015.000       -0.10708079E+04           0.00000E+00
  -17010.000       -0.10678596E+04           0.00000E+00
  -17005.000       -0.10649152E+04           0.00000E+00
  -17000.000       -0.10619759E+04           0.00000E+00
  -16995.000       -0.10590405E+04           0.00000E+00
  -16990.000       -0.10561092E+04           0.00000E+00
  -16985.000       -0.10531828E+04           0.00000E+00
  -16980.000       -0.10502595E+04           0.00000E+00
  -16975.000       -0.10473401E+04           0.00000E+00
  -16970.000       -0.10444258E+04           0.00000E+00
  -16965.000       -0.10415164E+04           0.00000E+00
  -16960.000       -0.10386101E+04           0.00000E+00
  -16955.000       -0.10357077E+04           0.00000E+00
  -16950.000       -0.10328104E+04           0.00000E+00
  -16945.000       -0.10299170E+04           0.00000E+00
  -16940.000       -0.10270276E+04           0.00000E+00
  -16935.000       -0.10241433E+04           0.00000E+00
  -16930.000       -0.10212629E+04           0.00000E+00
  -16925.000       -0.10183856E+04           0.00000E+00
  -16920.000       -0.10155132E+04           0.00000E+00
  -16915.000       -0.10126459E+04           0.00000E+00
  -16910.000       -0.10097805E+04           0.00000E+00
  -16905.000       -0.10069212E+04           0.00000E+00
  -16900.000       -0.10040658E+04           0.00000E+00
  -16895.000       -0.10012145E+04           0.00000E+00
  -16890.000       -0.99836713E+03           0.00000E+00
  -16885.000       -0.99552378E+03           0.00000E+00
  -16880.000       -0.99268443E+03           0.00000E+00
  -16875.000       -0.98985007E+03           0.00000E+00
  -16870.000       -0.98701972E+03           0.00000E+00
  -16865.000       -0.98419237E+03           0.00000E+00
  -16860.000       -0.98137102E+03           0.00000E+00
  -16855.000       -0.97855267E+03           0.00000E+00
  -16850.000       -0.97573832E+03           0.00000E+00
  -16845.000       -0.97292796E+03           0.00000E+00
  -16840.000       -0.97012261E+03           0.00000E+00
  -16835.000       -0.96732026E+03           0.00000E+00
  -16830.000       -0.96452391E+03           0.00000E+00
  -16825.000       -0.96172956E+03           0.00000E+00
  -16820.000       -0.95894120E+03           0.00000E+00
  -16815.000       -0.95615585E+03           0.00000E+00
  -16810.000       -0.95337450E+03           0.00000E+00
  -16805.000       -0.95059815E+03           0.00000E+00
  -16800.000       -0.94782480E+03           0.00000E+00
  -16795.000       -0.94505745E+03           0.00000E+00
  -16790.000       -0.94229209E+03           0.00000E+00
  -16785.000       -0.93953174E+03           0.00000E+00
  -16780.000       -0.93677539E+03           0.00000E+00
  -16775.000       -0.93402404E+03           0.00000E+00
  -16770.000       -0.93127569E+03           0.00000E+00
  -16765.000       -0.92853133E+03           0.00000E+00
  -16760.000       -0.92579098E+03           0.00000E+00
  -16755.000       -0.92305563E+03           0.00000E+00
  -16750.000       -0.92032428E+03           0.00000E+00
  -16745.000       -0.91759693E+03           0.00000E+00
  -16740.000       -0.91487357E+03           0.00000E+00
  -16735.000       -0.91215422E+03           0.00000E+00
  -16730.000       -0.90943787E+03           0.00000E+00
  -16725.000       -0.90672652E+03           0.00000E+00
  -16720.000       -0.90402017E+03           0.00000E+00
  -16715.000       -0.90131682E+03           0.00000E+00
  -16710.000       -0.89861746E+03           0.00000E+00
  -16705.000       -0.89592311E+03           0.00000E+00
  -16700.000       -0.89323176E+03           0.00000E+00
  -16695.000       -0.89054541E+03           0.00000E+00
  -16690.000       -0.88786206E+03           0.00000E+00
  -16685.000       -0.88518370E+03           0.00000E+00
  -16680.000       -0.88250835E+03           0.00000E+00
  -16675.000       -0.87983800E+03           0.00000E+00
  -16670.000       -0.87717165E+03           0.00000E+00
  -16665.000       -0.87450930E+03           0.00000E+00
  -16660.000       -0.87185095E+03           0.00000E+00
  -16655.000       -0.86919559E+03           0.00000E+00
  -16650.000       -0.86654624E+03           0.00000E+00
  -16645.000       -0.86389889E+03           0.00000E+00
  -16640.000       -0.86125754E+03           0.00000E+00
  -16635.000       -0.85861919E+03           0.00000E+00
  -16630.000       -0.85598483E+03           0.00000E+00
  -16625.000       -0.85335448E+03           0.00000E+00
  -16620.000       -0.85072813E+03           0.00000E+00
  -16615.000       -0.84810578E+03           0.00000E+00
  -16610.000       -0.84548843E+03           0.00000E+00
  -16605.000       -0.84287307E+03           0.00000E+00
  -16600.000       -0.84026372E+03           0.00000E+00
  -16595.000       -0.83765737E+03           0.00000E+00
  -16590.000       -0.83505502E+03           0.00000E+00
  -16585.000       -0.83245667E+03           0.00000E+00
  -16580.000       -0.82986232E+03           0.00000E+00
  -16575.000       -0.82727196E+03           0.00000E+00
  -16570.000       -0.82468561E+03           0.00000E+00
  -16565.000       -0.82210326E+03           0.00000E+00
  -16560.000       -0.81952591E+03           0.00000E+00
  -16555.000       -0.81695056E+03           0.00000E+00
  -16550.000       -0.81438020E+03           0.00000E+00
  -16545.000       -0.81181485E+03           0.00000E+00
  -16540.000       -0.80925250E+03           0.00000E+00
  -16535.000       -0.80669415E+03           0.00000E+00
  -16530.000       -0.80413980E+03           0.00000E+00
  -16525.000       -0.80158844E+03           0.00000E+00
  -16520.000       -0.79904309E+03           0.00000E+00
  -16515.000       -0.79650074E+03           0.00000E+00
  -16510.000       -0.79396139E+03           0.00000E+00
  -16505.000       -0.79142704E+03           0.00000E+00
  -16500.000       -0.78889669E+03           0.00000E+00
  -16495.000       -0.78637033E+03           0.00000E+00
  -16490.000       -0.78384698E+03           0.00000E+00
  -16485.000       -0.78132863E+03           0.00000E+00
  -16480.000       -0.77881328E+03           0.00000E+00
  -16475.000       -0.77630293E+03           0.00000E+00
  -16470.000       -0.77379557E+03           0.00000E+00
  -16465.000       -0.77129322E+03           0.00000E+00
  -16460.000       -0.76879387E+03           0.00000E+00
  -16455.000       -0.76629852E+03           0.00000E+00
  -16450.000       -0.76380817E+03           0.00000E+00
  -16445.000       -0.76131982E+03           0.00000E+00
  -16440.000       -0.75883646E+03           0.00000E+00
  -16435.000       -0.75635711E+03           0.00000E+00
  -16430.000       -0.75388076E+03           0.00000E+00
  -16425.000       -0.75140941E+03           0.00000E+00
  -16420.000       -0.74894206E+03           0.00000E+00
  -16415.000       -0.74647770E+03           0.00000E+00
  -16410.000       -0.74401835E+03           0.00000E+00
  -16405.000       -0.74156200E+03           0.00000E+00
  -16400.000       -0.73910965E+03           0.00000E+00
  -16395.000       -0.73666130E+03           0.00000E+00
  -16390.000       -0.73421694E+03           0.00000E+00
  -16385.000       -0.73177659E+03           0.00000E+00
  -16380.000       -0.72934024E+03           0.00000E+00
  -16375.000       -0.72690789E+03           0.00000E+00
  -16370.000       -0.72447854E+03           0.00000E+00
  -16365.000       -0.72205319E+03           0.00000E+00
  -16360.000       -0.71963283E+03           0.00000E+00
  -16355.000       -0.71721548E+03           0.00000E+00
  -16350.000       -0.71480113E+03           0.00000E+00
  -16345.000       -0.71239178E+03           0.00000E+00
  -16340.000       -0.70998643E+03           0.00000E+00
  -16335.000       -0.70758507E+03           0.00000E+00
  -16330.000       -0.70518672E+03           0.00000E+00
  -16325.000       -0.70279337E+03           0.00000E+00
  -16320.000       -0.70040202E+03           0.00000E+00
  -16315.000       -0.69801567E+03           0.00000E+00
  -16310.000       -0.69563432E+03           0.00000E+00
  -16305.000       -0.69325496E+03           0.00000E+00
  -16300.000       -0.69088061E+03           0.00000E+00
  -16295.000       -0.68850926E+03           0.00000E+00
  -16290.000       -0.68614191E+03           0.00000E+00
  -16285.000       -0.68377856E+03           0.00000E+00
  -16280.000       -0.68141920E+03           0.00000E+00
  -16275.000       -0.67906285E+03           0.00000E+00
  -16270.000       -0.67671150E+03           0.00000E+00
  -16265.000       -0.67436315E+03           0.00000E+00
  -16260.000       -0.67201880E+03           0.00000E+00
  -16255.000       -0.66967944E+03           0.00000E+00
  -16250.000       -0.66734209E+03           0.00000E+00
  -16245.000       -0.66500974E+03           0.00000E+00
  -16240.000       -0.66268039E+03           0.00000E+00
  -16235.000       -0.66035504E+03           0.00000E+00
  -16230.000       -0.65803369E+03           0.00000E+00
  -16225.000       -0.65571633E+03           0.00000E+00
  -16220.000       -0.65340298E+03           0.00000E+00
  -16215.000       -0.65109263E+03           0.00000E+00
  -16210.000       -0.64878628E+03           0.00000E+00
  -16205.000       -0.64648393E+03           0.00000E+00
  -16200.000       -0.64418557E+03           0.00000E+00
  -16195.000       -0.64189122E+03           0.00000E+00
  -16190.000       -0.63959987E+03           0.00000E+00
  -16185.000       -0.63731252E+03           0.00000E+00
  -16180.000       -0.63502917E+03           0.00000E+00
  -16175.000       -0.63274881E+03           0.00000E+00
  -16170.000       -0.63047246E+03           0.00000E+00
  -16165.000       -0.62820011E+03           0.00000E+00
  -16160.000       -0.62593176E+03           0.00000E+00
  -16155.000       -0.62366741E+03           0.00000E+00
  -16150.000       -0.62140606E+03           0.00000E+00
  -16145.000       -0.61914870E+03           0.00000E+00
  -16140.000       -0.61689535E+03           0.00000E+00
  -16135.000       -0.61464600E+03           0.00000E+00
  -16130.000       -0.61239965E+03           0.00000E+00
  -16125.000       -0.61015830E+03           0.00000E+00
  -16120.000       -0.60791994E+03           0.00000E+00
  -16115.000       -0.60568459E+03           0.00000E+00
  -16110.000       -0.60345324E+03           0.00000E+00
  -16105.000       -0.60122589E+03           0.00000E+00
  -16100.000       -0.59900254E+03           0.00000E+00
  -16095.000       -0.59678319E+03           0.00000E+00
  -16090.000       -0.59456683E+03           0.00000E+00
  -16085.000       -0.59235448E+03           0.00000E+00
  -16080.000       -0.59014513E+03           0.00000E+00
  -16075.000       -0.58794078E+03           0.00000E+00
  -16070.000       -0.58573943E+03           0.00000E+00
  -16065.000       -0.58354207E+03           0.00000E+00
  -16060.000       -0.58134772E+03           0.00000E+00
  -16055.000       -0.57915737E+03           0.00000E+00
  -16050.000       -0.57697102E+03           0.00000E+00
  -16045.000       -0.57478867E+03           0.00000E+00
  -16040.000       -0.57261031E+03           0.00000E+00
  -16035.000       -0.57043396E+03           0.00000E+00
  -16030.000       -0.56826361E+03           0.00000E+00
  -16025.000       -0.56609426E+03           0.00000E+00
  -16020.000       -0.56392991E+03           0.00000E+00
  -16015.000       -0.56176956E+03           0.00000E+00
  -16010.000       -0.55961320E+03           0.00000E+00
  -16005.000       -0.55745985E+03           0.00000E+00
  -16000.000       -0.55530950E+03           0.00000E+00
  -15995.000       -0.55316415E+03           0.00000E+00
  -15990.000       -0.55102180E+03           0.00000E+00
  -15985.000       -0.54888344E+03           0.00000E+00
  -15980.000       -0.54674809E+03           0.00000E+00
  -15975.000       -0.54461674E+03           0.00000E+00
  -15970.000       -0.54248939E+03           0.00000E+00
  -15965.000       -0.54036504E+03           0.00000E+00
  -15960.000       -0.53824469E+03           0.00000E+00
  -15955.000       -0.53612833E+03           0.00000E+00
  -15950.000       -0.53401498E+03           0.00000E+00
  -15945.000       -0.53190563E+03           0.00000E+00
  -15940.000       -0.52980028E+03           0.00000E+00
  -15935.000       -0.52769793E+03           0.00000E+00
  -15930.000       -0.52559957E+03           0.00000E+00
  -15925.000       -0.52350422E+03           0.00000E+00
  -15920.000       -0.52141387E+03           0.00000E+00
  -15915.000       -0.51932552E+03           0.00000E+00
  -15910.000       -0.51724217E+03           0.00000E+00
  -15905.000       -0.51516181E+03           0.00000E+00
  -15900.000       -0.51308446E+03           0.00000E+00
  -15895.000       -0.51101111E+03           0.00000E+00
  -15890.000       -0.50894176E+03           0.00000E+00
  -15885.000       -0.50687641E+03           0.00000E+00
  -15880.000       -0.50481406E+03           0.00000E+00
  -15875.000       -0.50275470E+03           0.00000E+00
  -15870.000       -0.50070035E+03           0.00000E+00
  -15865.000       -0.49864800E+03           0.00000E+00
  -15860.000       -0.49660065E+03           0.00000E+00
  -15855.000       -0.49455630E+03           0.00000E+00
  -15850.000       -0.49251594E+03           0.00000E+00
  -15845.000       -0.49047859E+03           0.00000E+00
  -15840.000       -0.48844524E+03           0.00000E+00
  -15835.000       -0.48641489E+03           0.00000E+00
  -15830.000       -0.48438854E+03           0.00000E+00
  -15825.000       -0.48236518E+03           0.00000E+00
  -15820.000       -0.48034683E+03           0.00000E+00
  -15815.000       -0.47833148E+03           0.00000E+00
  -15810.000       -0.47631813E+03           0.00000E+00
  -15805.000       -0.47430978E+03           0.00000E+00
  -15800.000       -0.47230543E+03           0.00000E+00
  -15795.000       -0.47030407E+03           0.00000E+00
  -15790.000       -0.46830572E+03           0.00000E+00
  -15785.000       -0.46631137E+03           0.00000E+00
  -15780.000       -0.46432102E+03           0.00000E+00
  -15775.000       -0.46233367E+03           0.00000E+00
  -15770.000       -0.46035031E+03           0.00000E+00
  -15765.000       -0.45836996E+03           0.00000E+00
  -15760.000       -0.45639361E+03           0.00000E+00
  -15755.000       -0.45442026E+03           0.00000E+00
  -15750.000       -0.45245091E+03           0.00000E+00
  -15745.000       -0.45048456E+03           0.00000E+00
  -15740.000       -0.44852220E+03           0.00000E+00
  -15735.000       -0.44656385E+03           0.00000E+00
  -15730.000       -0.44460850E+03           0.00000E+00
  -15725.000       -0.44265615E+03           0.00000E+00
  -15720.000       -0.44070780E+03           0.00000E+00
  -15715.000       -0.43876344E+03           0.00000E+00
  -15710.000       -0.43682209E+03           0.00000E+00
  -15705.000       -0.43488374E+03           0.00000E+00
  -15700.000       -0.43294939E+03           0.00000E+00
  -15695.000       -0.43101904E+03           0.00000E+00
  -15690.000       -0.42909068E+03           0.00000E+00
  -15685.000       -0.42716733E+03           0.00000E+00
  -15680.000       -0.42524798E+03           0.00000E+00
  -15675.000       -0.42333063E+03           0.00000E+00
  -15670.000       -0.42141728E+03           0.00000E+00
  -15665.000       -0.41950793E+03           0.00000E+00
  -15660.000       -0.41760157E+03           0.00000E+00
  -15655.000       -0.41569922E+03           0.00000E+00
  -15650.000       -0.41379887E+03           0.00000E+00
  -15645.000       -0.41190352E+03           0.00000E+00
  -15640.000       -0.41001117E+03           0.00000E+00
  -15635.000       -0.40812181E+03           0.00000E+00
  -15630.000       -0.40623646E+03           0.00000E+00
  -15625.000       -0.40435511E+03           0.00000E+00
  -15620.000       -0.40247676E+03           0.00000E+00
  -15615.000       -0.40060141E+03           0.00000E+00
  -15610.000       -0.39873006E+03           0.00000E+00
  -15605.000       -0.39686170E+03           0.00000E+00
  -15600.000       -0.39499735E+03           0.00000E+00
  -15595.000       -0.39313600E+03           0.00000E+00
  -15590.000       -0.39127865E+03           0.00000E+00
  -15585.000       -0.38942430E+03           0.00000E+00
  -15580.000       -0.38757294E+03           0.00000E+00
  -15575.000       -0.38572559E+03           0.00000E+00
  -15570.000       -0.38388224E+03           0.00000E+00
  -15565.000       -0.38204089E+03           0.00000E+00
  -15560.000       -0.38020454E+03           0.00000E+00
  -15555.000       -0.37837118E+03           0.00000E+00
  -15550.000       -0.37654083E+03           0.00000E+00
  -15545.000       -0.37471348E+03           0.00000E+00
  -15540.000       -0.37289113E+03           0.00000E+00
  -15535.000       -0.37107078E+03           0.00000E+00
  -15530.000       -0.36925443E+03           0.00000E+00
  -15525.000       -0.36744107E+03           0.00000E+00
  -15520.000       -0.36563172E+03           0.00000E+00
  -15515.000       -0.36382537E+03           0.00000E+00
  -15510.000       -0.36202302E+03           0.00000E+00
  -15505.000       -0.36022267E+03           0.00000E+00
  -15500.000       -0.35842731E+03           0.00000E+00
  -15495.000       -0.35663496E+03           0.00000E+00
  -15490.000       -0.35484561E+03           0.00000E+00
  -15485.000       -0.35305926E+03           0.00000E+00
  -15480.000       -0.35127691E+03           0.00000E+00
  -15475.000       -0.34949856E+03           0.00000E+00
  -15470.000       -0.34772220E+03           0.00000E+00
  -15465.000       -0.34595085E+03           0.00000E+00
  -15460.000       -0.34418150E+03           0.00000E+00
  -15455.000       -0.34241715E+03           0.00000E+00
  -15450.000       -0.34065480E+03           0.00000E+00
  -15445.000       -0.33889544E+03           0.00000E+00
  -15440.000       -0.33714109E+03           0.00000E+00
  -15435.000       -0.33538874E+03           0.00000E+00
  -15430.000       -0.33364039E+03           0.00000E+00
  -15425.000       -0.33189504E+03           0.00000E+00
  -15420.000       -0.33015368E+03           0.00000E+00
  -15415.000       -0.32841533E+03           0.00000E+00
  -15410.000       -0.32667998E+03           0.00000E+00
  -15405.000       -0.32494823E+03           0.00000E+00
  -15400.000       -0.32321988E+03           0.00000E+00
  -15395.000       -0.32149523E+03           0.00000E+00
  -15390.000       -0.31977327E+03           0.00000E+00
  -15385.000       -0.31805512E+03           0.00000E+00
  -15380.000       -0.31634017E+03           0.00000E+00
  -15375.000       -0.31462862E+03           0.00000E+00
  -15370.000       -0.31292057E+03           0.00000E+00
  -15365.000       -0.31121561E+03           0.00000E+00
  -15360.000       -0.30951386E+03           0.00000E+00
  -15355.000       -0.30781601E+03           0.00000E+00
  -15350.000       -0.30612106E+03           0.00000E+00
  -15345.000       -0.30442981E+03           0.00000E+00
  -15340.000       -0.30274165E+03           0.00000E+00
  -15335.000       -0.30105660E+03           0.00000E+00
  -15330.000       -0.29937505E+03           0.00000E+00
  -15325.000       -0.29769690E+03           0.00000E+00
  -15320.000       -0.29602195E+03           0.00000E+00
  -15315.000       -0.29435050E+03           0.00000E+00
  -15310.000       -0.29268204E+03           0.00000E+00
  -15305.000       -0.29101729E+03           0.00000E+00
  -15300.000       -0.28935584E+03           0.00000E+00
  -15295.000       -0.28769739E+03           0.00000E+00
  -15290.000       -0.28604244E+03           0.00000E+00
  -15285.000       -0.28439068E+03           0.00000E+00
  -15280.000       -0.28274223E+03           0.00000E+00
  -15275.000       -0.28109708E+03           0.00000E+00
  -15270.000       -0.27945543E+03           0.00000E+00
  -15265.000       -0.27781668E+03           0.00000E+00
  -15260.000       -0.27618163E+03           0.00000E+00
  -15255.000       -0.27454967E+03           0.00000E+00
  -15250.000       -0.27292102E+03           0.00000E+00
  -15245.000       -0.27129587E+03           0.00000E+00
  -15240.000       -0.26967362E+03           0.00000E+00
  -15235.000       -0.26805517E+03           0.00000E+00
  -15230.000       -0.26643951E+03           0.00000E+00
  -15225.000       -0.26482706E+03           0.00000E+00
  -15220.000       -0.26321821E+03           0.00000E+00
  -15215.000       -0.26161296E+03           0.00000E+00
  -15210.000       -0.26001021E+03           0.00000E+00
  -15205.000       -0.25841145E+03           0.00000E+00
  -15200.000       -0.25681520E+03           0.00000E+00
  -15195.000       -0.25522255E+03           0.00000E+00
  -15190.000       -0.25363350E+03           0.00000E+00
  -15185.000       -0.25204735E+03           0.00000E+00
  -15180.000       -0.25046460E+03           0.00000E+00
  -15175.000       -0.24888484E+03           0.00000E+00
  -15170.000       -0.24730859E+03           0.00000E+00
  -15165.000       -0.24573544E+03           0.00000E+00
  -15160.000       -0.24416559E+03           0.00000E+00
  -15155.000       -0.24259874E+03           0.00000E+00
  -15150.000       -0.24103558E+03           0.00000E+00
  -15145.000       -0.23947543E+03           0.00000E+00
  -15140.000       -0.23791878E+03           0.00000E+00
  -15135.000       -0.23636483E+03           0.00000E+00
  -15130.000       -0.23481458E+03           0.00000E+00
  -15125.000       -0.23326723E+03           0.00000E+00
  -15120.000       -0.23172327E+03           0.00000E+00
  -15115.000       -0.23018262E+03           0.00000E+00
  -15110.000       -0.22864537E+03           0.00000E+00
  -15105.000       -0.22711072E+03           0.00000E+00
  -15100.000       -0.22557987E+03           0.00000E+00
  -15095.000       -0.22405211E+03           0.00000E+00
  -15090.000       -0.22252746E+03           0.00000E+00
  -15085.000       -0.22100601E+03           0.00000E+00
  -15080.000       -0.21948766E+03           0.00000E+00
  -15075.000       -0.21797251E+03           0.00000E+00
  -15070.000       -0.21646045E+03           0.00000E+00
  -15065.000       -0.21495220E+03           0.00000E+00
  -15060.000       -0.21344665E+03           0.00000E+00
  -15055.000       -0.21194430E+03           0.00000E+00
  -15050.000       -0.21044535E+03           0.00000E+00
  -15045.000       -0.20894950E+03           0.00000E+00
  -15040.000       -0.20745704E+03           0.00000E+00
  -15035.000       -0.20596759E+03           0.00000E+00
  -15030.000       -0.20448114E+03           0.00000E+00
  -15025.000       -0.20299799E+03           0.00000E+00
  -15020.000       -0.20151794E+03           0.00000E+00
  -15015.000       -0.20004108E+03           0.00000E+00
  -15010.000       -0.19856733E+03           0.00000E+00
  -15005.000       -0.19709718E+03           0.00000E+00
  -15000.000       -0.19563003E+03           0.00000E+00
  -14995.000       -0.19416598E+03           0.00000E+00
  -14990.000       -0.19270502E+03           0.00000E+00
  -14985.000       -0.19124707E+03           0.00000E+00
  -14980.000       -0.18979272E+03           0.00000E+00
  -14975.000       -0.18834127E+03           0.00000E+00
  -14970.000       -0.18689292E+03           0.00000E+00
  -14965.000       -0.18544777E+03           0.00000E+00
  -14960.000       -0.18400581E+03           0.00000E+00
  -14955.000       -0.18256686E+03           0.00000E+00
  -14950.000       -0.18113121E+03           0.00000E+00
  -14945.000       -0.17969846E+03           0.00000E+00
  -14940.000       -0.17826901E+03           0.00000E+00
  -14935.000       -0.17684265E+03           0.00000E+00
  -14930.000       -0.17541970E+03           0.00000E+00
  -14925.000       -0.17399965E+03           0.00000E+00
  -14920.000       -0.17258280E+03           0.00000E+00
  -14915.000       -0.17116885E+03           0.00000E+00
  -14910.000       -0.16975830E+03           0.00000E+00
  -14905.000       -0.16835104E+03           0.00000E+00
  -14900.000       -0.16694659E+03           0.00000E+00
  -14895.000       -0.16554514E+03           0.00000E+00
  -14890.000       -0.16414689E+03           0.00000E+00
  -14885.000       -0.16275174E+03           0.00000E+00
  -14880.000       -0.16135978E+03           0.00000E+00
  -14875.000       -0.15997073E+03           0.00000E+00
  -14870.000       -0.15858538E+03           0.00000E+00
  -14865.000       -0.15720263E+03           0.00000E+00
  -14860.000       -0.15582288E+03           0.00000E+00
  -14855.000       -0.15444652E+03           0.00000E+00
  -14850.000       -0.15307317E+03           0.00000E+00
  -14845.000       -0.15170262E+03           0.00000E+00
  -14840.000       -0.15033557E+03           0.00000E+00
  -14835.000       -0.14897162E+03           0.00000E+00
  -14830.000       -0.14761027E+03           0.00000E+00
  -14825.000       -0.14625231E+03           0.00000E+00
  -14820.000       -0.14489746E+03           0.00000E+00
  -14815.000       -0.14354591E+03           0.00000E+00
  -14810.000       -0.14219706E+03           0.00000E+00
  -14805.000       -0.14085111E+03           0.00000E+00
  -14800.000       -0.13950875E+03           0.00000E+00
  -14795.000       -0.13816930E+03           0.00000E+00
  -14790.000       -0.13683275E+03           0.00000E+00
  -14785.000       -0.13549940E+03           0.00000E+00
  -14780.000       -0.13416895E+03           0.00000E+00
  -14775.000       -0.13284170E+03           0.00000E+00
  -14770.000       -0.13151744E+03           0.00000E+00
  -14765.000       -0.13019619E+03           0.00000E+00
  -14760.000       -0.12887804E+03           0.00000E+00
  -14755.000       -0.12756279E+03           0.00000E+00
  -14750.000       -0.12625104E+03           0.00000E+00
  -14745.000       -0.12494188E+03           0.00000E+00
  -14740.000       -0.12363563E+03           0.00000E+00
  -14735.000       -0.12233288E+03           0.00000E+00
  -14730.000       -0.12103283E+03           0.00000E+00
  -14725.000       -0.11973608E+03           0.00000E+00
  -14720.000       -0.11844212E+03           0.00000E+00
  -14715.000       -0.11715117E+03           0.00000E+00
  -14710.000       -0.11586342E+03           0.00000E+00
  -14705.000       -0.11457847E+03           0.00000E+00
  -14700.000       -0.11329692E+03           0.00000E+00
  -14695.000       -0.11201817E+03           0.00000E+00
  -14690.000       -0.11074191E+03           0.00000E+00
  -14685.000       -0.10946926E+03           0.00000E+00
  -14680.000       -0.10819951E+03           0.00000E+00
  -14675.000       -0.10693286E+03           0.00000E+00
  -14670.000       -0.10566901E+03           0.00000E+00
  -14665.000       -0.10440825E+03           0.00000E+00
  -14660.000       -0.10315070E+03           0.00000E+00
  -14655.000       -0.10189575E+03           0.00000E+00
  -14650.000       -0.10064420E+03           0.00000E+00
  -14645.000       -0.99395047E+02           0.00000E+00
  -14640.000       -0.98149395E+02           0.00000E+00
  -14635.000       -0.96906443E+02           0.00000E+00
  -14630.000       -0.95666591E+02           0.00000E+00
  -14625.000       -0.94429739E+02           0.00000E+00
  -14620.000       -0.93195788E+02           0.00000E+00
  -14615.000       -0.91965236E+02           0.00000E+00
  -14610.000       -0.90736984E+02           0.00000E+00
  -14605.000       -0.89512132E+02           0.00000E+00
  -14600.000       -0.88289980E+02           0.00000E+00
  -14595.000       -0.87071028E+02           0.00000E+00
  -14590.000       -0.85854876E+02           0.00000E+00
  -14585.000       -0.84641825E+02           0.00000E+00
  -14580.000       -0.83431573E+02           0.00000E+00
  -14575.000       -0.82224521E+02           0.00000E+00
  -14570.000       -0.81020069E+02           0.00000E+00
  -14565.000       -0.79818817E+02           0.00000E+00
  -14560.000       -0.78620365E+02           0.00000E+00
  -14555.000       -0.77424913E+02           0.00000E+00
  -14550.000       -0.76232562E+02           0.00000E+00
  -14545.000       -0.75042910E+02           0.00000E+00
  -14540.000       -0.73856358E+02           0.00000E+00
  -14535.000       -0.72672706E+02           0.00000E+00
  -14530.000       -0.71491954E+02           0.00000E+00
  -14525.000       -0.70314202E+02           0.00000E+00
  -14520.000       -0.69139250E+02           0.00000E+00
  -14515.000       -0.67967399E+02           0.30348E-29
  -14510.000       -0.66798447E+02           0.97679E-29
  -14505.000       -0.65632195E+02           0.31355E-28
  -14500.000       -0.64469243E+02           0.10031E-27
  -14495.000       -0.63309091E+02           0.32005E-27
  -14490.000       -0.62151739E+02           0.10182E-26
  -14485.000       -0.60997387E+02           0.32298E-26
  -14480.000       -0.59845936E+02           0.10215E-25
  -14475.000       -0.58697584E+02           0.32208E-25
  -14470.000       -0.57551832E+02           0.10129E-24
  -14465.000       -0.56409180E+02           0.31754E-24
  -14460.000       -0.55269328E+02           0.99274E-24
  -14455.000       -0.54132476E+02           0.30943E-23
  -14450.000       -0.52998424E+02           0.96178E-23
  -14445.000       -0.51867273E+02           0.29808E-22
  -14440.000       -0.50739421E+02           0.92077E-22
  -14435.000       -0.49613869E+02           0.28377E-21
  -14430.000       -0.48491617E+02           0.87168E-21
  -14425.000       -0.47372165E+02           0.26701E-20
  -14420.000       -0.46255613E+02           0.81553E-20
  -14415.000       -0.45141961E+02           0.24837E-19
  -14410.000       -0.44031410E+02           0.75405E-19
  -14405.000       -0.42923558E+02           0.22832E-18
  -14400.000       -0.41818506E+02           0.68937E-18
  -14395.000       -0.40716454E+02           0.20752E-17
  -14390.000       -0.39617302E+02           0.62291E-17
  -14385.000       -0.38520850E+02           0.18647E-16
  -14380.000       -0.37427898E+02           0.55625E-16
  -14375.000       -0.36337447E+02           0.16552E-15
  -14370.000       -0.35249795E+02           0.49114E-15
  -14365.000       -0.34165043E+02           0.14531E-14
  -14360.000       -0.33083391E+02           0.42861E-14
  -14355.000       -0.32004439E+02           0.12608E-13
  -14350.000       -0.30928387E+02           0.36980E-13
  -14345.000       -0.29855535E+02           0.10812E-12
  -14340.000       -0.28785184E+02           0.31532E-12
  -14335.000       -0.27717932E+02           0.91676E-12
  -14330.000       -0.26653550E+02           0.26577E-11
  -14325.000       -0.25592078E+02           0.76825E-11
  -14320.000       -0.24533516E+02           0.22143E-10
  -14315.000       -0.23477784E+02           0.63640E-10
  -14310.000       -0.22425082E+02           0.18235E-09
  -14305.000       -0.21375211E+02           0.52103E-09
  -14300.000       -0.20328059E+02           0.14847E-08
  -14295.000       -0.19283957E+02           0.42178E-08
  -14290.000       -0.18242875E+02           0.11946E-07
  -14285.000       -0.17204553E+02           0.33741E-07
  -14280.000       -0.16169361E+02           0.95003E-07
  -14275.000       -0.15136649E+02           0.26683E-06
  -14270.000       -0.14107178E+02           0.74702E-06
  -14265.000       -0.13080446E+02           0.20856E-05
  -14260.000       -0.12056724E+02           0.58054E-05
  -14255.000       -0.11036002E+02           0.16111E-04
  -14250.000       -0.10018090E+02           0.44586E-04
  -14245.000       -0.90029783E+01           0.12304E-03
  -14240.000       -0.79910064E+01           0.33849E-03
  -14235.000       -0.69821146E+01           0.92834E-03
  -14230.000       -0.59757427E+01           0.25396E-02
  -14225.000       -0.49723509E+01           0.69268E-02
  -14220.000       -0.39720790E+01           0.18834E-01
  -14215.000       -0.29745871E+01           0.51069E-01
  -14210.000       -0.19802633E+01           0.13803E+00
  -14205.000       -0.98868543E+00           0.37207E+00
  -14200.000        0.00000000E+00           0.10000E+01
