  -19950.000       -0.48260684E+03           0.00000E+00
  -19945.000       -0.48025934E+03           0.00000E+00
  -19940.000       -0.47791683E+03           0.00000E+00
  -19935.000       -0.47558033E+03           0.00000E+00
  -19930.000       -0.47324883E+03           0.00000E+00
  -19925.000       -0.47092432E+03           0.00000E+00
  -19920.000       -0.46860682E+03           0.00000E+00
  -19915.000       -0.46629331E+03           0.00000E+00
  -19910.000       -0.46398681E+03           0.00000E+00
  -19905.000       -0.46168630E+03           0.00000E+00
  -19900.000       -0.45938980E+03           0.00000E+00
  -19895.000       -0.45710130E+03           0.00000E+00
  -19890.000       -0.45481779E+03           0.00000E+00
  -19885.000       -0.45254129E+03           0.00000E+00
  -19880.000       -0.45027078E+03           0.00000E+00
  -19875.000       -0.44800328E+03           0.00000E+00
  -19870.000       -0.44574477E+03           0.00000E+00
  -19865.000       -0.44349227E+03           0.00000E+00
  -19860.000       -0.44124377E+03           0.00000E+00
  -19855.000       -0.43900326E+03           0.00000E+00
  -19850.000       -0.43676776E+03           0.00000E+00
  -19845.000       -0.43453825E+03           0.00000E+00
  -19840.000       -0.43231475E+03           0.00000E+00
  -19835.000       -0.43009724E+03           0.00000E+00
  -19830.000       -0.42788574E+03           0.00000E+00
  -19825.000       -0.42568024E+03           0.00000E+00
  -19820.000       -0.42348073E+03           0.00000E+00
  -19815.000       -0.42128723E+03           0.00000E+00
  -19810.000       -0.41910172E+03           0.00000E+00
  -19805.000       -0.41692022E+03           0.00000E+00
  -19800.000       -0.41474371E+03           0.00000E+00
  -19795.000       -0.41257621E+03           0.00000E+00
  -19790.000       -0.41041171E+03           0.00000E+00
  -19785.000       -0.40825520E+03           0.00000E+00
  -19780.000       -0.40610570E+03           0.00000E+00
  -19775.000       -0.40395919E+03           0.00000E+00
  -19770.000       -0.40182069E+03           0.00000E+00
  -19765.000       -0.39968918E+03           0.00000E+00
  -19760.000       -0.39756168E+03           0.00000E+00
  -19755.000       -0.39544218E+03           0.00000E+00
  -19750.000       -0.39332667E+03           0.00000E+00
  -19745.000       -0.39121817E+03           0.00000E+00
  -19740.000       -0.38911666E+03           0.00000E+00
  -19735.000       -0.38702016E+03           0.00000E+00
  -19730.000       -0.38492965E+03           0.00000E+00
  -19725.000       -0.38284715E+03           0.00000E+00
  -19720.000       -0.38076765E+03           0.00000E+00
  -19715.000       -0.37869614E+03           0.00000E+00
  -19710.000       -0.37662864E+03           0.00000E+00
  -19705.000       -0.37457013E+03           0.00000E+00
  -19700.000       -0.37251663E+03           0.00000E+00
  -19695.000       -0.37046912E+03           0.00000E+00
  -19690.000       -0.36842662E+03           0.00000E+00
  -19685.000       -0.36639212E+03           0.00000E+00
  -19680.000       -0.36436361E+03           0.00000E+00
  -19675.000       -0.36234011E+03           0.00000E+00
  -19670.000       -0.36032160E+03           0.00000E+00
  -19665.000       -0.35831010E+03           0.00000E+00
  -19660.000       -0.35630559E+03           0.00000E+00
  -19655.000       -0.35430709E+03           0.00000E+00
  -19650.000       -0.35231359E+03           0.00000E+00
  -19645.000       -0.35032608E+03           0.00000E+00
  -19640.000       -0.34834658E+03           0.00000E+00
  -19635.000       -0.34637107E+03           0.00000E+00
  -19630.000       -0.34440257E+03           0.00000E+00
  -19625.000       -0.34244106E+03           0.00000E+00
  -19620.000       -0.34048356E+03           0.00000E+00
  -19615.000       -0.33853306E+03           0.00000E+00
  -19610.000       -0.33658855E+03           0.00000E+00
  -19605.000       -0.33465005E+03           0.00000E+00
  -19600.000       -0.33271754E+03           0.00000E+00
  -19595.000       -0.33079104E+03           0.00000E+00
  -19590.000       -0.32886953E+03           0.00000E+00
  -19585.000       -0.32695803E+03           0.00000E+00
  -19580.000       -0.32504853E+03           0.00000E+00
  -19575.000       -0.32314702E+03           0.00000E+00
  -19570.000       -0.32125052E+03           0.00000E+00
  -19565.000       -0.31936001E+03           0.00000E+00
  -19560.000       -0.31747651E+03           0.00000E+00
  -19555.000       -0.31559800E+03           0.00000E+00
  -19550.000       -0.31372550E+03           0.00000E+00
  -19545.000       -0.31185900E+03           0.00000E+00
  -19540.000       -0.31000049E+03           0.00000E+00
  -19535.000       -0.30814499E+03           0.00000E+00
  -19530.000       -0.30629748E+03           0.00000E+00
  -19525.000       -0.30445598E+03           0.00000E+00
  -19520.000       -0.30261947E+03           0.00000E+00
  -19515.000       -0.30078997E+03           0.00000E+00
  -19510.000       -0.29896547E+03           0.00000E+00
  -19505.000       -0.29714696E+03           0.00000E+00
  -19500.000       -0.29533546E+03           0.00000E+00
  -19495.000       -0.29352895E+03           0.00000E+00
  -19490.000       -0.29172845E+03           0.00000E+00
  -19485.000       -0.28993494E+03           0.00000E+00
  -19480.000       -0.28814744E+03           0.00000E+00
  -19475.000       -0.28636494E+03           0.00000E+00
  -19470.000       -0.28458843E+03           0.00000E+00
  -19465.000       -0.28281793E+03           0.00000E+00
  -19460.000       -0.28105342E+03           0.00000E+00
  -19455.000       -0.27929592E+03           0.00000E+00
  -19450.000       -0.27754341E+03           0.00000E+00
  -19445.000       -0.27579591E+03           0.00000E+00
  -19440.000       -0.27405641E+03           0.00000E+00
  -19435.000       -0.27232090E+03           0.00000E+00
  -19430.000       -0.27059240E+03           0.00000E+00
  -19425.000       -0.26886989E+03           0.00000E+00
  -19420.000       -0.26715339E+03           0.00000E+00
  -19415.000       -0.26544288E+03           0.00000E+00
  -19410.000       -0.26373738E+03           0.00000E+00
  -19405.000       -0.26203788E+03           0.00000E+00
  -19400.000       -0.26034437E+03           0.00000E+00
  -19395.000       -0.25865687E+03           0.00000E+00
  -19390.000       -0.25697636E+03           0.00000E+00
  -19385.000       -0.25530086E+03           0.00000E+00
  -19380.000       -0.25363135E+03           0.00000E+00
  -19375.000       -0.25196785E+03           0.00000E+00
  -19370.000       -0.25030935E+03           0.00000E+00
  -19365.000       -0.24865784E+03           0.00000E+00
  -19360.000       -0.24701234E+03           0.00000E+00
  -19355.000       -0.24537183E+03           0.00000E+00
  -19350.000       -0.24373733E+03           0.00000E+00
  -19345.000       -0.24210882E+03           0.00000E+00
  -19340.000       -0.24048632E+03           0.00000E+00
  -19335.000       -0.23886882E+03           0.00000E+00
  -19330.000       -0.23725931E+03           0.00000E+00
  -19325.000       -0.23565481E+03           0.00000E+00
  -19320.000       -0.23405430E+03           0.00000E+00
  -19315.000       -0.23246080E+03           0.00000E+00
  -19310.000       -0.23087229E+03           0.00000E+00
  -19305.000       -0.22929079E+03           0.00000E+00
  -19300.000       -0.22771629E+03           0.00000E+00
  -19295.000       -0.22614578E+03           0.00000E+00
  -19290.000       -0.22458028E+03           0.00000E+00
  -19285.000       -0.22302077E+03           0.00000E+00
  -19280.000       -0.22147027E+03           0.00000E+00
  -19275.000       -0.21992376E+03           0.00000E+00
  -19270.000       -0.21838226E+03           0.00000E+00
  -19265.000       -0.21684776E+03           0.00000E+00
  -19260.000       -0.21531625E+03           0.00000E+00
  -19255.000       -0.21379275E+03           0.00000E+00
  -19250.000       -0.21227624E+03           0.00000E+00
  -19245.000       -0.21076274E+03           0.00000E+00
  -19240.000       -0.20925623E+03           0.00000E+00
  -19235.000       -0.20775473E+03           0.00000E+00
  -19230.000       -0.20625923E+03           0.00000E+00
  -19225.000       -0.20477072E+03           0.00000E+00
  -19220.000       -0.20328722E+03           0.00000E+00
  -19215.000       -0.20181071E+03           0.00000E+00
  -19210.000       -0.20033921E+03           0.00000E+00
  -19205.000       -0.19887170E+03           0.00000E+00
  -19200.000       -0.19741120E+03           0.00000E+00
  -19195.000       -0.19595670E+03           0.00000E+00
  -19190.000       -0.19450819E+03           0.00000E+00
  -19185.000       -0.19306369E+03           0.00000E+00
  -19180.000       -0.19162618E+03           0.00000E+00
  -19175.000       -0.19019468E+03           0.00000E+00
  -19170.000       -0.18876917E+03           0.00000E+00
  -19165.000       -0.18734767E+03           0.00000E+00
  -19160.000       -0.18593317E+03           0.00000E+00
  -19155.000       -0.18452466E+03           0.00000E+00
  -19150.000       -0.18312116E+03           0.00000E+00
  -19145.000       -0.18172265E+03           0.00000E+00
  -19140.000       -0.18033115E+03           0.00000E+00
  -19135.000       -0.17894364E+03           0.00000E+00
  -19130.000       -0.17756414E+03           0.00000E+00
  -19125.000       -0.17618864E+03           0.00000E+00
  -19120.000       -0.17482013E+03           0.00000E+00
  -19115.000       -0.17345563E+03           0.00000E+00
  -19110.000       -0.17209712E+03           0.00000E+00
  -19105.000       -0.17074662E+03           0.00000E+00
  -19100.000       -0.16939811E+03           0.00000E+00
  -19095.000       -0.16805661E+03           0.00000E+00
  -19090.000       -0.16672211E+03           0.00000E+00
  -19085.000       -0.16539160E+03           0.00000E+00
  -19080.000       -0.16406810E+03           0.00000E+00
  -19075.000       -0.16274959E+03           0.00000E+00
  -19070.000       -0.16143609E+03           0.00000E+00
  -19065.000       -0.16012958E+03           0.00000E+00
  -19060.000       -0.15882808E+03           0.00000E+00
  -19055.000       -0.15753058E+03           0.00000E+00
  -19050.000       -0.15624007E+03           0.00000E+00
  -19045.000       -0.15495557E+03           0.00000E+00
  -19040.000       -0.15367606E+03           0.00000E+00
  -19035.000       -0.15240156E+03           0.00000E+00
  -19030.000       -0.15113505E+03           0.00000E+00
  -19025.000       -0.14987155E+03           0.00000E+00
  -19020.000       -0.14861505E+03           0.00000E+00
  -19015.000       -0.14736354E+03           0.00000E+00
  -19010.000       -0.14611704E+03           0.00000E+00
  -19005.000       -0.14487753E+03           0.00000E+00
  -19000.000       -0.14364303E+03           0.00000E+00
  -18995.000       -0.14241352E+03           0.00000E+00
  -18990.000       -0.14119002E+03           0.00000E+00
  -18985.000       -0.13997252E+03           0.00000E+00
  -18980.000       -0.13875901E+03           0.00000E+00
  -18975.000       -0.13755251E+03           0.00000E+00
  -18970.000       -0.13635100E+03           0.00000E+00
  -18965.000       -0.13515550E+03           0.00000E+00
  -18960.000       -0.13396499E+03           0.00000E+00
  -18955.000       -0.13278149E+03           0.00000E+00
  -18950.000       -0.13160199E+03           0.00000E+00
  -18945.000       -0.13042748E+03           0.00000E+00
  -18940.000       -0.12925998E+03           0.00000E+00
  -18935.000       -0.12809647E+03           0.00000E+00
  -18930.000       -0.12693897E+03           0.00000E+00
  -18925.000       -0.12578746E+03           0.00000E+00
  -18920.000       -0.12464196E+03           0.00000E+00
  -18915.000       -0.12350146E+03           0.00000E+00
  -18910.000       -0.12236595E+03           0.00000E+00
  -18905.000       -0.12123645E+03           0.00000E+00
  -18900.000       -0.12011194E+03           0.00000E+00
  -18895.000       -0.11899244E+03           0.00000E+00
  -18890.000       -0.11787993E+03           0.00000E+00
  -18885.000       -0.11677243E+03           0.00000E+00
  -18880.000       -0.11566993E+03           0.00000E+00
  -18875.000       -0.11457342E+03           0.00000E+00
  -18870.000       -0.11348192E+03           0.00000E+00
  -18865.000       -0.11239641E+03           0.00000E+00
  -18860.000       -0.11131591E+03           0.00000E+00
  -18855.000       -0.11024140E+03           0.00000E+00
  -18850.000       -0.10917090E+03           0.00000E+00
  -18845.000       -0.10810640E+03           0.00000E+00
  -18840.000       -0.10704789E+03           0.00000E+00
  -18835.000       -0.10599539E+03           0.00000E+00
  -18830.000       -0.10494688E+03           0.00000E+00
  -18825.000       -0.10390438E+03           0.00000E+00
  -18820.000       -0.10286787E+03           0.00000E+00
  -18815.000       -0.10183637E+03           0.00000E+00
  -18810.000       -0.10081087E+03           0.00000E+00
  -18805.000       -0.99790361E+02           0.00000E+00
  -18800.000       -0.98775857E+02           0.00000E+00
  -18795.000       -0.97765353E+02           0.00000E+00
  -18790.000       -0.96760848E+02           0.00000E+00
  -18785.000       -0.95761344E+02           0.00000E+00
  -18780.000       -0.94767840E+02           0.00000E+00
  -18775.000       -0.93780335E+02           0.00000E+00
  -18770.000       -0.92797831E+02           0.00000E+00
  -18765.000       -0.91820327E+02           0.00000E+00
  -18760.000       -0.90848823E+02           0.00000E+00
  -18755.000       -0.89882318E+02           0.00000E+00
  -18750.000       -0.88920814E+02           0.00000E+00
  -18745.000       -0.87964310E+02           0.00000E+00
  -18740.000       -0.87014805E+02           0.00000E+00
  -18735.000       -0.86069301E+02           0.00000E+00
  -18730.000       -0.85130797E+02           0.00000E+00
  -18725.000       -0.84195293E+02           0.00000E+00
  -18720.000       -0.83266788E+02           0.00000E+00
  -18715.000       -0.82342284E+02           0.00000E+00
  -18710.000       -0.81424780E+02           0.00000E+00
  -18705.000       -0.80511276E+02           0.00000E+00
  -18700.000       -0.79604771E+02           0.00000E+00
  -18695.000       -0.78702267E+02           0.00000E+00
  -18690.000       -0.77804763E+02           0.00000E+00
  -18685.000       -0.76914258E+02           0.00000E+00
  -18680.000       -0.76026754E+02           0.00000E+00
  -18675.000       -0.75145250E+02           0.00000E+00
  -18670.000       -0.74269746E+02           0.00000E+00
  -18665.000       -0.73400241E+02           0.00000E+00
  -18660.000       -0.72534737E+02           0.00000E+00
  -18655.000       -0.71676233E+02           0.00000E+00
  -18650.000       -0.70821728E+02           0.00000E+00
  -18645.000       -0.69972224E+02           0.00000E+00
  -18640.000       -0.69128720E+02           0.00000E+00
  -18635.000       -0.68290216E+02           0.21975E-29
  -18630.000       -0.67456711E+02           0.50573E-29
  -18625.000       -0.66629207E+02           0.11569E-28
  -18620.000       -0.65806703E+02           0.26334E-28
  -18615.000       -0.64990198E+02           0.59582E-28
  -18610.000       -0.64177694E+02           0.13427E-27
  -18605.000       -0.63371190E+02           0.30078E-27
  -18600.000       -0.62568686E+02           0.67107E-27
  -18595.000       -0.61773181E+02           0.14868E-26
  -18590.000       -0.60982677E+02           0.32776E-26
  -18585.000       -0.60197173E+02           0.71895E-26
  -18580.000       -0.59417668E+02           0.15676E-25
  -18575.000       -0.58643164E+02           0.34009E-25
  -18570.000       -0.57872660E+02           0.73489E-25
  -18565.000       -0.57108156E+02           0.15785E-24
  -18560.000       -0.56348651E+02           0.33736E-24
  -18555.000       -0.55594147E+02           0.71741E-24
  -18550.000       -0.54845643E+02           0.15165E-23
  -18545.000       -0.54101138E+02           0.31928E-23
  -18540.000       -0.53363634E+02           0.66753E-23
  -18535.000       -0.52630130E+02           0.13900E-22
  -18530.000       -0.51902626E+02           0.28772E-22
  -18525.000       -0.51181121E+02           0.59200E-22
  -18520.000       -0.50462617E+02           0.12144E-21
  -18515.000       -0.49751113E+02           0.24738E-21
  -18510.000       -0.49043608E+02           0.50192E-21
  -18505.000       -0.48342104E+02           0.10123E-20
  -18500.000       -0.47645600E+02           0.20313E-20
  -18495.000       -0.46954096E+02           0.40560E-20
  -18490.000       -0.46269591E+02           0.80421E-20
  -18485.000       -0.45587087E+02           0.15914E-19
  -18480.000       -0.44911583E+02           0.31271E-19
  -18475.000       -0.44241078E+02           0.61143E-19
  -18470.000       -0.43575574E+02           0.11895E-18
  -18465.000       -0.42916070E+02           0.23003E-18
  -18460.000       -0.42261566E+02           0.44262E-18
  -18455.000       -0.41611061E+02           0.84829E-18
  -18450.000       -0.40966557E+02           0.16160E-17
  -18445.000       -0.40327053E+02           0.30633E-17
  -18440.000       -0.39693548E+02           0.57718E-17
  -18435.000       -0.39064044E+02           0.10832E-16
  -18430.000       -0.38438540E+02           0.20247E-16
  -18425.000       -0.37820036E+02           0.37581E-16
  -18420.000       -0.37207531E+02           0.69339E-16
  -18415.000       -0.36600027E+02           0.12729E-15
  -18410.000       -0.35995523E+02           0.23299E-15
  -18405.000       -0.35398018E+02           0.42348E-15
  -18400.000       -0.34804514E+02           0.76664E-15
  -18395.000       -0.34217010E+02           0.13796E-14
  -18390.000       -0.33634506E+02           0.24701E-14
  -18385.000       -0.33056001E+02           0.44052E-14
  -18380.000       -0.32483497E+02           0.78090E-14
  -18375.000       -0.31916993E+02           0.13760E-13
  -18370.000       -0.31354488E+02           0.24150E-13
  -18365.000       -0.30796984E+02           0.42174E-13
  -18360.000       -0.30246480E+02           0.73134E-13
  -18355.000       -0.29698976E+02           0.12644E-12
  -18350.000       -0.29157471E+02           0.21731E-12
  -18345.000       -0.28620967E+02           0.37160E-12
  -18340.000       -0.28089463E+02           0.63227E-12
  -18335.000       -0.27562958E+02           0.10704E-11
  -18330.000       -0.27041454E+02           0.18032E-11
  -18325.000       -0.26524950E+02           0.30225E-11
  -18320.000       -0.26014446E+02           0.50358E-11
  -18315.000       -0.25507941E+02           0.83568E-11
  -18310.000       -0.25007437E+02           0.13785E-10
  -18305.000       -0.24510933E+02           0.22648E-10
  -18300.000       -0.24020428E+02           0.36988E-10
  -18295.000       -0.23534924E+02           0.60105E-10
  -18290.000       -0.23053420E+02           0.97281E-10
  -18285.000       -0.22578916E+02           0.15635E-09
  -18280.000       -0.22108411E+02           0.25029E-09
  -18275.000       -0.21642907E+02           0.39866E-09
  -18270.000       -0.21182403E+02           0.63183E-09
  -18265.000       -0.20725898E+02           0.99737E-09
  -18260.000       -0.20276394E+02           0.15634E-08
  -18255.000       -0.19830890E+02           0.24409E-08
  -18250.000       -0.19390386E+02           0.37919E-08
  -18245.000       -0.18955881E+02           0.58555E-08
  -18240.000       -0.18525377E+02           0.90060E-08
  -18235.000       -0.18100873E+02           0.13769E-07
  -18230.000       -0.17680368E+02           0.20966E-07
  -18225.000       -0.17264864E+02           0.31766E-07
  -18220.000       -0.16855360E+02           0.47842E-07
  -18215.000       -0.16449856E+02           0.71766E-07
  -18210.000       -0.16051351E+02           0.10690E-06
  -18205.000       -0.15654847E+02           0.15892E-06
  -18200.000       -0.15265343E+02           0.23461E-06
  -18195.000       -0.14879838E+02           0.34496E-06
  -18190.000       -0.14501334E+02           0.50368E-06
  -18185.000       -0.14125830E+02           0.73321E-06
  -18180.000       -0.13756326E+02           0.10610E-05
  -18175.000       -0.13390821E+02           0.15291E-05
  -18170.000       -0.13031317E+02           0.21906E-05
  -18165.000       -0.12675813E+02           0.31258E-05
  -18160.000       -0.12326308E+02           0.44336E-05
  -18155.000       -0.11980804E+02           0.62633E-05
  -18150.000       -0.11641300E+02           0.87952E-05
  -18145.000       -0.11305796E+02           0.12301E-04
  -18140.000       -0.10975291E+02           0.17120E-04
  -18135.000       -0.10650787E+02           0.23682E-04
  -18130.000       -0.10331283E+02           0.32597E-04
  -18125.000       -0.10014778E+02           0.44734E-04
  -18120.000       -0.97052742E+01           0.60961E-04
  -18115.000       -0.93997699E+01           0.82743E-04
  -18110.000       -0.90992656E+01           0.11175E-03
  -18105.000       -0.88037614E+01           0.15017E-03
  -18100.000       -0.85132571E+01           0.20079E-03
  -18095.000       -0.82287528E+01           0.26687E-03
  -18090.000       -0.79472485E+01           0.35363E-03
  -18085.000       -0.76717442E+01           0.46580E-03
  -18080.000       -0.74002399E+01           0.61111E-03
  -18075.000       -0.71357357E+01           0.79614E-03
  -18070.000       -0.68742314E+01           0.10341E-02
  -18065.000       -0.66187271E+01           0.13351E-02
  -18060.000       -0.63672228E+01           0.17169E-02
  -18055.000       -0.61217185E+01           0.21947E-02
  -18050.000       -0.58792142E+01           0.27970E-02
  -18045.000       -0.56427099E+01           0.35433E-02
  -18040.000       -0.54132057E+01           0.44573E-02
  -18035.000       -0.51857014E+01           0.55960E-02
  -18030.000       -0.49641971E+01           0.69836E-02
  -18025.000       -0.47476928E+01           0.86717E-02
  -18020.000       -0.45361885E+01           0.10714E-01
  -18015.000       -0.43286842E+01           0.13185E-01
  -18010.000       -0.41261800E+01           0.16144E-01
  -18005.000       -0.39296757E+01           0.19650E-01
  -18000.000       -0.37371714E+01           0.23821E-01
  -17995.000       -0.35496671E+01           0.28734E-01
  -17990.000       -0.33671628E+01           0.34487E-01
  -17985.000       -0.31886585E+01           0.41227E-01
  -17980.000       -0.30161542E+01           0.48989E-01
  -17975.000       -0.28476500E+01           0.57980E-01
  -17970.000       -0.26841457E+01           0.68280E-01
  -17965.000       -0.25266414E+01           0.79927E-01
  -17960.000       -0.23731371E+01           0.93188E-01
  -17955.000       -0.22246328E+01           0.10811E+00
  -17950.000       -0.20811285E+01           0.12479E+00
  -17945.000       -0.19416243E+01           0.14347E+00
  -17940.000       -0.18071200E+01           0.16413E+00
  -17935.000       -0.16786157E+01           0.18663E+00
  -17930.000       -0.15551114E+01           0.21117E+00
  -17925.000       -0.14336071E+01           0.23845E+00
  -17920.000       -0.13191028E+01           0.26738E+00
  -17915.000       -0.12085985E+01           0.29862E+00
  -17910.000       -0.11040943E+01           0.33151E+00
  -17905.000       -0.10035900E+01           0.36656E+00
  -17900.000       -0.90808569E+00           0.40330E+00
  -17895.000       -0.81758141E+00           0.44150E+00
  -17890.000       -0.73207712E+00           0.48091E+00
  -17885.000       -0.65057284E+00           0.52175E+00
  -17880.000       -0.57406855E+00           0.56323E+00
  -17875.000       -0.50156427E+00           0.60558E+00
  -17870.000       -0.43605998E+00           0.64658E+00
  -17865.000       -0.37355570E+00           0.68828E+00
  -17860.000       -0.31705141E+00           0.72829E+00
  -17855.000       -0.26354713E+00           0.76832E+00
  -17850.000       -0.21504285E+00           0.80651E+00
  -17845.000       -0.17253856E+00           0.84153E+00
  -17840.000       -0.13503428E+00           0.87369E+00
  -17835.000       -0.10152999E+00           0.90345E+00
  -17830.000       -0.73025707E-01           0.92958E+00
  -17825.000       -0.48521423E-01           0.95264E+00
  -17820.000       -0.30017138E-01           0.97043E+00
  -17815.000       -0.15512854E-01           0.98461E+00
  -17810.000       -0.60085691E-02           0.99401E+00
  -17805.000       -0.50428456E-03           0.99950E+00
  -17800.000        0.00000000E+00           0.10000E+01
  -17795.000       -0.54957154E-02           0.99452E+00
  -17790.000       -0.13991431E-01           0.98611E+00
  -17785.000       -0.27487146E-01           0.97289E+00
  -17780.000       -0.46982862E-01           0.95410E+00
  -17775.000       -0.70478577E-01           0.93195E+00
  -17770.000       -0.98974293E-01           0.90577E+00
  -17765.000       -0.13147001E+00           0.87681E+00
  -17760.000       -0.16896572E+00           0.84454E+00
  -17755.000       -0.21146144E+00           0.80940E+00
  -17750.000       -0.25795715E+00           0.77263E+00
  -17745.000       -0.31045287E+00           0.73311E+00
  -17740.000       -0.36594859E+00           0.69354E+00
  -17735.000       -0.42744430E+00           0.65217E+00
  -17730.000       -0.49294002E+00           0.61083E+00
  -17725.000       -0.56343573E+00           0.56925E+00
  -17720.000       -0.63893145E+00           0.52786E+00
  -17715.000       -0.71942716E+00           0.48703E+00
  -17710.000       -0.80292288E+00           0.44802E+00
  -17705.000       -0.89341859E+00           0.40925E+00
  -17700.000       -0.98691431E+00           0.37273E+00
  -17695.000       -0.10844100E+01           0.33810E+00
  -17690.000       -0.11879057E+01           0.30486E+00
  -17685.000       -0.12954015E+01           0.27379E+00
  -17680.000       -0.14088972E+01           0.24441E+00
  -17675.000       -0.15253929E+01           0.21754E+00
  -17670.000       -0.16468886E+01           0.19265E+00
  -17665.000       -0.17743843E+01           0.16959E+00
  -17660.000       -0.19048800E+01           0.14884E+00
  -17655.000       -0.20403757E+01           0.12998E+00
  -17650.000       -0.21808715E+01           0.11294E+00
  -17645.000       -0.23253672E+01           0.97748E-01
  -17640.000       -0.24748629E+01           0.84175E-01
  -17635.000       -0.26293586E+01           0.72125E-01
  -17630.000       -0.27888543E+01           0.61492E-01
  -17625.000       -0.29523500E+01           0.52217E-01
  -17620.000       -0.31198458E+01           0.44164E-01
  -17615.000       -0.32923415E+01           0.37167E-01
  -17610.000       -0.34698372E+01           0.31122E-01
  -17605.000       -0.36523329E+01           0.25931E-01
  -17600.000       -0.38388286E+01           0.21519E-01
  -17595.000       -0.40293243E+01           0.17786E-01
  -17590.000       -0.42258200E+01           0.14613E-01
  -17585.000       -0.44263158E+01           0.11958E-01
  -17580.000       -0.46298115E+01           0.97566E-02
  -17575.000       -0.48403072E+01           0.79046E-02
  -17570.000       -0.50538029E+01           0.63850E-02
  -17565.000       -0.52722986E+01           0.51318E-02
  -17560.000       -0.54967943E+01           0.40999E-02
  -17555.000       -0.57232901E+01           0.32689E-02
  -17550.000       -0.59567858E+01           0.25882E-02
  -17545.000       -0.61932815E+01           0.20431E-02
  -17540.000       -0.64347772E+01           0.16048E-02
  -17535.000       -0.66812729E+01           0.12542E-02
  -17530.000       -0.69317686E+01           0.97627E-03
  -17525.000       -0.71862643E+01           0.75691E-03
  -17520.000       -0.74467601E+01           0.58333E-03
  -17515.000       -0.77102558E+01           0.44821E-03
  -17510.000       -0.79797515E+01           0.34232E-03
  -17505.000       -0.82532472E+01           0.26041E-03
  -17500.000       -0.85307429E+01           0.19731E-03
  -17495.000       -0.88132386E+01           0.14875E-03
  -17490.000       -0.91007344E+01           0.11158E-03
  -17485.000       -0.93922301E+01           0.83369E-04
  -17480.000       -0.96877258E+01           0.62040E-04
  -17475.000       -0.99882215E+01           0.45938E-04
  -17470.000       -0.10293717E+02           0.33845E-04
  -17465.000       -0.10603213E+02           0.24836E-04
  -17460.000       -0.10917709E+02           0.18134E-04
  -17455.000       -0.11236204E+02           0.13188E-04
  -17450.000       -0.11559700E+02           0.95430E-05
  -17445.000       -0.11886196E+02           0.68848E-05
  -17440.000       -0.12218692E+02           0.49373E-05
  -17435.000       -0.12555187E+02           0.35266E-05
  -17430.000       -0.12896683E+02           0.25064E-05
  -17425.000       -0.13242179E+02           0.17742E-05
  -17420.000       -0.13592674E+02           0.12496E-05
  -17415.000       -0.13947170E+02           0.87664E-06
  -17410.000       -0.14306666E+02           0.61192E-06
  -17405.000       -0.14669162E+02           0.42586E-06
  -17400.000       -0.15037657E+02           0.29460E-06
  -17395.000       -0.15409153E+02           0.20318E-06
  -17390.000       -0.15787649E+02           0.13916E-06
  -17385.000       -0.16168144E+02           0.95118E-07
  -17380.000       -0.16554640E+02           0.64627E-07
  -17375.000       -0.16944136E+02           0.43778E-07
  -17370.000       -0.17339632E+02           0.29478E-07
  -17365.000       -0.17738127E+02           0.19789E-07
  -17360.000       -0.18142623E+02           0.13206E-07
  -17355.000       -0.18550119E+02           0.87859E-08
  -17350.000       -0.18962614E+02           0.58162E-08
  -17345.000       -0.19380110E+02           0.38311E-08
  -17340.000       -0.19801606E+02           0.25135E-08
  -17335.000       -0.20228102E+02           0.16408E-08
  -17330.000       -0.20657597E+02           0.10679E-08
  -17325.000       -0.21092093E+02           0.69154E-09
  -17320.000       -0.21531589E+02           0.44560E-09
  -17315.000       -0.21975084E+02           0.28598E-09
  -17310.000       -0.22423580E+02           0.18263E-09
  -17305.000       -0.22876076E+02           0.11616E-09
  -17300.000       -0.23332572E+02           0.73586E-10
  -17295.000       -0.23793067E+02           0.46430E-10
  -17290.000       -0.24259563E+02           0.29121E-10
  -17285.000       -0.24730059E+02           0.18192E-10
  -17280.000       -0.25204554E+02           0.11319E-10
  -17275.000       -0.25683050E+02           0.70144E-11
  -17270.000       -0.26165546E+02           0.43296E-11
  -17265.000       -0.26654042E+02           0.26564E-11
  -17260.000       -0.27145537E+02           0.16250E-11
  -17255.000       -0.27642033E+02           0.98905E-12
  -17250.000       -0.28143529E+02           0.59899E-12
  -17245.000       -0.28648024E+02           0.36168E-12
  -17240.000       -0.29158520E+02           0.21708E-12
  -17235.000       -0.29672016E+02           0.12990E-12
  -17230.000       -0.30190512E+02           0.77344E-13
  -17225.000       -0.30713007E+02           0.45868E-13
  -17220.000       -0.31240503E+02           0.27066E-13
  -17215.000       -0.31771999E+02           0.15907E-13
  -17210.000       -0.32306494E+02           0.93211E-14
  -17205.000       -0.32846990E+02           0.54292E-14
  -17200.000       -0.33391486E+02           0.31496E-14
  -17195.000       -0.33939982E+02           0.18199E-14
  -17190.000       -0.34493477E+02           0.10463E-14
  -17185.000       -0.35051973E+02           0.59858E-15
  -17180.000       -0.35613469E+02           0.34140E-15
  -17175.000       -0.36178964E+02           0.19394E-15
  -17170.000       -0.36749460E+02           0.10963E-15
  -17165.000       -0.37324956E+02           0.61656E-16
  -17160.000       -0.37903452E+02           0.34573E-16
  -17155.000       -0.38486947E+02           0.19290E-16
  -17150.000       -0.39074443E+02           0.10720E-16
  -17145.000       -0.39666939E+02           0.59274E-17
  -17140.000       -0.40263434E+02           0.32645E-17
  -17135.000       -0.40863930E+02           0.17907E-17
  -17130.000       -0.41469426E+02           0.97737E-18
  -17125.000       -0.42078922E+02           0.53132E-18
  -17120.000       -0.42692417E+02           0.28769E-18
  -17115.000       -0.43309913E+02           0.15515E-18
  -17110.000       -0.43932409E+02           0.83253E-19
  -17105.000       -0.44558904E+02           0.44495E-19
  -17100.000       -0.45190400E+02           0.23662E-19
  -17095.000       -0.45824896E+02           0.12546E-19
  -17090.000       -0.46464392E+02           0.66187E-20
  -17085.000       -0.47108887E+02           0.34743E-20
  -17080.000       -0.47756383E+02           0.18183E-20
  -17075.000       -0.48408879E+02           0.94687E-21
  -17070.000       -0.49065374E+02           0.49111E-21
  -17065.000       -0.49725870E+02           0.25370E-21
  -17060.000       -0.50391366E+02           0.13041E-21
  -17055.000       -0.51060862E+02           0.66765E-22
  -17050.000       -0.51734357E+02           0.34045E-22
  -17045.000       -0.52411853E+02           0.17291E-22
  -17040.000       -0.53094349E+02           0.87381E-23
  -17035.000       -0.53779844E+02           0.44026E-23
  -17030.000       -0.54471340E+02           0.22049E-23
  -17025.000       -0.55165836E+02           0.11010E-23
  -17020.000       -0.55865332E+02           0.54701E-24
  -17015.000       -0.56568827E+02           0.27069E-24
  -17010.000       -0.57276323E+02           0.13342E-24
  -17005.000       -0.57987819E+02           0.65495E-25
  -17000.000       -0.58704314E+02           0.31992E-25
  -16995.000       -0.59424810E+02           0.15564E-25
  -16990.000       -0.60149306E+02           0.75420E-26
  -16985.000       -0.60878802E+02           0.36364E-26
  -16980.000       -0.61611297E+02           0.17480E-26
  -16975.000       -0.62347793E+02           0.83695E-27
  -16970.000       -0.63089289E+02           0.39872E-27
  -16965.000       -0.63835784E+02           0.18900E-27
  -16960.000       -0.64585280E+02           0.89324E-28
  -16955.000       -0.65338776E+02           0.42047E-28
  -16950.000       -0.66097272E+02           0.19693E-28
  -16945.000       -0.66859767E+02           0.91870E-29
  -16940.000       -0.67626263E+02           0.42686E-29
  -16935.000       -0.68397759E+02           0.19735E-29
  -16930.000       -0.69173254E+02           0.00000E+00
  -16925.000       -0.69951750E+02           0.00000E+00
  -16920.000       -0.70735246E+02           0.00000E+00
  -16915.000       -0.71523742E+02           0.00000E+00
  -16910.000       -0.72314237E+02           0.00000E+00
  -16905.000       -0.73110733E+02           0.00000E+00
  -16900.000       -0.73911229E+02           0.00000E+00
  -16895.000       -0.74715724E+02           0.00000E+00
  -16890.000       -0.75524220E+02           0.00000E+00
  -16885.000       -0.76336716E+02           0.00000E+00
  -16880.000       -0.77153212E+02           0.00000E+00
  -16875.000       -0.77974707E+02           0.00000E+00
  -16870.000       -0.78800203E+02           0.00000E+00
  -16865.000       -0.79628699E+02           0.00000E+00
  -16860.000       -0.80463195E+02           0.00000E+00
  -16855.000       -0.81300690E+02           0.00000E+00
  -16850.000       -0.82142186E+02           0.00000E+00
  -16845.000       -0.82987682E+02           0.00000E+00
  -16840.000       -0.83838177E+02           0.00000E+00
  -16835.000       -0.84691673E+02           0.00000E+00
  -16830.000       -0.85551169E+02           0.00000E+00
  -16825.000       -0.86412665E+02           0.00000E+00
  -16820.000       -0.87280160E+02           0.00000E+00
  -16815.000       -0.88150656E+02           0.00000E+00
  -16810.000       -0.89025152E+02           0.00000E+00
  -16805.000       -0.89904647E+02           0.00000E+00
  -16800.000       -0.90787143E+02           0.00000E+00
  -16795.000       -0.91675639E+02           0.00000E+00
  -16790.000       -0.92566135E+02           0.00000E+00
  -16785.000       -0.93461630E+02           0.00000E+00
  -16780.000       -0.94361126E+02           0.00000E+00
  -16775.000       -0.95265622E+02           0.00000E+00
  -16770.000       -0.96173117E+02           0.00000E+00
  -16765.000       -0.97084613E+02           0.00000E+00
  -16760.000       -0.98000109E+02           0.00000E+00
  -16755.000       -0.98920605E+02           0.00000E+00
  -16750.000       -0.99845100E+02           0.00000E+00
  -16745.000       -0.10077360E+03           0.00000E+00
  -16740.000       -0.10170609E+03           0.00000E+00
  -16735.000       -0.10264259E+03           0.00000E+00
  -16730.000       -0.10358208E+03           0.00000E+00
  -16725.000       -0.10452658E+03           0.00000E+00
  -16720.000       -0.10547607E+03           0.00000E+00
  -16715.000       -0.10642857E+03           0.00000E+00
  -16710.000       -0.10738507E+03           0.00000E+00
  -16705.000       -0.10834656E+03           0.00000E+00
  -16700.000       -0.10931106E+03           0.00000E+00
  -16695.000       -0.11028055E+03           0.00000E+00
  -16690.000       -0.11125305E+03           0.00000E+00
  -16685.000       -0.11223054E+03           0.00000E+00
  -16680.000       -0.11321104E+03           0.00000E+00
  -16675.000       -0.11419654E+03           0.00000E+00
  -16670.000       -0.11518603E+03           0.00000E+00
  -16665.000       -0.11617953E+03           0.00000E+00
  -16660.000       -0.11717702E+03           0.00000E+00
  -16655.000       -0.11817752E+03           0.00000E+00
  -16650.000       -0.11918401E+03           0.00000E+00
  -16645.000       -0.12019251E+03           0.00000E+00
  -16640.000       -0.12120701E+03           0.00000E+00
  -16635.000       -0.12222450E+03           0.00000E+00
  -16630.000       -0.12324600E+03           0.00000E+00
  -16625.000       -0.12427149E+03           0.00000E+00
  -16620.000       -0.12530099E+03           0.00000E+00
  -16615.000       -0.12633448E+03           0.00000E+00
  -16610.000       -0.12737298E+03           0.00000E+00
  -16605.000       -0.12841348E+03           0.00000E+00
  -16600.000       -0.12945997E+03           0.00000E+00
  -16595.000       -0.13050947E+03           0.00000E+00
  -16590.000       -0.13156296E+03           0.00000E+00
  -16585.000       -0.13262046E+03           0.00000E+00
  -16580.000       -0.13368195E+03           0.00000E+00
  -16575.000       -0.13474745E+03           0.00000E+00
  -16570.000       -0.13581695E+03           0.00000E+00
  -16565.000       -0.13689044E+03           0.00000E+00
  -16560.000       -0.13796894E+03           0.00000E+00
  -16555.000       -0.13904943E+03           0.00000E+00
  -16550.000       -0.14013493E+03           0.00000E+00
  -16545.000       -0.14122542E+03           0.00000E+00
  -16540.000       -0.14231892E+03           0.00000E+00
  -16535.000       -0.14341642E+03           0.00000E+00
  -16530.000       -0.14451791E+03           0.00000E+00
  -16525.000       -0.14562241E+03           0.00000E+00
  -16520.000       -0.14673290E+03           0.00000E+00
  -16515.000       -0.14784640E+03           0.00000E+00
  -16510.000       -0.14896289E+03           0.00000E+00
  -16505.000       -0.15008439E+03           0.00000E+00
  -16500.000       -0.15120989E+03           0.00000E+00
  -16495.000       -0.15233938E+03           0.00000E+00
  -16490.000       -0.15347188E+03           0.00000E+00
  -16485.000       -0.15460937E+03           0.00000E+00
  -16480.000       -0.15574987E+03           0.00000E+00
  -16475.000       -0.15689536E+03           0.00000E+00
  -16470.000       -0.15804386E+03           0.00000E+00
  -16465.000       -0.15919736E+03           0.00000E+00
  -16460.000       -0.16035385E+03           0.00000E+00
  -16455.000       -0.16151435E+03           0.00000E+00
  -16450.000       -0.16267984E+03           0.00000E+00
  -16445.000       -0.16384734E+03           0.00000E+00
  -16440.000       -0.16501983E+03           0.00000E+00
  -16435.000       -0.16619633E+03           0.00000E+00
  -16430.000       -0.16737583E+03           0.00000E+00
  -16425.000       -0.16856032E+03           0.00000E+00
  -16420.000       -0.16974882E+03           0.00000E+00
  -16415.000       -0.17094031E+03           0.00000E+00
  -16410.000       -0.17213681E+03           0.00000E+00
  -16405.000       -0.17333630E+03           0.00000E+00
  -16400.000       -0.17453980E+03           0.00000E+00
  -16395.000       -0.17574730E+03           0.00000E+00
  -16390.000       -0.17695879E+03           0.00000E+00
  -16385.000       -0.17817429E+03           0.00000E+00
  -16380.000       -0.17939378E+03           0.00000E+00
  -16375.000       -0.18061728E+03           0.00000E+00
  -16370.000       -0.18184377E+03           0.00000E+00
  -16365.000       -0.18307427E+03           0.00000E+00
  -16360.000       -0.18430977E+03           0.00000E+00
  -16355.000       -0.18554826E+03           0.00000E+00
  -16350.000       -0.18678976E+03           0.00000E+00
  -16345.000       -0.18803625E+03           0.00000E+00
  -16340.000       -0.18928675E+03           0.00000E+00
  -16335.000       -0.19054124E+03           0.00000E+00
  -16330.000       -0.19179874E+03           0.00000E+00
  -16325.000       -0.19306124E+03           0.00000E+00
  -16320.000       -0.19432573E+03           0.00000E+00
  -16315.000       -0.19559523E+03           0.00000E+00
  -16310.000       -0.19686972E+03           0.00000E+00
  -16305.000       -0.19814622E+03           0.00000E+00
  -16300.000       -0.19942771E+03           0.00000E+00
  -16295.000       -0.20071221E+03           0.00000E+00
  -16290.000       -0.20200071E+03           0.00000E+00
  -16285.000       -0.20329320E+03           0.00000E+00
  -16280.000       -0.20458970E+03           0.00000E+00
  -16275.000       -0.20588919E+03           0.00000E+00
  -16270.000       -0.20719369E+03           0.00000E+00
  -16265.000       -0.20850118E+03           0.00000E+00
  -16260.000       -0.20981268E+03           0.00000E+00
  -16255.000       -0.21112918E+03           0.00000E+00
  -16250.000       -0.21244767E+03           0.00000E+00
  -16245.000       -0.21377117E+03           0.00000E+00
  -16240.000       -0.21509766E+03           0.00000E+00
  -16235.000       -0.21642816E+03           0.00000E+00
  -16230.000       -0.21776265E+03           0.00000E+00
  -16225.000       -0.21910115E+03           0.00000E+00
  -16220.000       -0.22044365E+03           0.00000E+00
  -16215.000       -0.22178914E+03           0.00000E+00
  -16210.000       -0.22313864E+03           0.00000E+00
  -16205.000       -0.22449213E+03           0.00000E+00
  -16200.000       -0.22584963E+03           0.00000E+00
  -16195.000       -0.22721112E+03           0.00000E+00
  -16190.000       -0.22857562E+03           0.00000E+00
  -16185.000       -0.22994412E+03           0.00000E+00
  -16180.000       -0.23131661E+03           0.00000E+00
  -16175.000       -0.23269211E+03           0.00000E+00
  -16170.000       -0.23407160E+03           0.00000E+00
  -16165.000       -0.23545510E+03           0.00000E+00
  -16160.000       -0.23684259E+03           0.00000E+00
  -16155.000       -0.23823409E+03           0.00000E+00
  -16150.000       -0.23962859E+03           0.00000E+00
  -16145.000       -0.24102708E+03           0.00000E+00
  -16140.000       -0.24242958E+03           0.00000E+00
  -16135.000       -0.24383607E+03           0.00000E+00
  -16130.000       -0.24524557E+03           0.00000E+00
  -16125.000       -0.24666006E+03           0.00000E+00
  -16120.000       -0.24807756E+03           0.00000E+00
  -16115.000       -0.24949806E+03           0.00000E+00
  -16110.000       -0.25092255E+03           0.00000E+00
  -16105.000       -0.25235105E+03           0.00000E+00
  -16100.000       -0.25378354E+03           0.00000E+00
  -16095.000       -0.25522004E+03           0.00000E+00
  -16090.000       -0.25665953E+03           0.00000E+00
  -16085.000       -0.25810303E+03           0.00000E+00
  -16080.000       -0.25954953E+03           0.00000E+00
  -16075.000       -0.26100102E+03           0.00000E+00
  -16070.000       -0.26245552E+03           0.00000E+00
  -16065.000       -0.26391401E+03           0.00000E+00
  -16060.000       -0.26537551E+03           0.00000E+00
  -16055.000       -0.26684100E+03           0.00000E+00
  -16050.000       -0.26831050E+03           0.00000E+00
  -16045.000       -0.26978400E+03           0.00000E+00
  -16040.000       -0.27126149E+03           0.00000E+00
  -16035.000       -0.27274099E+03           0.00000E+00
  -16030.000       -0.27422648E+03           0.00000E+00
  -16025.000       -0.27571298E+03           0.00000E+00
  -16020.000       -0.27720447E+03           0.00000E+00
  -16015.000       -0.27869997E+03           0.00000E+00
  -16010.000       -0.28019947E+03           0.00000E+00
  -16005.000       -0.28170196E+03           0.00000E+00
  -16000.000       -0.28320746E+03           0.00000E+00
  -15995.000       -0.28471795E+03           0.00000E+00
  -15990.000       -0.28623145E+03           0.00000E+00
  -15985.000       -0.28774894E+03           0.00000E+00
  -15980.000       -0.28926944E+03           0.00000E+00
  -15975.000       -0.29079394E+03           0.00000E+00
  -15970.000       -0.29232243E+03           0.00000E+00
  -15965.000       -0.29385393E+03           0.00000E+00
  -15960.000       -0.29538942E+03           0.00000E+00
  -15955.000       -0.29692892E+03           0.00000E+00
  -15950.000       -0.29847141E+03           0.00000E+00
  -15945.000       -0.30001791E+03           0.00000E+00
  -15940.000       -0.30156841E+03           0.00000E+00
  -15935.000       -0.30312190E+03           0.00000E+00
  -15930.000       -0.30467940E+03           0.00000E+00
  -15925.000       -0.30623989E+03           0.00000E+00
  -15920.000       -0.30780539E+03           0.00000E+00
  -15915.000       -0.30937288E+03           0.00000E+00
  -15910.000       -0.31094538E+03           0.00000E+00
  -15905.000       -0.31252088E+03           0.00000E+00
  -15900.000       -0.31409937E+03           0.00000E+00
  -15895.000       -0.31568187E+03           0.00000E+00
  -15890.000       -0.31726836E+03           0.00000E+00
  -15885.000       -0.31885886E+03           0.00000E+00
  -15880.000       -0.32045235E+03           0.00000E+00
  -15875.000       -0.32204885E+03           0.00000E+00
  -15870.000       -0.32365035E+03           0.00000E+00
  -15865.000       -0.32525384E+03           0.00000E+00
  -15860.000       -0.32686234E+03           0.00000E+00
  -15855.000       -0.32847383E+03           0.00000E+00
  -15850.000       -0.33008933E+03           0.00000E+00
  -15845.000       -0.33170782E+03           0.00000E+00
  -15840.000       -0.33333032E+03           0.00000E+00
  -15835.000       -0.33495582E+03           0.00000E+00
  -15830.000       -0.33658531E+03           0.00000E+00
  -15825.000       -0.33821781E+03           0.00000E+00
  -15820.000       -0.33985530E+03           0.00000E+00
  -15815.000       -0.34149580E+03           0.00000E+00
  -15810.000       -0.34313829E+03           0.00000E+00
  -15805.000       -0.34478579E+03           0.00000E+00
  -15800.000       -0.34643729E+03           0.00000E+00
  -15795.000       -0.34809178E+03           0.00000E+00
  -15790.000       -0.34974928E+03           0.00000E+00
  -15785.000       -0.35141077E+03           0.00000E+00
  -15780.000       -0.35307627E+03           0.00000E+00
  -15775.000       -0.35474476E+03           0.00000E+00
  -15770.000       -0.35641726E+03           0.00000E+00
  -15765.000       -0.35809276E+03           0.00000E+00
  -15760.000       -0.35977225E+03           0.00000E+00
  -15755.000       -0.36145475E+03           0.00000E+00
  -15750.000       -0.36314124E+03           0.00000E+00
  -15745.000       -0.36483074E+03           0.00000E+00
  -15740.000       -0.36652423E+03           0.00000E+00
  -15735.000       -0.36822173E+03           0.00000E+00
  -15730.000       -0.36992223E+03           0.00000E+00
  -15725.000       -0.37162572E+03           0.00000E+00
  -15720.000       -0.37333322E+03           0.00000E+00
  -15715.000       -0.37504471E+03           0.00000E+00
  -15710.000       -0.37675921E+03           0.00000E+00
  -15705.000       -0.37847670E+03           0.00000E+00
  -15700.000       -0.38019820E+03           0.00000E+00
  -15695.000       -0.38192370E+03           0.00000E+00
  -15690.000       -0.38365119E+03           0.00000E+00
  -15685.000       -0.38538369E+03           0.00000E+00
  -15680.000       -0.38712018E+03           0.00000E+00
  -15675.000       -0.38885868E+03           0.00000E+00
  -15670.000       -0.39060117E+03           0.00000E+00
  -15665.000       -0.39234767E+03           0.00000E+00
  -15660.000       -0.39409717E+03           0.00000E+00
  -15655.000       -0.39585066E+03           0.00000E+00
  -15650.000       -0.39760616E+03           0.00000E+00
  -15645.000       -0.39936665E+03           0.00000E+00
  -15640.000       -0.40113015E+03           0.00000E+00
  -15635.000       -0.40289664E+03           0.00000E+00
  -15630.000       -0.40466714E+03           0.00000E+00
  -15625.000       -0.40644164E+03           0.00000E+00
  -15620.000       -0.40821913E+03           0.00000E+00
  -15615.000       -0.40999963E+03           0.00000E+00
  -15610.000       -0.41178412E+03           0.00000E+00
  -15605.000       -0.41357162E+03           0.00000E+00
  -15600.000       -0.41536311E+03           0.00000E+00
  -15595.000       -0.41715761E+03           0.00000E+00
  -15590.000       -0.41895611E+03           0.00000E+00
  -15585.000       -0.42075760E+03           0.00000E+00
  -15580.000       -0.42256210E+03           0.00000E+00
  -15575.000       -0.42437059E+03           0.00000E+00
  -15570.000       -0.42618309E+03           0.00000E+00
  -15565.000       -0.42799758E+03           0.00000E+00
  -15560.000       -0.42981708E+03           0.00000E+00
  -15555.000       -0.43163958E+03           0.00000E+00
  -15550.000       -0.43346507E+03           0.00000E+00
  -15545.000       -0.43529357E+03           0.00000E+00
  -15540.000       -0.43712706E+03           0.00000E+00
  -15535.000       -0.43896256E+03           0.00000E+00
  -15530.000       -0.44080205E+03           0.00000E+00
  -15525.000       -0.44264455E+03           0.00000E+00
  -15520.000       -0.44449105E+03           0.00000E+00
  -15515.000       -0.44634054E+03           0.00000E+00
  -15510.000       -0.44819404E+03           0.00000E+00
  -15505.000       -0.45004953E+03           0.00000E+00
  -15500.000       -0.45191003E+03           0.00000E+00
  -15495.000       -0.45377352E+03           0.00000E+00
  -15490.000       -0.45564002E+03           0.00000E+00
  -15485.000       -0.45750952E+03           0.00000E+00
  -15480.000       -0.45938301E+03           0.00000E+00
  -15475.000       -0.46126051E+03           0.00000E+00
  -15470.000       -0.46314000E+03           0.00000E+00
  -15465.000       -0.46502450E+03           0.00000E+00
  -15460.000       -0.46691099E+03           0.00000E+00
  -15455.000       -0.46880249E+03           0.00000E+00
  -15450.000       -0.47069599E+03           0.00000E+00
  -15445.000       -0.47259248E+03           0.00000E+00
  -15440.000       -0.47449398E+03           0.00000E+00
  -15435.000       -0.47639747E+03           0.00000E+00
  -15430.000       -0.47830497E+03           0.00000E+00
  -15425.000       -0.48021546E+03           0.00000E+00
  -15420.000       -0.48212996E+03           0.00000E+00
  -15415.000       -0.48404746E+03           0.00000E+00
  -15410.000       -0.48596795E+03           0.00000E+00
  -15405.000       -0.48789205E+03           0.00000E+00
  -15400.000       -0.48981954E+03           0.00000E+00
  -15395.000       -0.49175074E+03           0.00000E+00
  -15390.000       -0.49368463E+03           0.00000E+00
  -15385.000       -0.49562233E+03           0.00000E+00
  -15380.000       -0.49756323E+03           0.00000E+00
  -15375.000       -0.49950752E+03           0.00000E+00
  -15370.000       -0.50145532E+03           0.00000E+00
  -15365.000       -0.50340621E+03           0.00000E+00
  -15360.000       -0.50536031E+03           0.00000E+00
  -15355.000       -0.50731830E+03           0.00000E+00
  -15350.000       -0.50927920E+03           0.00000E+00
  -15345.000       -0.51124380E+03           0.00000E+00
  -15340.000       -0.51321149E+03           0.00000E+00
  -15335.000       -0.51518229E+03           0.00000E+00
  -15330.000       -0.51715658E+03           0.00000E+00
  -15325.000       -0.51913428E+03           0.00000E+00
  -15320.000       -0.52111517E+03           0.00000E+00
  -15315.000       -0.52309957E+03           0.00000E+00
  -15310.000       -0.52508697E+03           0.00000E+00
  -15305.000       -0.52707806E+03           0.00000E+00
  -15300.000       -0.52907246E+03           0.00000E+00
  -15295.000       -0.53106985E+03           0.00000E+00
  -15290.000       -0.53307075E+03           0.00000E+00
  -15285.000       -0.53507484E+03           0.00000E+00
  -15280.000       -0.53708224E+03           0.00000E+00
  -15275.000       -0.53909294E+03           0.00000E+00
  -15270.000       -0.54110713E+03           0.00000E+00
  -15265.000       -0.54312423E+03           0.00000E+00
  -15260.000       -0.54514502E+03           0.00000E+00
  -15255.000       -0.54716892E+03           0.00000E+00
  -15250.000       -0.54919611E+03           0.00000E+00
  -15245.000       -0.55122681E+03           0.00000E+00
  -15240.000       -0.55326041E+03           0.00000E+00
  -15235.000       -0.55529780E+03           0.00000E+00
  -15230.000       -0.55733800E+03           0.00000E+00
  -15225.000       -0.55938139E+03           0.00000E+00
  -15220.000       -0.56142839E+03           0.00000E+00
  -15215.000       -0.56347898E+03           0.00000E+00
  -15210.000       -0.56553208E+03           0.00000E+00
  -15205.000       -0.56758918E+03           0.00000E+00
  -15200.000       -0.56964877E+03           0.00000E+00
  -15195.000       -0.57171197E+03           0.00000E+00
  -15190.000       -0.57377876E+03           0.00000E+00
  -15185.000       -0.57584846E+03           0.00000E+00
  -15180.000       -0.57792155E+03           0.00000E+00
  -15175.000       -0.57999765E+03           0.00000E+00
  -15170.000       -0.58207725E+03           0.00000E+00
  -15165.000       -0.58415994E+03           0.00000E+00
  -15160.000       -0.58624594E+03           0.00000E+00
  -15155.000       -0.58833493E+03           0.00000E+00
  -15150.000       -0.59042763E+03           0.00000E+00
  -15145.000       -0.59252332E+03           0.00000E+00
  -15140.000       -0.59462252E+03           0.00000E+00
  -15135.000       -0.59672442E+03           0.00000E+00
  -15130.000       -0.59883001E+03           0.00000E+00
  -15125.000       -0.60093851E+03           0.00000E+00
  -15120.000       -0.60305040E+03           0.00000E+00
  -15115.000       -0.60516560E+03           0.00000E+00
  -15110.000       -0.60728419E+03           0.00000E+00
  -15105.000       -0.60940539E+03           0.00000E+00
  -15100.000       -0.61153039E+03           0.00000E+00
  -15095.000       -0.61365848E+03           0.00000E+00
  -15090.000       -0.61578968E+03           0.00000E+00
  -15085.000       -0.61792407E+03           0.00000E+00
  -15080.000       -0.62006157E+03           0.00000E+00
  -15075.000       -0.62220226E+03           0.00000E+00
  -15070.000       -0.62434606E+03           0.00000E+00
  -15065.000       -0.62649366E+03           0.00000E+00
  -15060.000       -0.62864395E+03           0.00000E+00
  -15055.000       -0.63079745E+03           0.00000E+00
  -15050.000       -0.63295434E+03           0.00000E+00
  -15045.000       -0.63511434E+03           0.00000E+00
  -15040.000       -0.63727773E+03           0.00000E+00
  -15035.000       -0.63944413E+03           0.00000E+00
  -15030.000       -0.64161353E+03           0.00000E+00
  -15025.000       -0.64378622E+03           0.00000E+00
  -15020.000       -0.64596202E+03           0.00000E+00
  -15015.000       -0.64814101E+03           0.00000E+00
  -15010.000       -0.65032311E+03           0.00000E+00
  -15005.000       -0.65250880E+03           0.00000E+00
  -15000.000       -0.65469750E+03           0.00000E+00
  -14995.000       -0.65688930E+03           0.00000E+00
  -14990.000       -0.65908419E+03           0.00000E+00
  -14985.000       -0.66128209E+03           0.00000E+00
  -14980.000       -0.66348358E+03           0.00000E+00
  -14975.000       -0.66568798E+03           0.00000E+00
  -14970.000       -0.66789547E+03           0.00000E+00
  -14965.000       -0.67010617E+03           0.00000E+00
  -14960.000       -0.67232007E+03           0.00000E+00
  -14955.000       -0.67453696E+03           0.00000E+00
  -14950.000       -0.67675716E+03           0.00000E+00
  -14945.000       -0.67898025E+03           0.00000E+00
  -14940.000       -0.68120665E+03           0.00000E+00
  -14935.000       -0.68343614E+03           0.00000E+00
  -14930.000       -0.68566904E+03           0.00000E+00
  -14925.000       -0.68790484E+03           0.00000E+00
  -14920.000       -0.69014383E+03           0.00000E+00
  -14915.000       -0.69238573E+03           0.00000E+00
  -14910.000       -0.69463102E+03           0.00000E+00
  -14905.000       -0.69687962E+03           0.00000E+00
  -14900.000       -0.69913101E+03           0.00000E+00
  -14895.000       -0.70138541E+03           0.00000E+00
  -14890.000       -0.70364301E+03           0.00000E+00
  -14885.000       -0.70590370E+03           0.00000E+00
  -14880.000       -0.70816760E+03           0.00000E+00
  -14875.000       -0.71043439E+03           0.00000E+00
  -14870.000       -0.71270489E+03           0.00000E+00
  -14865.000       -0.71497798E+03           0.00000E+00
  -14860.000       -0.71725408E+03           0.00000E+00
  -14855.000       -0.71953358E+03           0.00000E+00
  -14850.000       -0.72181607E+03           0.00000E+00
  -14845.000       -0.72410137E+03           0.00000E+00
  -14840.000       -0.72639016E+03           0.00000E+00
  -14835.000       -0.72868206E+03           0.00000E+00
  -14830.000       -0.73097655E+03           0.00000E+00
  -14825.000       -0.73327445E+03           0.00000E+00
  -14820.000       -0.73557545E+03           0.00000E+00
  -14815.000       -0.73787974E+03           0.00000E+00
  -14810.000       -0.74018674E+03           0.00000E+00
  -14805.000       -0.74249663E+03           0.00000E+00
  -14800.000       -0.74481013E+03           0.00000E+00
  -14795.000       -0.74712652E+03           0.00000E+00
  -14790.000       -0.74944582E+03           0.00000E+00
  -14785.000       -0.75176832E+03           0.00000E+00
  -14780.000       -0.75409371E+03           0.00000E+00
  -14775.000       -0.75642231E+03           0.00000E+00
  -14770.000       -0.75875390E+03           0.00000E+00
  -14765.000       -0.76108850E+03           0.00000E+00
  -14760.000       -0.76342619E+03           0.00000E+00
  -14755.000       -0.76576679E+03           0.00000E+00
  -14750.000       -0.76811089E+03           0.00000E+00
  -14745.000       -0.77045758E+03           0.00000E+00
  -14740.000       -0.77280718E+03           0.00000E+00
  -14735.000       -0.77516027E+03           0.00000E+00
  -14730.000       -0.77751607E+03           0.00000E+00
  -14725.000       -0.77987516E+03           0.00000E+00
  -14720.000       -0.78223706E+03           0.00000E+00
  -14715.000       -0.78460196E+03           0.00000E+00
  -14710.000       -0.78697005E+03           0.00000E+00
  -14705.000       -0.78934095E+03           0.00000E+00
  -14700.000       -0.79171524E+03           0.00000E+00
  -14695.000       -0.79409234E+03           0.00000E+00
  -14690.000       -0.79647194E+03           0.00000E+00
  -14685.000       -0.79885513E+03           0.00000E+00
  -14680.000       -0.80124123E+03           0.00000E+00
  -14675.000       -0.80363042E+03           0.00000E+00
  -14670.000       -0.80602242E+03           0.00000E+00
  -14665.000       -0.80841751E+03           0.00000E+00
  -14660.000       -0.81081581E+03           0.00000E+00
  -14655.000       -0.81321671E+03           0.00000E+00
  -14650.000       -0.81562100E+03           0.00000E+00
  -14645.000       -0.81802770E+03           0.00000E+00
  -14640.000       -0.82043789E+03           0.00000E+00
  -14635.000       -0.82285079E+03           0.00000E+00
  -14630.000       -0.82526678E+03           0.00000E+00
  -14625.000       -0.82768578E+03           0.00000E+00
  -14620.000       -0.83010768E+03           0.00000E+00
  -14615.000       -0.83253297E+03           0.00000E+00
  -14610.000       -0.83496057E+03           0.00000E+00
  -14605.000       -0.83739156E+03           0.00000E+00
  -14600.000       -0.83982526E+03           0.00000E+00
  -14595.000       -0.84226215E+03           0.00000E+00
  -14590.000       -0.84470185E+03           0.00000E+00
  -14585.000       -0.84714465E+03           0.00000E+00
  -14580.000       -0.84959024E+03           0.00000E+00
  -14575.000       -0.85203904E+03           0.00000E+00
  -14570.000       -0.85449043E+03           0.00000E+00
  -14565.000       -0.85694503E+03           0.00000E+00
  -14560.000       -0.85940242E+03           0.00000E+00
  -14555.000       -0.86186282E+03           0.00000E+00
  -14550.000       -0.86432632E+03           0.00000E+00
  -14545.000       -0.86679251E+03           0.00000E+00
  -14540.000       -0.86926181E+03           0.00000E+00
  -14535.000       -0.87173400E+03           0.00000E+00
  -14530.000       -0.87420910E+03           0.00000E+00
  -14525.000       -0.87668719E+03           0.00000E+00
  -14520.000       -0.87916809E+03           0.00000E+00
  -14515.000       -0.88165209E+03           0.00000E+00
  -14510.000       -0.88413898E+03           0.00000E+00
  -14505.000       -0.88662858E+03           0.00000E+00
  -14500.000       -0.88912147E+03           0.00000E+00
  -14495.000       -0.89161717E+03           0.00000E+00
  -14490.000       -0.89411566E+03           0.00000E+00
  -14485.000       -0.89661716E+03           0.00000E+00
  -14480.000       -0.89912156E+03           0.00000E+00
  -14475.000       -0.90162905E+03           0.00000E+00
  -14470.000       -0.90413915E+03           0.00000E+00
  -14465.000       -0.90665234E+03           0.00000E+00
  -14460.000       -0.90916834E+03           0.00000E+00
  -14455.000       -0.91168733E+03           0.00000E+00
  -14450.000       -0.91420913E+03           0.00000E+00
  -14445.000       -0.91673383E+03           0.00000E+00
  -14440.000       -0.91926182E+03           0.00000E+00
  -14435.000       -0.92179212E+03           0.00000E+00
  -14430.000       -0.92432571E+03           0.00000E+00
  -14425.000       -0.92686211E+03           0.00000E+00
  -14420.000       -0.92940140E+03           0.00000E+00
  -14415.000       -0.93194360E+03           0.00000E+00
  -14410.000       -0.93448890E+03           0.00000E+00
  -14405.000       -0.93703689E+03           0.00000E+00
  -14400.000       -0.93958769E+03           0.00000E+00
  -14395.000       -0.94214148E+03           0.00000E+00
  -14390.000       -0.94469818E+03           0.00000E+00
  -14385.000       -0.94725757E+03           0.00000E+00
  -14380.000       -0.94982047E+03           0.00000E+00
  -14375.000       -0.95238587E+03           0.00000E+00
  -14370.000       -0.95495406E+03           0.00000E+00
  -14365.000       -0.95752516E+03           0.00000E+00
  -14360.000       -0.96009935E+03           0.00000E+00
  -14355.000       -0.96267625E+03           0.00000E+00
  -14350.000       -0.96525604E+03           0.00000E+00
  -14345.000       -0.96783904E+03           0.00000E+00
  -14340.000       -0.97042454E+03           0.00000E+00
  -14335.000       -0.97301313E+03           0.00000E+00
  -14330.000       -0.97560460E+03           0.00000E+00
  -14325.000       -0.97819897E+03           0.00000E+00
  -14320.000       -0.98079626E+03           0.00000E+00
  -14315.000       -0.98339637E+03           0.00000E+00
  -14310.000       -0.98599952E+03           0.00000E+00
  -14305.000       -0.98860550E+03           0.00000E+00
  -14300.000       -0.99121419E+03           0.00000E+00
  -14295.000       -0.99382594E+03           0.00000E+00
  -14290.000       -0.99644070E+03           0.00000E+00
  -14285.000       -0.99905823E+03           0.00000E+00
  -14280.000       -0.10016789E+04           0.00000E+00
  -14275.000       -0.10043020E+04           0.00000E+00
  -14270.000       -0.10069284E+04           0.00000E+00
  -14265.000       -0.10095575E+04           0.00000E+00
  -14260.000       -0.10121896E+04           0.00000E+00
  -14255.000       -0.10148248E+04           0.00000E+00
  -14250.000       -0.10174627E+04           0.00000E+00
  -14245.000       -0.10201034E+04           0.00000E+00
  -14240.000       -0.10227473E+04           0.00000E+00
  -14235.000       -0.10253943E+04           0.00000E+00
  -14230.000       -0.10280437E+04           0.00000E+00
  -14225.000       -0.10306962E+04           0.00000E+00
  -14220.000       -0.10333518E+04           0.00000E+00
  -14215.000       -0.10360101E+04           0.00000E+00
  -14210.000       -0.10386717E+04           0.00000E+00
  -14205.000       -0.10413359E+04           0.00000E+00
  -14200.000       -0.10440031E+04           0.00000E+00
