  -19950.000       -0.11640652E+03           0.00000E+00
  -19945.000       -0.11523201E+03           0.00000E+00
  -19940.000       -0.11406251E+03           0.00000E+00
  -19935.000       -0.11289900E+03           0.00000E+00
  -19930.000       -0.11174050E+03           0.00000E+00
  -19925.000       -0.11058899E+03           0.00000E+00
  -19920.000       -0.10944449E+03           0.00000E+00
  -19915.000       -0.10830398E+03           0.00000E+00
  -19910.000       -0.10717048E+03           0.00000E+00
  -19905.000       -0.10604297E+03           0.00000E+00
  -19900.000       -0.10491947E+03           0.00000E+00
  -19895.000       -0.10380396E+03           0.00000E+00
  -19890.000       -0.10269346E+03           0.00000E+00
  -19885.000       -0.10158995E+03           0.00000E+00
  -19880.000       -0.10049245E+03           0.00000E+00
  -19875.000       -0.99397942E+02           0.00000E+00
  -19870.000       -0.98312437E+02           0.00000E+00
  -19865.000       -0.97232932E+02           0.00000E+00
  -19860.000       -0.96157427E+02           0.00000E+00
  -19855.000       -0.95089922E+02           0.00000E+00
  -19850.000       -0.94027417E+02           0.00000E+00
  -19845.000       -0.92970911E+02           0.00000E+00
  -19840.000       -0.91920406E+02           0.00000E+00
  -19835.000       -0.90875901E+02           0.00000E+00
  -19830.000       -0.89837396E+02           0.00000E+00
  -19825.000       -0.88804891E+02           0.00000E+00
  -19820.000       -0.87778386E+02           0.00000E+00
  -19815.000       -0.86757881E+02           0.00000E+00
  -19810.000       -0.85745376E+02           0.00000E+00
  -19805.000       -0.84736871E+02           0.00000E+00
  -19800.000       -0.83733366E+02           0.00000E+00
  -19795.000       -0.82738861E+02           0.00000E+00
  -19790.000       -0.81747356E+02           0.00000E+00
  -19785.000       -0.80763851E+02           0.00000E+00
  -19780.000       -0.79787346E+02           0.00000E+00
  -19775.000       -0.78813841E+02           0.00000E+00
  -19770.000       -0.77848335E+02           0.00000E+00
  -19765.000       -0.76889830E+02           0.00000E+00
  -19760.000       -0.75935325E+02           0.00000E+00
  -19755.000       -0.74988820E+02           0.00000E+00
  -19750.000       -0.74046315E+02           0.00000E+00
  -19745.000       -0.73110810E+02           0.00000E+00
  -19740.000       -0.72182305E+02           0.00000E+00
  -19735.000       -0.71258800E+02           0.00000E+00
  -19730.000       -0.70341295E+02           0.00000E+00
  -19725.000       -0.69431790E+02           0.00000E+00
  -19720.000       -0.68525285E+02           0.17372E-29
  -19715.000       -0.67626780E+02           0.42664E-29
  -19710.000       -0.66732275E+02           0.10436E-28
  -19705.000       -0.65846770E+02           0.25299E-28
  -19700.000       -0.64966265E+02           0.61025E-28
  -19695.000       -0.64091760E+02           0.14632E-27
  -19690.000       -0.63222254E+02           0.34908E-27
  -19685.000       -0.62360749E+02           0.82617E-27
  -19680.000       -0.61505244E+02           0.19436E-26
  -19675.000       -0.60654739E+02           0.45497E-26
  -19670.000       -0.59809234E+02           0.10597E-25
  -19665.000       -0.58970729E+02           0.24510E-25
  -19660.000       -0.58139224E+02           0.56293E-25
  -19655.000       -0.57313719E+02           0.12852E-24
  -19650.000       -0.56493214E+02           0.29195E-24
  -19645.000       -0.55678709E+02           0.65924E-24
  -19640.000       -0.54872204E+02           0.14767E-23
  -19635.000       -0.54069699E+02           0.32948E-23
  -19630.000       -0.53274194E+02           0.72998E-23
  -19625.000       -0.52485689E+02           0.16060E-22
  -19620.000       -0.51701184E+02           0.35193E-22
  -19615.000       -0.50923679E+02           0.76582E-22
  -19610.000       -0.50152173E+02           0.16565E-21
  -19605.000       -0.49386668E+02           0.35616E-21
  -19600.000       -0.48627163E+02           0.76119E-21
  -19595.000       -0.47873658E+02           0.16171E-20
  -19590.000       -0.47125153E+02           0.34183E-20
  -19585.000       -0.46386648E+02           0.71538E-20
  -19580.000       -0.45650143E+02           0.14942E-19
  -19575.000       -0.44921638E+02           0.30959E-19
  -19570.000       -0.44198133E+02           0.63826E-19
  -19565.000       -0.43480628E+02           0.13080E-18
  -19560.000       -0.42770123E+02           0.26618E-18
  -19555.000       -0.42064618E+02           0.53898E-18
  -19550.000       -0.41365113E+02           0.10848E-17
  -19545.000       -0.40671608E+02           0.21704E-17
  -19540.000       -0.39986103E+02           0.43078E-17
  -19535.000       -0.39303598E+02           0.85244E-17
  -19530.000       -0.38629092E+02           0.16734E-16
  -19525.000       -0.37960587E+02           0.32653E-16
  -19520.000       -0.37297082E+02           0.63399E-16
  -19515.000       -0.36640577E+02           0.12224E-15
  -19510.000       -0.35989072E+02           0.23450E-15
  -19505.000       -0.35343567E+02           0.44718E-15
  -19500.000       -0.34705062E+02           0.84680E-15
  -19495.000       -0.34071557E+02           0.15956E-14
  -19490.000       -0.33444052E+02           0.29884E-14
  -19485.000       -0.32823547E+02           0.55580E-14
  -19480.000       -0.32209042E+02           0.10275E-13
  -19475.000       -0.31599537E+02           0.18901E-13
  -19470.000       -0.30996032E+02           0.34562E-13
  -19465.000       -0.30398527E+02           0.62819E-13
  -19460.000       -0.29807022E+02           0.11349E-12
  -19455.000       -0.29222516E+02           0.20362E-12
  -19450.000       -0.28643011E+02           0.36349E-12
  -19445.000       -0.28068506E+02           0.64566E-12
  -19440.000       -0.27502001E+02           0.11377E-11
  -19435.000       -0.26939496E+02           0.19968E-11
  -19430.000       -0.26383991E+02           0.34800E-11
  -19425.000       -0.25834486E+02           0.60287E-11
  -19420.000       -0.25290981E+02           0.10382E-10
  -19415.000       -0.24753476E+02           0.17771E-10
  -19410.000       -0.24220971E+02           0.30267E-10
  -19405.000       -0.23694466E+02           0.51242E-10
  -19400.000       -0.23173961E+02           0.86234E-10
  -19395.000       -0.22659456E+02           0.14425E-09
  -19390.000       -0.22151951E+02           0.23962E-09
  -19385.000       -0.21649446E+02           0.39606E-09
  -19380.000       -0.21152941E+02           0.65072E-09
  -19375.000       -0.20662435E+02           0.10627E-08
  -19370.000       -0.20176930E+02           0.17269E-08
  -19365.000       -0.19698425E+02           0.27867E-08
  -19360.000       -0.19225920E+02           0.44698E-08
  -19355.000       -0.18758415E+02           0.71338E-08
  -19350.000       -0.18296910E+02           0.11318E-07
  -19345.000       -0.17841405E+02           0.17847E-07
  -19340.000       -0.17391900E+02           0.27977E-07
  -19335.000       -0.16947395E+02           0.43635E-07
  -19330.000       -0.16510890E+02           0.67517E-07
  -19325.000       -0.16079385E+02           0.10395E-06
  -19320.000       -0.15651880E+02           0.15940E-06
  -19315.000       -0.15231375E+02           0.24272E-06
  -19310.000       -0.14815870E+02           0.36775E-06
  -19305.000       -0.14407365E+02           0.55330E-06
  -19300.000       -0.14005860E+02           0.82667E-06
  -19295.000       -0.13608354E+02           0.12302E-05
  -19290.000       -0.13215849E+02           0.18215E-05
  -19285.000       -0.12829344E+02           0.26809E-05
  -19280.000       -0.12451839E+02           0.39105E-05
  -19275.000       -0.12078334E+02           0.56813E-05
  -19270.000       -0.11709829E+02           0.82127E-05
  -19265.000       -0.11348324E+02           0.11789E-04
  -19260.000       -0.10989819E+02           0.16873E-04
  -19255.000       -0.10639314E+02           0.23955E-04
  -19250.000       -0.10295809E+02           0.33774E-04
  -19245.000       -0.99553038E+01           0.47475E-04
  -19240.000       -0.96217988E+01           0.66268E-04
  -19235.000       -0.92932937E+01           0.92039E-04
  -19230.000       -0.89707886E+01           0.12707E-03
  -19225.000       -0.86552836E+01           0.17420E-03
  -19220.000       -0.83447785E+01           0.23763E-03
  -19215.000       -0.80412734E+01           0.32190E-03
  -19210.000       -0.77427684E+01           0.43387E-03
  -19205.000       -0.74482633E+01           0.58245E-03
  -19200.000       -0.71607582E+01           0.77647E-03
  -19195.000       -0.68792532E+01           0.10289E-02
  -19190.000       -0.66037481E+01           0.13553E-02
  -19185.000       -0.63322431E+01           0.17780E-02
  -19180.000       -0.60677380E+01           0.23164E-02
  -19175.000       -0.58092329E+01           0.29997E-02
  -19170.000       -0.55567279E+01           0.38614E-02
  -19165.000       -0.53082228E+01           0.49507E-02
  -19160.000       -0.50667177E+01           0.63031E-02
  -19155.000       -0.48312127E+01           0.79768E-02
  -19150.000       -0.46007076E+01           0.10045E-01
  -19145.000       -0.43752025E+01           0.12586E-01
  -19140.000       -0.41566975E+01           0.15659E-01
  -19135.000       -0.39421924E+01           0.19406E-01
  -19130.000       -0.37356874E+01           0.23857E-01
  -19125.000       -0.35331823E+01           0.29212E-01
  -19120.000       -0.33376772E+01           0.35519E-01
  -19115.000       -0.31461722E+01           0.43016E-01
  -19110.000       -0.29606671E+01           0.51784E-01
  -19105.000       -0.27831620E+01           0.61843E-01
  -19100.000       -0.26076570E+01           0.73707E-01
  -19095.000       -0.24391519E+01           0.87235E-01
  -19090.000       -0.22776468E+01           0.10253E+00
  -19085.000       -0.21201418E+01           0.12001E+00
  -19080.000       -0.19696367E+01           0.13951E+00
  -19075.000       -0.18241317E+01           0.16136E+00
  -19070.000       -0.16836266E+01           0.18570E+00
  -19065.000       -0.15501215E+01           0.21222E+00
  -19060.000       -0.14216165E+01           0.24132E+00
  -19055.000       -0.12971114E+01           0.27332E+00
  -19050.000       -0.11796063E+01           0.30740E+00
  -19045.000       -0.10681013E+01           0.34366E+00
  -19040.000       -0.96159621E+00           0.38228E+00
  -19035.000       -0.86009114E+00           0.42312E+00
  -19030.000       -0.76658608E+00           0.46460E+00
  -19025.000       -0.67608102E+00           0.50861E+00
  -19020.000       -0.59257595E+00           0.55290E+00
  -19015.000       -0.51407089E+00           0.59806E+00
  -19010.000       -0.44056583E+00           0.64367E+00
  -19005.000       -0.37406076E+00           0.68794E+00
  -19000.000       -0.31255570E+00           0.73157E+00
  -18995.000       -0.25605064E+00           0.77410E+00
  -18990.000       -0.20554557E+00           0.81420E+00
  -18985.000       -0.16104051E+00           0.85126E+00
  -18980.000       -0.12053544E+00           0.88645E+00
  -18975.000       -0.87030381E-01           0.91665E+00
  -18970.000       -0.58525318E-01           0.94315E+00
  -18965.000       -0.36020254E-01           0.96462E+00
  -18960.000       -0.18515191E-01           0.98166E+00
  -18955.000       -0.80101271E-02           0.99202E+00
  -18950.000       -0.15050636E-02           0.99850E+00
  -18945.000        0.00000000E+00           0.10000E+01
  -18940.000       -0.54949364E-02           0.99452E+00
  -18935.000       -0.14989873E-01           0.98512E+00
  -18930.000       -0.30484809E-01           0.96998E+00
  -18925.000       -0.51979746E-01           0.94935E+00
  -18920.000       -0.79474682E-01           0.92360E+00
  -18915.000       -0.11196962E+00           0.89407E+00
  -18910.000       -0.14946456E+00           0.86117E+00
  -18905.000       -0.19295949E+00           0.82452E+00
  -18900.000       -0.24145443E+00           0.78548E+00
  -18895.000       -0.29494936E+00           0.74457E+00
  -18890.000       -0.35544430E+00           0.70086E+00
  -18885.000       -0.42093924E+00           0.65643E+00
  -18880.000       -0.49143417E+00           0.61175E+00
  -18875.000       -0.56792911E+00           0.56670E+00
  -18870.000       -0.64942405E+00           0.52235E+00
  -18865.000       -0.73691898E+00           0.47859E+00
  -18860.000       -0.82941392E+00           0.43630E+00
  -18855.000       -0.92790886E+00           0.39538E+00
  -18850.000       -0.10304038E+01           0.35686E+00
  -18845.000       -0.11388987E+01           0.32017E+00
  -18840.000       -0.12533937E+01           0.28553E+00
  -18835.000       -0.13738886E+01           0.25312E+00
  -18830.000       -0.14983835E+01           0.22349E+00
  -18825.000       -0.16288785E+01           0.19615E+00
  -18820.000       -0.17653734E+01           0.17112E+00
  -18815.000       -0.19068683E+01           0.14854E+00
  -18810.000       -0.20543633E+01           0.12817E+00
  -18805.000       -0.22068582E+01           0.11005E+00
  -18800.000       -0.23653532E+01           0.93916E-01
  -18795.000       -0.25278481E+01           0.79831E-01
  -18790.000       -0.26963430E+01           0.67452E-01
  -18785.000       -0.28698380E+01           0.56708E-01
  -18780.000       -0.30493329E+01           0.47391E-01
  -18775.000       -0.32348278E+01           0.39367E-01
  -18770.000       -0.34253228E+01           0.32539E-01
  -18765.000       -0.36208177E+01           0.26761E-01
  -18760.000       -0.38223126E+01           0.21877E-01
  -18755.000       -0.40288076E+01           0.17796E-01
  -18750.000       -0.42403025E+01           0.14403E-01
  -18745.000       -0.44567975E+01           0.11599E-01
  -18740.000       -0.46802924E+01           0.92763E-02
  -18735.000       -0.49077873E+01           0.73888E-02
  -18730.000       -0.51422823E+01           0.58443E-02
  -18725.000       -0.53797772E+01           0.46088E-02
  -18720.000       -0.56242721E+01           0.36092E-02
  -18715.000       -0.58727671E+01           0.28151E-02
  -18710.000       -0.61282620E+01           0.21804E-02
  -18705.000       -0.63877569E+01           0.16820E-02
  -18700.000       -0.66542519E+01           0.12885E-02
  -18695.000       -0.69247468E+01           0.98315E-03
  -18690.000       -0.72002418E+01           0.74641E-03
  -18685.000       -0.74827367E+01           0.56272E-03
  -18680.000       -0.77682316E+01           0.42296E-03
  -18675.000       -0.80597266E+01           0.31601E-03
  -18670.000       -0.83572215E+01           0.23470E-03
  -18665.000       -0.86607164E+01           0.17326E-03
  -18660.000       -0.89682114E+01           0.12740E-03
  -18655.000       -0.92827063E+01           0.93019E-04
  -18650.000       -0.96012012E+01           0.67647E-04
  -18645.000       -0.99246962E+01           0.48951E-04
  -18640.000       -0.10254191E+02           0.35210E-04
  -18635.000       -0.10588686E+02           0.25200E-04
  -18630.000       -0.10928181E+02           0.17945E-04
  -18625.000       -0.11273676E+02           0.12703E-04
  -18620.000       -0.11624171E+02           0.89472E-05
  -18615.000       -0.11980666E+02           0.62642E-05
  -18610.000       -0.12341161E+02           0.43682E-05
  -18605.000       -0.12707656E+02           0.30279E-05
  -18600.000       -0.13078151E+02           0.20904E-05
  -18595.000       -0.13455646E+02           0.14331E-05
  -18590.000       -0.13838140E+02           0.97762E-06
  -18585.000       -0.14225635E+02           0.66357E-06
  -18580.000       -0.14619130E+02           0.44771E-06
  -18575.000       -0.15017625E+02           0.30056E-06
  -18570.000       -0.15420120E+02           0.20097E-06
  -18565.000       -0.15828615E+02           0.13357E-06
  -18560.000       -0.16242110E+02           0.88337E-07
  -18555.000       -0.16660605E+02           0.58129E-07
  -18550.000       -0.17085100E+02           0.38022E-07
  -18545.000       -0.17513595E+02           0.24771E-07
  -18540.000       -0.17949090E+02           0.16025E-07
  -18535.000       -0.18388585E+02           0.10326E-07
  -18530.000       -0.18834080E+02           0.66140E-08
  -18525.000       -0.19285575E+02           0.42110E-08
  -18520.000       -0.19740070E+02           0.26730E-08
  -18515.000       -0.20201565E+02           0.16849E-08
  -18510.000       -0.20667059E+02           0.10578E-08
  -18505.000       -0.21138554E+02           0.66015E-09
  -18500.000       -0.21615049E+02           0.40992E-09
  -18495.000       -0.22096544E+02           0.25328E-09
  -18490.000       -0.22585039E+02           0.15540E-09
  -18485.000       -0.23075534E+02           0.95153E-10
  -18480.000       -0.23573029E+02           0.57858E-10
  -18475.000       -0.24075524E+02           0.35005E-10
  -18470.000       -0.24583019E+02           0.21073E-10
  -18465.000       -0.25096514E+02           0.12610E-10
  -18460.000       -0.25615009E+02           0.75083E-11
  -18455.000       -0.26137504E+02           0.44527E-11
  -18450.000       -0.26665999E+02           0.26248E-11
  -18445.000       -0.27199494E+02           0.15396E-11
  -18440.000       -0.27738989E+02           0.89766E-12
  -18435.000       -0.28282484E+02           0.52128E-12
  -18430.000       -0.28829978E+02           0.30151E-12
  -18425.000       -0.29384473E+02           0.17318E-12
  -18420.000       -0.29944968E+02           0.98870E-13
  -18415.000       -0.30510463E+02           0.56166E-13
  -18410.000       -0.31078958E+02           0.31811E-13
  -18405.000       -0.31654453E+02           0.17891E-13
  -18400.000       -0.32233948E+02           0.10022E-13
  -18395.000       -0.32819443E+02           0.55808E-14
  -18390.000       -0.33409938E+02           0.30921E-14
  -18385.000       -0.34004433E+02           0.17063E-14
  -18380.000       -0.34604928E+02           0.93599E-15
  -18375.000       -0.35211423E+02           0.51036E-15
  -18370.000       -0.35821918E+02           0.27717E-15
  -18365.000       -0.36437413E+02           0.14977E-15
  -18360.000       -0.37059908E+02           0.80369E-16
  -18355.000       -0.37685402E+02           0.42997E-16
  -18350.000       -0.38316897E+02           0.22866E-16
  -18345.000       -0.38953392E+02           0.12099E-16
  -18340.000       -0.39594887E+02           0.63703E-17
  -18335.000       -0.40241382E+02           0.33373E-17
  -18330.000       -0.40892877E+02           0.17396E-17
  -18325.000       -0.41549372E+02           0.90227E-18
  -18320.000       -0.42211867E+02           0.46518E-18
  -18315.000       -0.42878362E+02           0.23887E-18
  -18310.000       -0.43550857E+02           0.12193E-18
  -18305.000       -0.44227352E+02           0.61988E-19
  -18300.000       -0.44909847E+02           0.31326E-19
  -18295.000       -0.45597342E+02           0.15752E-19
  -18290.000       -0.46288837E+02           0.78888E-20
  -18285.000       -0.46987332E+02           0.39234E-20
  -18280.000       -0.47689827E+02           0.19434E-20
  -18275.000       -0.48397321E+02           0.95788E-21
  -18270.000       -0.49109816E+02           0.46976E-21
  -18265.000       -0.49826311E+02           0.22946E-21
  -18260.000       -0.50549806E+02           0.11130E-21
  -18255.000       -0.51277301E+02           0.53771E-22
  -18250.000       -0.52009796E+02           0.25848E-22
  -18245.000       -0.52748291E+02           0.12351E-22
  -18240.000       -0.53490786E+02           0.58782E-23
  -18235.000       -0.54239281E+02           0.27809E-23
  -18230.000       -0.54991776E+02           0.13103E-23
  -18225.000       -0.55749271E+02           0.61433E-24
  -18220.000       -0.56512766E+02           0.28630E-24
  -18215.000       -0.57280261E+02           0.13289E-24
  -18210.000       -0.58054756E+02           0.61255E-25
  -18205.000       -0.58831251E+02           0.28178E-25
  -18200.000       -0.59614746E+02           0.12872E-25
  -18195.000       -0.60402240E+02           0.58565E-26
  -18190.000       -0.61196735E+02           0.26460E-26
  -18185.000       -0.61994230E+02           0.11919E-26
  -18180.000       -0.62797725E+02           0.53370E-27
  -18175.000       -0.63605220E+02           0.23801E-27
  -18170.000       -0.64418715E+02           0.10551E-27
  -18165.000       -0.65236210E+02           0.46588E-28
  -18160.000       -0.66059705E+02           0.20447E-28
  -18155.000       -0.66887200E+02           0.89384E-29
  -18150.000       -0.67720695E+02           0.38840E-29
  -18145.000       -0.68558190E+02           0.16810E-29
  -18140.000       -0.69400685E+02           0.00000E+00
  -18135.000       -0.70249180E+02           0.00000E+00
  -18130.000       -0.71102675E+02           0.00000E+00
  -18125.000       -0.71959170E+02           0.00000E+00
  -18120.000       -0.72822665E+02           0.00000E+00
  -18115.000       -0.73690159E+02           0.00000E+00
  -18110.000       -0.74562654E+02           0.00000E+00
  -18105.000       -0.75440149E+02           0.00000E+00
  -18100.000       -0.76322644E+02           0.00000E+00
  -18095.000       -0.77211139E+02           0.00000E+00
  -18090.000       -0.78102634E+02           0.00000E+00
  -18085.000       -0.79000129E+02           0.00000E+00
  -18080.000       -0.79901624E+02           0.00000E+00
  -18075.000       -0.80810119E+02           0.00000E+00
  -18070.000       -0.81721614E+02           0.00000E+00
  -18065.000       -0.82639109E+02           0.00000E+00
  -18060.000       -0.83560604E+02           0.00000E+00
  -18055.000       -0.84488099E+02           0.00000E+00
  -18050.000       -0.85418594E+02           0.00000E+00
  -18045.000       -0.86355089E+02           0.00000E+00
  -18040.000       -0.87298583E+02           0.00000E+00
  -18035.000       -0.88244078E+02           0.00000E+00
  -18030.000       -0.89195573E+02           0.00000E+00
  -18025.000       -0.90152068E+02           0.00000E+00
  -18020.000       -0.91113563E+02           0.00000E+00
  -18015.000       -0.92079058E+02           0.00000E+00
  -18010.000       -0.93049553E+02           0.00000E+00
  -18005.000       -0.94026048E+02           0.00000E+00
  -18000.000       -0.95006543E+02           0.00000E+00
  -17995.000       -0.95992038E+02           0.00000E+00
  -17990.000       -0.96982533E+02           0.00000E+00
  -17985.000       -0.97977028E+02           0.00000E+00
  -17980.000       -0.98977523E+02           0.00000E+00
  -17975.000       -0.99982018E+02           0.00000E+00
  -17970.000       -0.10099151E+03           0.00000E+00
  -17965.000       -0.10200701E+03           0.00000E+00
  -17960.000       -0.10302650E+03           0.00000E+00
  -17955.000       -0.10405100E+03           0.00000E+00
  -17950.000       -0.10508049E+03           0.00000E+00
  -17945.000       -0.10611399E+03           0.00000E+00
  -17940.000       -0.10715248E+03           0.00000E+00
  -17935.000       -0.10819698E+03           0.00000E+00
  -17930.000       -0.10924647E+03           0.00000E+00
  -17925.000       -0.11029797E+03           0.00000E+00
  -17920.000       -0.11135646E+03           0.00000E+00
  -17915.000       -0.11241896E+03           0.00000E+00
  -17910.000       -0.11348745E+03           0.00000E+00
  -17905.000       -0.11455995E+03           0.00000E+00
  -17900.000       -0.11563744E+03           0.00000E+00
  -17895.000       -0.11671994E+03           0.00000E+00
  -17890.000       -0.11780743E+03           0.00000E+00
  -17885.000       -0.11889893E+03           0.00000E+00
  -17880.000       -0.11999542E+03           0.00000E+00
  -17875.000       -0.12109592E+03           0.00000E+00
  -17870.000       -0.12220341E+03           0.00000E+00
  -17865.000       -0.12331391E+03           0.00000E+00
  -17860.000       -0.12443040E+03           0.00000E+00
  -17855.000       -0.12554990E+03           0.00000E+00
  -17850.000       -0.12667439E+03           0.00000E+00
  -17845.000       -0.12780489E+03           0.00000E+00
  -17840.000       -0.12894038E+03           0.00000E+00
  -17835.000       -0.13007988E+03           0.00000E+00
  -17830.000       -0.13122437E+03           0.00000E+00
  -17825.000       -0.13237287E+03           0.00000E+00
  -17820.000       -0.13352736E+03           0.00000E+00
  -17815.000       -0.13468586E+03           0.00000E+00
  -17810.000       -0.13584935E+03           0.00000E+00
  -17805.000       -0.13701685E+03           0.00000E+00
  -17800.000       -0.13818934E+03           0.00000E+00
  -17795.000       -0.13936784E+03           0.00000E+00
  -17790.000       -0.14054933E+03           0.00000E+00
  -17785.000       -0.14173583E+03           0.00000E+00
  -17780.000       -0.14292832E+03           0.00000E+00
  -17775.000       -0.14412482E+03           0.00000E+00
  -17770.000       -0.14532631E+03           0.00000E+00
  -17765.000       -0.14653180E+03           0.00000E+00
  -17760.000       -0.14774230E+03           0.00000E+00
  -17755.000       -0.14895779E+03           0.00000E+00
  -17750.000       -0.15017729E+03           0.00000E+00
  -17745.000       -0.15140278E+03           0.00000E+00
  -17740.000       -0.15263128E+03           0.00000E+00
  -17735.000       -0.15386577E+03           0.00000E+00
  -17730.000       -0.15510427E+03           0.00000E+00
  -17725.000       -0.15634776E+03           0.00000E+00
  -17720.000       -0.15759626E+03           0.00000E+00
  -17715.000       -0.15884975E+03           0.00000E+00
  -17710.000       -0.16010625E+03           0.00000E+00
  -17705.000       -0.16136974E+03           0.00000E+00
  -17700.000       -0.16263624E+03           0.00000E+00
  -17695.000       -0.16390673E+03           0.00000E+00
  -17690.000       -0.16518323E+03           0.00000E+00
  -17685.000       -0.16646372E+03           0.00000E+00
  -17680.000       -0.16775022E+03           0.00000E+00
  -17675.000       -0.16903971E+03           0.00000E+00
  -17670.000       -0.17033421E+03           0.00000E+00
  -17665.000       -0.17163470E+03           0.00000E+00
  -17660.000       -0.17293820E+03           0.00000E+00
  -17655.000       -0.17424669E+03           0.00000E+00
  -17650.000       -0.17556019E+03           0.00000E+00
  -17645.000       -0.17687768E+03           0.00000E+00
  -17640.000       -0.17820018E+03           0.00000E+00
  -17635.000       -0.17952767E+03           0.00000E+00
  -17630.000       -0.18086017E+03           0.00000E+00
  -17625.000       -0.18219666E+03           0.00000E+00
  -17620.000       -0.18353716E+03           0.00000E+00
  -17615.000       -0.18488265E+03           0.00000E+00
  -17610.000       -0.18623315E+03           0.00000E+00
  -17605.000       -0.18758864E+03           0.00000E+00
  -17600.000       -0.18894814E+03           0.00000E+00
  -17595.000       -0.19031163E+03           0.00000E+00
  -17590.000       -0.19168113E+03           0.00000E+00
  -17585.000       -0.19305462E+03           0.00000E+00
  -17580.000       -0.19443112E+03           0.00000E+00
  -17575.000       -0.19581461E+03           0.00000E+00
  -17570.000       -0.19720111E+03           0.00000E+00
  -17565.000       -0.19859260E+03           0.00000E+00
  -17560.000       -0.19999010E+03           0.00000E+00
  -17555.000       -0.20138959E+03           0.00000E+00
  -17550.000       -0.20279609E+03           0.00000E+00
  -17545.000       -0.20420558E+03           0.00000E+00
  -17540.000       -0.20562008E+03           0.00000E+00
  -17535.000       -0.20703957E+03           0.00000E+00
  -17530.000       -0.20846307E+03           0.00000E+00
  -17525.000       -0.20989056E+03           0.00000E+00
  -17520.000       -0.21132406E+03           0.00000E+00
  -17515.000       -0.21276055E+03           0.00000E+00
  -17510.000       -0.21420305E+03           0.00000E+00
  -17505.000       -0.21564954E+03           0.00000E+00
  -17500.000       -0.21710004E+03           0.00000E+00
  -17495.000       -0.21855553E+03           0.00000E+00
  -17490.000       -0.22001603E+03           0.00000E+00
  -17485.000       -0.22148052E+03           0.00000E+00
  -17480.000       -0.22294902E+03           0.00000E+00
  -17475.000       -0.22442251E+03           0.00000E+00
  -17470.000       -0.22590101E+03           0.00000E+00
  -17465.000       -0.22738350E+03           0.00000E+00
  -17460.000       -0.22887100E+03           0.00000E+00
  -17455.000       -0.23036249E+03           0.00000E+00
  -17450.000       -0.23185899E+03           0.00000E+00
  -17445.000       -0.23335848E+03           0.00000E+00
  -17440.000       -0.23486398E+03           0.00000E+00
  -17435.000       -0.23637347E+03           0.00000E+00
  -17430.000       -0.23788797E+03           0.00000E+00
  -17425.000       -0.23940646E+03           0.00000E+00
  -17420.000       -0.24092996E+03           0.00000E+00
  -17415.000       -0.24245745E+03           0.00000E+00
  -17410.000       -0.24398995E+03           0.00000E+00
  -17405.000       -0.24552544E+03           0.00000E+00
  -17400.000       -0.24706694E+03           0.00000E+00
  -17395.000       -0.24861143E+03           0.00000E+00
  -17390.000       -0.25016293E+03           0.00000E+00
  -17385.000       -0.25171642E+03           0.00000E+00
  -17380.000       -0.25327592E+03           0.00000E+00
  -17375.000       -0.25483841E+03           0.00000E+00
  -17370.000       -0.25640690E+03           0.00000E+00
  -17365.000       -0.25797840E+03           0.00000E+00
  -17360.000       -0.25955589E+03           0.00000E+00
  -17355.000       -0.26113639E+03           0.00000E+00
  -17350.000       -0.26272188E+03           0.00000E+00
  -17345.000       -0.26431238E+03           0.00000E+00
  -17340.000       -0.26590687E+03           0.00000E+00
  -17335.000       -0.26750637E+03           0.00000E+00
  -17330.000       -0.26910886E+03           0.00000E+00
  -17325.000       -0.27071636E+03           0.00000E+00
  -17320.000       -0.27232885E+03           0.00000E+00
  -17315.000       -0.27394535E+03           0.00000E+00
  -17310.000       -0.27556684E+03           0.00000E+00
  -17305.000       -0.27719234E+03           0.00000E+00
  -17300.000       -0.27882183E+03           0.00000E+00
  -17295.000       -0.28045533E+03           0.00000E+00
  -17290.000       -0.28209482E+03           0.00000E+00
  -17285.000       -0.28373832E+03           0.00000E+00
  -17280.000       -0.28538581E+03           0.00000E+00
  -17275.000       -0.28703731E+03           0.00000E+00
  -17270.000       -0.28869280E+03           0.00000E+00
  -17265.000       -0.29035430E+03           0.00000E+00
  -17260.000       -0.29201879E+03           0.00000E+00
  -17255.000       -0.29368829E+03           0.00000E+00
  -17250.000       -0.29536278E+03           0.00000E+00
  -17245.000       -0.29704028E+03           0.00000E+00
  -17240.000       -0.29872377E+03           0.00000E+00
  -17235.000       -0.30041027E+03           0.00000E+00
  -17230.000       -0.30210176E+03           0.00000E+00
  -17225.000       -0.30379726E+03           0.00000E+00
  -17220.000       -0.30549775E+03           0.00000E+00
  -17215.000       -0.30720225E+03           0.00000E+00
  -17210.000       -0.30890974E+03           0.00000E+00
  -17205.000       -0.31062324E+03           0.00000E+00
  -17200.000       -0.31234073E+03           0.00000E+00
  -17195.000       -0.31406223E+03           0.00000E+00
  -17190.000       -0.31578872E+03           0.00000E+00
  -17185.000       -0.31752022E+03           0.00000E+00
  -17180.000       -0.31925471E+03           0.00000E+00
  -17175.000       -0.32099321E+03           0.00000E+00
  -17170.000       -0.32273670E+03           0.00000E+00
  -17165.000       -0.32448520E+03           0.00000E+00
  -17160.000       -0.32623669E+03           0.00000E+00
  -17155.000       -0.32799319E+03           0.00000E+00
  -17150.000       -0.32975368E+03           0.00000E+00
  -17145.000       -0.33151918E+03           0.00000E+00
  -17140.000       -0.33328867E+03           0.00000E+00
  -17135.000       -0.33506217E+03           0.00000E+00
  -17130.000       -0.33684066E+03           0.00000E+00
  -17125.000       -0.33862316E+03           0.00000E+00
  -17120.000       -0.34040965E+03           0.00000E+00
  -17115.000       -0.34220015E+03           0.00000E+00
  -17110.000       -0.34399564E+03           0.00000E+00
  -17105.000       -0.34579514E+03           0.00000E+00
  -17100.000       -0.34759963E+03           0.00000E+00
  -17095.000       -0.34940713E+03           0.00000E+00
  -17090.000       -0.35121962E+03           0.00000E+00
  -17085.000       -0.35303712E+03           0.00000E+00
  -17080.000       -0.35485761E+03           0.00000E+00
  -17075.000       -0.35668311E+03           0.00000E+00
  -17070.000       -0.35851260E+03           0.00000E+00
  -17065.000       -0.36034610E+03           0.00000E+00
  -17060.000       -0.36218459E+03           0.00000E+00
  -17055.000       -0.36402709E+03           0.00000E+00
  -17050.000       -0.36587358E+03           0.00000E+00
  -17045.000       -0.36772408E+03           0.00000E+00
  -17040.000       -0.36957957E+03           0.00000E+00
  -17035.000       -0.37143807E+03           0.00000E+00
  -17030.000       -0.37330256E+03           0.00000E+00
  -17025.000       -0.37517006E+03           0.00000E+00
  -17020.000       -0.37704255E+03           0.00000E+00
  -17015.000       -0.37891905E+03           0.00000E+00
  -17010.000       -0.38079954E+03           0.00000E+00
  -17005.000       -0.38268404E+03           0.00000E+00
  -17000.000       -0.38457353E+03           0.00000E+00
  -16995.000       -0.38646703E+03           0.00000E+00
  -16990.000       -0.38836452E+03           0.00000E+00
  -16985.000       -0.39026702E+03           0.00000E+00
  -16980.000       -0.39217251E+03           0.00000E+00
  -16975.000       -0.39408200E+03           0.00000E+00
  -16970.000       -0.39599650E+03           0.00000E+00
  -16965.000       -0.39791599E+03           0.00000E+00
  -16960.000       -0.39983849E+03           0.00000E+00
  -16955.000       -0.40176498E+03           0.00000E+00
  -16950.000       -0.40369648E+03           0.00000E+00
  -16945.000       -0.40563197E+03           0.00000E+00
  -16940.000       -0.40757147E+03           0.00000E+00
  -16935.000       -0.40951596E+03           0.00000E+00
  -16930.000       -0.41146446E+03           0.00000E+00
  -16925.000       -0.41341595E+03           0.00000E+00
  -16920.000       -0.41537245E+03           0.00000E+00
  -16915.000       -0.41733394E+03           0.00000E+00
  -16910.000       -0.41929744E+03           0.00000E+00
  -16905.000       -0.42126693E+03           0.00000E+00
  -16900.000       -0.42324043E+03           0.00000E+00
  -16895.000       -0.42521792E+03           0.00000E+00
  -16890.000       -0.42719942E+03           0.00000E+00
  -16885.000       -0.42918491E+03           0.00000E+00
  -16880.000       -0.43117441E+03           0.00000E+00
  -16875.000       -0.43316890E+03           0.00000E+00
  -16870.000       -0.43516740E+03           0.00000E+00
  -16865.000       -0.43716889E+03           0.00000E+00
  -16860.000       -0.43917639E+03           0.00000E+00
  -16855.000       -0.44118688E+03           0.00000E+00
  -16850.000       -0.44320138E+03           0.00000E+00
  -16845.000       -0.44521987E+03           0.00000E+00
  -16840.000       -0.44724337E+03           0.00000E+00
  -16835.000       -0.44926986E+03           0.00000E+00
  -16830.000       -0.45130236E+03           0.00000E+00
  -16825.000       -0.45333685E+03           0.00000E+00
  -16820.000       -0.45537735E+03           0.00000E+00
  -16815.000       -0.45742084E+03           0.00000E+00
  -16810.000       -0.45946834E+03           0.00000E+00
  -16805.000       -0.46152083E+03           0.00000E+00
  -16800.000       -0.46357633E+03           0.00000E+00
  -16795.000       -0.46563782E+03           0.00000E+00
  -16790.000       -0.46770132E+03           0.00000E+00
  -16785.000       -0.46976981E+03           0.00000E+00
  -16780.000       -0.47184231E+03           0.00000E+00
  -16775.000       -0.47391980E+03           0.00000E+00
  -16770.000       -0.47600030E+03           0.00000E+00
  -16765.000       -0.47808479E+03           0.00000E+00
  -16760.000       -0.48017329E+03           0.00000E+00
  -16755.000       -0.48226678E+03           0.00000E+00
  -16750.000       -0.48436428E+03           0.00000E+00
  -16745.000       -0.48646577E+03           0.00000E+00
  -16740.000       -0.48857127E+03           0.00000E+00
  -16735.000       -0.49068076E+03           0.00000E+00
  -16730.000       -0.49279326E+03           0.00000E+00
  -16725.000       -0.49491075E+03           0.00000E+00
  -16720.000       -0.49703325E+03           0.00000E+00
  -16715.000       -0.49915874E+03           0.00000E+00
  -16710.000       -0.50128824E+03           0.00000E+00
  -16705.000       -0.50342273E+03           0.00000E+00
  -16700.000       -0.50556023E+03           0.00000E+00
  -16695.000       -0.50770272E+03           0.00000E+00
  -16690.000       -0.50984822E+03           0.00000E+00
  -16685.000       -0.51199871E+03           0.00000E+00
  -16680.000       -0.51415221E+03           0.00000E+00
  -16675.000       -0.51631070E+03           0.00000E+00
  -16670.000       -0.51847320E+03           0.00000E+00
  -16665.000       -0.52063969E+03           0.00000E+00
  -16660.000       -0.52281019E+03           0.00000E+00
  -16655.000       -0.52498368E+03           0.00000E+00
  -16650.000       -0.52716318E+03           0.00000E+00
  -16645.000       -0.52934467E+03           0.00000E+00
  -16640.000       -0.53153217E+03           0.00000E+00
  -16635.000       -0.53372266E+03           0.00000E+00
  -16630.000       -0.53591716E+03           0.00000E+00
  -16625.000       -0.53811565E+03           0.00000E+00
  -16620.000       -0.54031815E+03           0.00000E+00
  -16615.000       -0.54252464E+03           0.00000E+00
  -16610.000       -0.54473614E+03           0.00000E+00
  -16605.000       -0.54694963E+03           0.00000E+00
  -16600.000       -0.54916913E+03           0.00000E+00
  -16595.000       -0.55139162E+03           0.00000E+00
  -16590.000       -0.55361812E+03           0.00000E+00
  -16585.000       -0.55584861E+03           0.00000E+00
  -16580.000       -0.55808310E+03           0.00000E+00
  -16575.000       -0.56032160E+03           0.00000E+00
  -16570.000       -0.56256409E+03           0.00000E+00
  -16565.000       -0.56481059E+03           0.00000E+00
  -16560.000       -0.56706208E+03           0.00000E+00
  -16555.000       -0.56931558E+03           0.00000E+00
  -16550.000       -0.57157407E+03           0.00000E+00
  -16545.000       -0.57383757E+03           0.00000E+00
  -16540.000       -0.57610406E+03           0.00000E+00
  -16535.000       -0.57837456E+03           0.00000E+00
  -16530.000       -0.58064905E+03           0.00000E+00
  -16525.000       -0.58292655E+03           0.00000E+00
  -16520.000       -0.58521004E+03           0.00000E+00
  -16515.000       -0.58749654E+03           0.00000E+00
  -16510.000       -0.58978603E+03           0.00000E+00
  -16505.000       -0.59208053E+03           0.00000E+00
  -16500.000       -0.59437902E+03           0.00000E+00
  -16495.000       -0.59668152E+03           0.00000E+00
  -16490.000       -0.59898701E+03           0.00000E+00
  -16485.000       -0.60129751E+03           0.00000E+00
  -16480.000       -0.60361100E+03           0.00000E+00
  -16475.000       -0.60592950E+03           0.00000E+00
  -16470.000       -0.60825099E+03           0.00000E+00
  -16465.000       -0.61057749E+03           0.00000E+00
  -16460.000       -0.61290698E+03           0.00000E+00
  -16455.000       -0.61524048E+03           0.00000E+00
  -16450.000       -0.61757897E+03           0.00000E+00
  -16445.000       -0.61991947E+03           0.00000E+00
  -16440.000       -0.62226496E+03           0.00000E+00
  -16435.000       -0.62461446E+03           0.00000E+00
  -16430.000       -0.62696695E+03           0.00000E+00
  -16425.000       -0.62932445E+03           0.00000E+00
  -16420.000       -0.63168594E+03           0.00000E+00
  -16415.000       -0.63405044E+03           0.00000E+00
  -16410.000       -0.63641993E+03           0.00000E+00
  -16405.000       -0.63879243E+03           0.00000E+00
  -16400.000       -0.64116892E+03           0.00000E+00
  -16395.000       -0.64354942E+03           0.00000E+00
  -16390.000       -0.64593391E+03           0.00000E+00
  -16385.000       -0.64832241E+03           0.00000E+00
  -16380.000       -0.65071490E+03           0.00000E+00
  -16375.000       -0.65311140E+03           0.00000E+00
  -16370.000       -0.65551089E+03           0.00000E+00
  -16365.000       -0.65791439E+03           0.00000E+00
  -16360.000       -0.66032288E+03           0.00000E+00
  -16355.000       -0.66273438E+03           0.00000E+00
  -16350.000       -0.66514887E+03           0.00000E+00
  -16345.000       -0.66756837E+03           0.00000E+00
  -16340.000       -0.66999186E+03           0.00000E+00
  -16335.000       -0.67241936E+03           0.00000E+00
  -16330.000       -0.67484985E+03           0.00000E+00
  -16325.000       -0.67728535E+03           0.00000E+00
  -16320.000       -0.67972284E+03           0.00000E+00
  -16315.000       -0.68216534E+03           0.00000E+00
  -16310.000       -0.68461283E+03           0.00000E+00
  -16305.000       -0.68706233E+03           0.00000E+00
  -16300.000       -0.68951682E+03           0.00000E+00
  -16295.000       -0.69197432E+03           0.00000E+00
  -16290.000       -0.69443581E+03           0.00000E+00
  -16285.000       -0.69690131E+03           0.00000E+00
  -16280.000       -0.69937080E+03           0.00000E+00
  -16275.000       -0.70184330E+03           0.00000E+00
  -16270.000       -0.70432079E+03           0.00000E+00
  -16265.000       -0.70680129E+03           0.00000E+00
  -16260.000       -0.70928578E+03           0.00000E+00
  -16255.000       -0.71177528E+03           0.00000E+00
  -16250.000       -0.71426677E+03           0.00000E+00
  -16245.000       -0.71676327E+03           0.00000E+00
  -16240.000       -0.71926276E+03           0.00000E+00
  -16235.000       -0.72176626E+03           0.00000E+00
  -16230.000       -0.72427375E+03           0.00000E+00
  -16225.000       -0.72678525E+03           0.00000E+00
  -16220.000       -0.72930074E+03           0.00000E+00
  -16215.000       -0.73181924E+03           0.00000E+00
  -16210.000       -0.73434173E+03           0.00000E+00
  -16205.000       -0.73686823E+03           0.00000E+00
  -16200.000       -0.73939872E+03           0.00000E+00
  -16195.000       -0.74193322E+03           0.00000E+00
  -16190.000       -0.74447071E+03           0.00000E+00
  -16185.000       -0.74701220E+03           0.00000E+00
  -16180.000       -0.74955770E+03           0.00000E+00
  -16175.000       -0.75210619E+03           0.00000E+00
  -16170.000       -0.75465869E+03           0.00000E+00
  -16165.000       -0.75721518E+03           0.00000E+00
  -16160.000       -0.75977568E+03           0.00000E+00
  -16155.000       -0.76234017E+03           0.00000E+00
  -16150.000       -0.76490767E+03           0.00000E+00
  -16145.000       -0.76747916E+03           0.00000E+00
  -16140.000       -0.77005466E+03           0.00000E+00
  -16135.000       -0.77263415E+03           0.00000E+00
  -16130.000       -0.77521665E+03           0.00000E+00
  -16125.000       -0.77780414E+03           0.00000E+00
  -16120.000       -0.78039464E+03           0.00000E+00
  -16115.000       -0.78298813E+03           0.00000E+00
  -16110.000       -0.78558563E+03           0.00000E+00
  -16105.000       -0.78818712E+03           0.00000E+00
  -16100.000       -0.79079262E+03           0.00000E+00
  -16095.000       -0.79340211E+03           0.00000E+00
  -16090.000       -0.79601461E+03           0.00000E+00
  -16085.000       -0.79863110E+03           0.00000E+00
  -16080.000       -0.80125060E+03           0.00000E+00
  -16075.000       -0.80387509E+03           0.00000E+00
  -16070.000       -0.80650259E+03           0.00000E+00
  -16065.000       -0.80913408E+03           0.00000E+00
  -16060.000       -0.81176858E+03           0.00000E+00
  -16055.000       -0.81440707E+03           0.00000E+00
  -16050.000       -0.81704957E+03           0.00000E+00
  -16045.000       -0.81969606E+03           0.00000E+00
  -16040.000       -0.82234656E+03           0.00000E+00
  -16035.000       -0.82499905E+03           0.00000E+00
  -16030.000       -0.82765755E+03           0.00000E+00
  -16025.000       -0.83031704E+03           0.00000E+00
  -16020.000       -0.83298154E+03           0.00000E+00
  -16015.000       -0.83565003E+03           0.00000E+00
  -16010.000       -0.83832253E+03           0.00000E+00
  -16005.000       -0.84099802E+03           0.00000E+00
  -16000.000       -0.84367652E+03           0.00000E+00
  -15995.000       -0.84636001E+03           0.00000E+00
  -15990.000       -0.84904651E+03           0.00000E+00
  -15985.000       -0.85173700E+03           0.00000E+00
  -15980.000       -0.85443050E+03           0.00000E+00
  -15975.000       -0.85712799E+03           0.00000E+00
  -15970.000       -0.85982949E+03           0.00000E+00
  -15965.000       -0.86253398E+03           0.00000E+00
  -15960.000       -0.86524248E+03           0.00000E+00
  -15955.000       -0.86795497E+03           0.00000E+00
  -15950.000       -0.87067047E+03           0.00000E+00
  -15945.000       -0.87338996E+03           0.00000E+00
  -15940.000       -0.87611346E+03           0.00000E+00
  -15935.000       -0.87883995E+03           0.00000E+00
  -15930.000       -0.88157045E+03           0.00000E+00
  -15925.000       -0.88430394E+03           0.00000E+00
  -15920.000       -0.88704244E+03           0.00000E+00
  -15915.000       -0.88978293E+03           0.00000E+00
  -15910.000       -0.89252843E+03           0.00000E+00
  -15905.000       -0.89527692E+03           0.00000E+00
  -15900.000       -0.89802842E+03           0.00000E+00
  -15895.000       -0.90078391E+03           0.00000E+00
  -15890.000       -0.90354341E+03           0.00000E+00
  -15885.000       -0.90630690E+03           0.00000E+00
  -15880.000       -0.90907340E+03           0.00000E+00
  -15875.000       -0.91184289E+03           0.00000E+00
  -15870.000       -0.91461739E+03           0.00000E+00
  -15865.000       -0.91739388E+03           0.00000E+00
  -15860.000       -0.92017538E+03           0.00000E+00
  -15855.000       -0.92295987E+03           0.00000E+00
  -15850.000       -0.92574837E+03           0.00000E+00
  -15845.000       -0.92853986E+03           0.00000E+00
  -15840.000       -0.93133536E+03           0.00000E+00
  -15835.000       -0.93413385E+03           0.00000E+00
  -15830.000       -0.93693635E+03           0.00000E+00
  -15825.000       -0.93974184E+03           0.00000E+00
  -15820.000       -0.94255234E+03           0.00000E+00
  -15815.000       -0.94536583E+03           0.00000E+00
  -15810.000       -0.94818133E+03           0.00000E+00
  -15805.000       -0.95100182E+03           0.00000E+00
  -15800.000       -0.95382632E+03           0.00000E+00
  -15795.000       -0.95665381E+03           0.00000E+00
  -15790.000       -0.95948430E+03           0.00000E+00
  -15785.000       -0.96231880E+03           0.00000E+00
  -15780.000       -0.96515729E+03           0.00000E+00
  -15775.000       -0.96799879E+03           0.00000E+00
  -15770.000       -0.97084428E+03           0.00000E+00
  -15765.000       -0.97369278E+03           0.00000E+00
  -15760.000       -0.97654527E+03           0.00000E+00
  -15755.000       -0.97940077E+03           0.00000E+00
  -15750.000       -0.98226026E+03           0.00000E+00
  -15745.000       -0.98512276E+03           0.00000E+00
  -15740.000       -0.98798925E+03           0.00000E+00
  -15735.000       -0.99085975E+03           0.00000E+00
  -15730.000       -0.99373324E+03           0.00000E+00
  -15725.000       -0.99660974E+03           0.00000E+00
  -15720.000       -0.99949023E+03           0.00000E+00
  -15715.000       -0.10023747E+04           0.00000E+00
  -15710.000       -0.10052622E+04           0.00000E+00
  -15705.000       -0.10081527E+04           0.00000E+00
  -15700.000       -0.10110472E+04           0.00000E+00
  -15695.000       -0.10139457E+04           0.00000E+00
  -15690.000       -0.10168462E+04           0.00000E+00
  -15685.000       -0.10197517E+04           0.00000E+00
  -15680.000       -0.10226612E+04           0.00000E+00
  -15675.000       -0.10255727E+04           0.00000E+00
  -15670.000       -0.10284882E+04           0.00000E+00
  -15665.000       -0.10314077E+04           0.00000E+00
  -15660.000       -0.10343302E+04           0.00000E+00
  -15655.000       -0.10372567E+04           0.00000E+00
  -15650.000       -0.10401852E+04           0.00000E+00
  -15645.000       -0.10431187E+04           0.00000E+00
  -15640.000       -0.10460552E+04           0.00000E+00
  -15635.000       -0.10489946E+04           0.00000E+00
  -15630.000       -0.10519381E+04           0.00000E+00
  -15625.000       -0.10548856E+04           0.00000E+00
  -15620.000       -0.10578361E+04           0.00000E+00
  -15615.000       -0.10607896E+04           0.00000E+00
  -15610.000       -0.10637471E+04           0.00000E+00
  -15605.000       -0.10667076E+04           0.00000E+00
  -15600.000       -0.10696721E+04           0.00000E+00
  -15595.000       -0.10726396E+04           0.00000E+00
  -15590.000       -0.10756111E+04           0.00000E+00
  -15585.000       -0.10785856E+04           0.00000E+00
  -15580.000       -0.10815631E+04           0.00000E+00
  -15575.000       -0.10845446E+04           0.00000E+00
  -15570.000       -0.10875301E+04           0.00000E+00
  -15565.000       -0.10905176E+04           0.00000E+00
  -15560.000       -0.10935101E+04           0.00000E+00
  -15555.000       -0.10965056E+04           0.00000E+00
  -15550.000       -0.10995041E+04           0.00000E+00
  -15545.000       -0.11025056E+04           0.00000E+00
  -15540.000       -0.11055121E+04           0.00000E+00
  -15535.000       -0.11085205E+04           0.00000E+00
  -15530.000       -0.11115330E+04           0.00000E+00
  -15525.000       -0.11145485E+04           0.00000E+00
  -15520.000       -0.11175680E+04           0.00000E+00
  -15515.000       -0.11205905E+04           0.00000E+00
  -15510.000       -0.11236170E+04           0.00000E+00
  -15505.000       -0.11266455E+04           0.00000E+00
  -15500.000       -0.11296790E+04           0.00000E+00
  -15495.000       -0.11327155E+04           0.00000E+00
  -15490.000       -0.11357550E+04           0.00000E+00
  -15485.000       -0.11387975E+04           0.00000E+00
  -15480.000       -0.11418440E+04           0.00000E+00
  -15475.000       -0.11448945E+04           0.00000E+00
  -15470.000       -0.11479470E+04           0.00000E+00
  -15465.000       -0.11510045E+04           0.00000E+00
  -15460.000       -0.11540640E+04           0.00000E+00
  -15455.000       -0.11571285E+04           0.00000E+00
  -15450.000       -0.11601950E+04           0.00000E+00
  -15445.000       -0.11632645E+04           0.00000E+00
  -15440.000       -0.11663390E+04           0.00000E+00
  -15435.000       -0.11694154E+04           0.00000E+00
  -15430.000       -0.11724959E+04           0.00000E+00
  -15425.000       -0.11755794E+04           0.00000E+00
  -15420.000       -0.11786669E+04           0.00000E+00
  -15415.000       -0.11817574E+04           0.00000E+00
  -15410.000       -0.11848509E+04           0.00000E+00
  -15405.000       -0.11879480E+04           0.00000E+00
  -15400.000       -0.11910485E+04           0.00000E+00
  -15395.000       -0.11941527E+04           0.00000E+00
  -15390.000       -0.11972596E+04           0.00000E+00
  -15385.000       -0.12003703E+04           0.00000E+00
  -15380.000       -0.12034842E+04           0.00000E+00
  -15375.000       -0.12066015E+04           0.00000E+00
  -15370.000       -0.12097223E+04           0.00000E+00
  -15365.000       -0.12128462E+04           0.00000E+00
  -15360.000       -0.12159733E+04           0.00000E+00
  -15355.000       -0.12191043E+04           0.00000E+00
  -15350.000       -0.12222382E+04           0.00000E+00
  -15345.000       -0.12253758E+04           0.00000E+00
  -15340.000       -0.12285164E+04           0.00000E+00
  -15335.000       -0.12316602E+04           0.00000E+00
  -15330.000       -0.12348075E+04           0.00000E+00
  -15325.000       -0.12379582E+04           0.00000E+00
  -15320.000       -0.12411121E+04           0.00000E+00
  -15315.000       -0.12442695E+04           0.00000E+00
  -15310.000       -0.12474299E+04           0.00000E+00
  -15305.000       -0.12505940E+04           0.00000E+00
  -15300.000       -0.12537614E+04           0.00000E+00
  -15295.000       -0.12569318E+04           0.00000E+00
  -15290.000       -0.12601057E+04           0.00000E+00
  -15285.000       -0.12632828E+04           0.00000E+00
  -15280.000       -0.12664632E+04           0.00000E+00
  -15275.000       -0.12696469E+04           0.00000E+00
  -15270.000       -0.12728341E+04           0.00000E+00
  -15265.000       -0.12760242E+04           0.00000E+00
  -15260.000       -0.12792180E+04           0.00000E+00
  -15255.000       -0.12824149E+04           0.00000E+00
  -15250.000       -0.12856151E+04           0.00000E+00
  -15245.000       -0.12888188E+04           0.00000E+00
  -15240.000       -0.12920253E+04           0.00000E+00
  -15235.000       -0.12952357E+04           0.00000E+00
  -15230.000       -0.12984489E+04           0.00000E+00
  -15225.000       -0.13016653E+04           0.00000E+00
  -15220.000       -0.13048853E+04           0.00000E+00
  -15215.000       -0.13081089E+04           0.00000E+00
  -15210.000       -0.13113350E+04           0.00000E+00
  -15205.000       -0.13145651E+04           0.00000E+00
  -15200.000       -0.13177977E+04           0.00000E+00
  -15195.000       -0.13210339E+04           0.00000E+00
  -15190.000       -0.13242737E+04           0.00000E+00
  -15185.000       -0.13275164E+04           0.00000E+00
  -15180.000       -0.13307625E+04           0.00000E+00
  -15175.000       -0.13340116E+04           0.00000E+00
  -15170.000       -0.13372642E+04           0.00000E+00
  -15165.000       -0.13405199E+04           0.00000E+00
  -15160.000       -0.13437789E+04           0.00000E+00
  -15155.000       -0.13470409E+04           0.00000E+00
  -15150.000       -0.13503066E+04           0.00000E+00
  -15145.000       -0.13535753E+04           0.00000E+00
  -15140.000       -0.13568474E+04           0.00000E+00
  -15135.000       -0.13601223E+04           0.00000E+00
  -15130.000       -0.13634009E+04           0.00000E+00
  -15125.000       -0.13666824E+04           0.00000E+00
  -15120.000       -0.13699673E+04           0.00000E+00
  -15115.000       -0.13732555E+04           0.00000E+00
  -15110.000       -0.13765471E+04           0.00000E+00
  -15105.000       -0.13798413E+04           0.00000E+00
  -15100.000       -0.13831393E+04           0.00000E+00
  -15095.000       -0.13864404E+04           0.00000E+00
  -15090.000       -0.13897446E+04           0.00000E+00
  -15085.000       -0.13930520E+04           0.00000E+00
  -15080.000       -0.13963625E+04           0.00000E+00
  -15075.000       -0.13996762E+04           0.00000E+00
  -15070.000       -0.14029930E+04           0.00000E+00
  -15065.000       -0.14063136E+04           0.00000E+00
  -15060.000       -0.14096369E+04           0.00000E+00
  -15055.000       -0.14129634E+04           0.00000E+00
  -15050.000       -0.14162933E+04           0.00000E+00
  -15045.000       -0.14196263E+04           0.00000E+00
  -15040.000       -0.14229626E+04           0.00000E+00
  -15035.000       -0.14263020E+04           0.00000E+00
  -15030.000       -0.14296444E+04           0.00000E+00
  -15025.000       -0.14329901E+04           0.00000E+00
  -15020.000       -0.14363389E+04           0.00000E+00
  -15015.000       -0.14396909E+04           0.00000E+00
  -15010.000       -0.14430460E+04           0.00000E+00
  -15005.000       -0.14464047E+04           0.00000E+00
  -15000.000       -0.14497664E+04           0.00000E+00
  -14995.000       -0.14531312E+04           0.00000E+00
  -14990.000       -0.14564991E+04           0.00000E+00
  -14985.000       -0.14598700E+04           0.00000E+00
  -14980.000       -0.14632445E+04           0.00000E+00
  -14975.000       -0.14666219E+04           0.00000E+00
  -14970.000       -0.14700024E+04           0.00000E+00
  -14965.000       -0.14733861E+04           0.00000E+00
  -14960.000       -0.14767730E+04           0.00000E+00
  -14955.000       -0.14801629E+04           0.00000E+00
  -14950.000       -0.14835561E+04           0.00000E+00
  -14945.000       -0.14869521E+04           0.00000E+00
  -14940.000       -0.14903515E+04           0.00000E+00
  -14935.000       -0.14937540E+04           0.00000E+00
  -14930.000       -0.14971599E+04           0.00000E+00
  -14925.000       -0.15005687E+04           0.00000E+00
  -14920.000       -0.15039807E+04           0.00000E+00
  -14915.000       -0.15073956E+04           0.00000E+00
  -14910.000       -0.15108139E+04           0.00000E+00
  -14905.000       -0.15142355E+04           0.00000E+00
  -14900.000       -0.15176599E+04           0.00000E+00
  -14895.000       -0.15210873E+04           0.00000E+00
  -14890.000       -0.15245179E+04           0.00000E+00
  -14885.000       -0.15279516E+04           0.00000E+00
  -14880.000       -0.15313885E+04           0.00000E+00
  -14875.000       -0.15348283E+04           0.00000E+00
  -14870.000       -0.15382718E+04           0.00000E+00
  -14865.000       -0.15417179E+04           0.00000E+00
  -14860.000       -0.15451670E+04           0.00000E+00
  -14855.000       -0.15486195E+04           0.00000E+00
  -14850.000       -0.15520750E+04           0.00000E+00
  -14845.000       -0.15555332E+04           0.00000E+00
  -14840.000       -0.15589950E+04           0.00000E+00
  -14835.000       -0.15624599E+04           0.00000E+00
  -14830.000       -0.15659274E+04           0.00000E+00
  -14825.000       -0.15693983E+04           0.00000E+00
  -14820.000       -0.15728723E+04           0.00000E+00
  -14815.000       -0.15763496E+04           0.00000E+00
  -14810.000       -0.15798296E+04           0.00000E+00
  -14805.000       -0.15833125E+04           0.00000E+00
  -14800.000       -0.15867990E+04           0.00000E+00
  -14795.000       -0.15902884E+04           0.00000E+00
  -14790.000       -0.15937807E+04           0.00000E+00
  -14785.000       -0.15972762E+04           0.00000E+00
  -14780.000       -0.16007746E+04           0.00000E+00
  -14775.000       -0.16042762E+04           0.00000E+00
  -14770.000       -0.16077808E+04           0.00000E+00
  -14765.000       -0.16112884E+04           0.00000E+00
  -14760.000       -0.16147991E+04           0.00000E+00
  -14755.000       -0.16183127E+04           0.00000E+00
  -14750.000       -0.16218298E+04           0.00000E+00
  -14745.000       -0.16253494E+04           0.00000E+00
  -14740.000       -0.16288720E+04           0.00000E+00
  -14735.000       -0.16323981E+04           0.00000E+00
  -14730.000       -0.16359269E+04           0.00000E+00
  -14725.000       -0.16394590E+04           0.00000E+00
  -14720.000       -0.16429939E+04           0.00000E+00
  -14715.000       -0.16465318E+04           0.00000E+00
  -14710.000       -0.16500729E+04           0.00000E+00
  -14705.000       -0.16536168E+04           0.00000E+00
  -14700.000       -0.16571641E+04           0.00000E+00
  -14695.000       -0.16607142E+04           0.00000E+00
  -14690.000       -0.16642668E+04           0.00000E+00
  -14685.000       -0.16678230E+04           0.00000E+00
  -14680.000       -0.16713821E+04           0.00000E+00
  -14675.000       -0.16749443E+04           0.00000E+00
  -14670.000       -0.16785093E+04           0.00000E+00
  -14665.000       -0.16820774E+04           0.00000E+00
  -14660.000       -0.16856487E+04           0.00000E+00
  -14655.000       -0.16892226E+04           0.00000E+00
  -14650.000       -0.16927999E+04           0.00000E+00
  -14645.000       -0.16963795E+04           0.00000E+00
  -14640.000       -0.16999627E+04           0.00000E+00
  -14635.000       -0.17035486E+04           0.00000E+00
  -14630.000       -0.17071376E+04           0.00000E+00
  -14625.000       -0.17107296E+04           0.00000E+00
  -14620.000       -0.17143245E+04           0.00000E+00
  -14615.000       -0.17179228E+04           0.00000E+00
  -14610.000       -0.17215234E+04           0.00000E+00
  -14605.000       -0.17251274E+04           0.00000E+00
  -14600.000       -0.17287341E+04           0.00000E+00
  -14595.000       -0.17323440E+04           0.00000E+00
  -14590.000       -0.17359567E+04           0.00000E+00
  -14585.000       -0.17395725E+04           0.00000E+00
  -14580.000       -0.17431911E+04           0.00000E+00
  -14575.000       -0.17468129E+04           0.00000E+00
  -14570.000       -0.17504373E+04           0.00000E+00
  -14565.000       -0.17540649E+04           0.00000E+00
  -14560.000       -0.17576953E+04           0.00000E+00
  -14555.000       -0.17613287E+04           0.00000E+00
  -14550.000       -0.17649651E+04           0.00000E+00
  -14545.000       -0.17686043E+04           0.00000E+00
  -14540.000       -0.17722466E+04           0.00000E+00
  -14535.000       -0.17758918E+04           0.00000E+00
  -14530.000       -0.17795399E+04           0.00000E+00
  -14525.000       -0.17831910E+04           0.00000E+00
  -14520.000       -0.17868449E+04           0.00000E+00
  -14515.000       -0.17905019E+04           0.00000E+00
  -14510.000       -0.17941618E+04           0.00000E+00
  -14505.000       -0.17978244E+04           0.00000E+00
  -14500.000       -0.18014903E+04           0.00000E+00
  -14495.000       -0.18051590E+04           0.00000E+00
  -14490.000       -0.18088305E+04           0.00000E+00
  -14485.000       -0.18125050E+04           0.00000E+00
  -14480.000       -0.18161824E+04           0.00000E+00
  -14475.000       -0.18198629E+04           0.00000E+00
  -14470.000       -0.18235460E+04           0.00000E+00
  -14465.000       -0.18272322E+04           0.00000E+00
  -14460.000       -0.18309212E+04           0.00000E+00
  -14455.000       -0.18346132E+04           0.00000E+00
  -14450.000       -0.18383079E+04           0.00000E+00
  -14445.000       -0.18420056E+04           0.00000E+00
  -14440.000       -0.18457066E+04           0.00000E+00
  -14435.000       -0.18494099E+04           0.00000E+00
  -14430.000       -0.18531165E+04           0.00000E+00
  -14425.000       -0.18568259E+04           0.00000E+00
  -14420.000       -0.18605382E+04           0.00000E+00
  -14415.000       -0.18642534E+04           0.00000E+00
  -14410.000       -0.18679717E+04           0.00000E+00
  -14405.000       -0.18716927E+04           0.00000E+00
  -14400.000       -0.18754165E+04           0.00000E+00
  -14395.000       -0.18791433E+04           0.00000E+00
  -14390.000       -0.18828730E+04           0.00000E+00
  -14385.000       -0.18866054E+04           0.00000E+00
  -14380.000       -0.18903413E+04           0.00000E+00
  -14375.000       -0.18940797E+04           0.00000E+00
  -14370.000       -0.18978209E+04           0.00000E+00
  -14365.000       -0.19015650E+04           0.00000E+00
  -14360.000       -0.19053122E+04           0.00000E+00
  -14355.000       -0.19090621E+04           0.00000E+00
  -14350.000       -0.19128148E+04           0.00000E+00
  -14345.000       -0.19165708E+04           0.00000E+00
  -14340.000       -0.19203293E+04           0.00000E+00
  -14335.000       -0.19240909E+04           0.00000E+00
  -14330.000       -0.19278554E+04           0.00000E+00
  -14325.000       -0.19316228E+04           0.00000E+00
  -14320.000       -0.19353931E+04           0.00000E+00
  -14315.000       -0.19391662E+04           0.00000E+00
  -14310.000       -0.19429423E+04           0.00000E+00
  -14305.000       -0.19467213E+04           0.00000E+00
  -14300.000       -0.19505030E+04           0.00000E+00
  -14295.000       -0.19542877E+04           0.00000E+00
  -14290.000       -0.19580755E+04           0.00000E+00
  -14285.000       -0.19618660E+04           0.00000E+00
  -14280.000       -0.19656597E+04           0.00000E+00
  -14275.000       -0.19694558E+04           0.00000E+00
  -14270.000       -0.19732552E+04           0.00000E+00
  -14265.000       -0.19770573E+04           0.00000E+00
  -14260.000       -0.19808624E+04           0.00000E+00
  -14255.000       -0.19846706E+04           0.00000E+00
  -14250.000       -0.19884815E+04           0.00000E+00
  -14245.000       -0.19922952E+04           0.00000E+00
  -14240.000       -0.19961121E+04           0.00000E+00
  -14235.000       -0.19999321E+04           0.00000E+00
  -14230.000       -0.20037545E+04           0.00000E+00
  -14225.000       -0.20075800E+04           0.00000E+00
  -14220.000       -0.20114086E+04           0.00000E+00
  -14215.000       -0.20152399E+04           0.00000E+00
  -14210.000       -0.20190744E+04           0.00000E+00
  -14205.000       -0.20229117E+04           0.00000E+00
  -14200.000       -0.20267519E+04           0.00000E+00
