 -0.1995000E+05 -0.6857916E+04
 -0.1994500E+05 -0.6849103E+04
 -0.1994000E+05 -0.6840298E+04
 -0.1993500E+05 -0.6831499E+04
 -0.1993000E+05 -0.6822707E+04
 -0.1992500E+05 -0.6813922E+04
 -0.1992000E+05 -0.6805143E+04
 -0.1991500E+05 -0.6796371E+04
 -0.1991000E+05 -0.6787606E+04
 -0.1990500E+05 -0.6778848E+04
 -0.1990000E+05 -0.6770096E+04
 -0.1989500E+05 -0.6761350E+04
 -0.1989000E+05 -0.6752612E+04
 -0.1988500E+05 -0.6743879E+04
 -0.1988000E+05 -0.6735153E+04
 -0.1987500E+05 -0.6726433E+04
 -0.1987000E+05 -0.6717720E+04
 -0.1986500E+05 -0.6709013E+04
 -0.1986000E+05 -0.6700313E+04
 -0.1985500E+05 -0.6691619E+04
 -0.1985000E+05 -0.6682931E+04
 -0.1984500E+05 -0.6674250E+04
 -0.1984000E+05 -0.6665575E+04
 -0.1983500E+05 -0.6656906E+04
 -0.1983000E+05 -0.6648243E+04
 -0.1982500E+05 -0.6639587E+04
 -0.1982000E+05 -0.6630937E+04
 -0.1981500E+05 -0.6622293E+04
 -0.1981000E+05 -0.6613655E+04
 -0.1980500E+05 -0.6605023E+04
 -0.1980000E+05 -0.6596398E+04
 -0.1979500E+05 -0.6587779E+04
 -0.1979000E+05 -0.6579166E+04
 -0.1978500E+05 -0.6570558E+04
 -0.1978000E+05 -0.6561958E+04
 -0.1977500E+05 -0.6553363E+04
 -0.1977000E+05 -0.6544774E+04
 -0.1976500E+05 -0.6536192E+04
 -0.1976000E+05 -0.6527615E+04
 -0.1975500E+05 -0.6519045E+04
 -0.1975000E+05 -0.6510481E+04
 -0.1974500E+05 -0.6501923E+04
 -0.1974000E+05 -0.6493370E+04
 -0.1973500E+05 -0.6484825E+04
 -0.1973000E+05 -0.6476285E+04
 -0.1972500E+05 -0.6467750E+04
 -0.1972000E+05 -0.6459223E+04
 -0.1971500E+05 -0.6450701E+04
 -0.1971000E+05 -0.6442185E+04
 -0.1970500E+05 -0.6433675E+04
 -0.1970000E+05 -0.6425172E+04
 -0.1969500E+05 -0.6416674E+04
 -0.1969000E+05 -0.6408182E+04
 -0.1968500E+05 -0.6399696E+04
 -0.1968000E+05 -0.6391217E+04
 -0.1967500E+05 -0.6382743E+04
 -0.1967000E+05 -0.6374276E+04
 -0.1966500E+05 -0.6365814E+04
 -0.1966000E+05 -0.6357359E+04
 -0.1965500E+05 -0.6348909E+04
 -0.1965000E+05 -0.6340466E+04
 -0.1964500E+05 -0.6332028E+04
 -0.1964000E+05 -0.6323597E+04
 -0.1963500E+05 -0.6315171E+04
 -0.1963000E+05 -0.6306752E+04
 -0.1962500E+05 -0.6298339E+04
 -0.1962000E+05 -0.6289931E+04
 -0.1961500E+05 -0.6281530E+04
 -0.1961000E+05 -0.6273134E+04
 -0.1960500E+05 -0.6264745E+04
 -0.1960000E+05 -0.6256362E+04
 -0.1959500E+05 -0.6247984E+04
 -0.1959000E+05 -0.6239613E+04
 -0.1958500E+05 -0.6231247E+04
 -0.1958000E+05 -0.6222888E+04
 -0.1957500E+05 -0.6214534E+04
 -0.1957000E+05 -0.6206187E+04
 -0.1956500E+05 -0.6197845E+04
 -0.1956000E+05 -0.6189510E+04
 -0.1955500E+05 -0.6181181E+04
 -0.1955000E+05 -0.6172857E+04
 -0.1954500E+05 -0.6164540E+04
 -0.1954000E+05 -0.6156228E+04
 -0.1953500E+05 -0.6147922E+04
 -0.1953000E+05 -0.6139623E+04
 -0.1952500E+05 -0.6131329E+04
 -0.1952000E+05 -0.6123042E+04
 -0.1951500E+05 -0.6114760E+04
 -0.1951000E+05 -0.6106485E+04
 -0.1950500E+05 -0.6098215E+04
 -0.1950000E+05 -0.6089951E+04
 -0.1949500E+05 -0.6081693E+04
 -0.1949000E+05 -0.6073442E+04
 -0.1948500E+05 -0.6065196E+04
 -0.1948000E+05 -0.6056956E+04
 -0.1947500E+05 -0.6048722E+04
 -0.1947000E+05 -0.6040494E+04
 -0.1946500E+05 -0.6032272E+04
 -0.1946000E+05 -0.6024056E+04
 -0.1945500E+05 -0.6015846E+04
 -0.1945000E+05 -0.6007641E+04
 -0.1944500E+05 -0.5999443E+04
 -0.1944000E+05 -0.5991251E+04
 -0.1943500E+05 -0.5983065E+04
 -0.1943000E+05 -0.5974884E+04
 -0.1942500E+05 -0.5966709E+04
 -0.1942000E+05 -0.5958541E+04
 -0.1941500E+05 -0.5950378E+04
 -0.1941000E+05 -0.5942221E+04
 -0.1940500E+05 -0.5934070E+04
 -0.1940000E+05 -0.5925925E+04
 -0.1939500E+05 -0.5917786E+04
 -0.1939000E+05 -0.5909653E+04
 -0.1938500E+05 -0.5901526E+04
 -0.1938000E+05 -0.5893404E+04
 -0.1937500E+05 -0.5885289E+04
 -0.1937000E+05 -0.5877179E+04
 -0.1936500E+05 -0.5869075E+04
 -0.1936000E+05 -0.5860977E+04
 -0.1935500E+05 -0.5852885E+04
 -0.1935000E+05 -0.5844799E+04
 -0.1934500E+05 -0.5836718E+04
 -0.1934000E+05 -0.5828644E+04
 -0.1933500E+05 -0.5820575E+04
 -0.1933000E+05 -0.5812512E+04
 -0.1932500E+05 -0.5804455E+04
 -0.1932000E+05 -0.5796404E+04
 -0.1931500E+05 -0.5788358E+04
 -0.1931000E+05 -0.5780319E+04
 -0.1930500E+05 -0.5772285E+04
 -0.1930000E+05 -0.5764257E+04
 -0.1929500E+05 -0.5756235E+04
 -0.1929000E+05 -0.5748219E+04
 -0.1928500E+05 -0.5740208E+04
 -0.1928000E+05 -0.5732204E+04
 -0.1927500E+05 -0.5724205E+04
 -0.1927000E+05 -0.5716211E+04
 -0.1926500E+05 -0.5708224E+04
 -0.1926000E+05 -0.5700243E+04
 -0.1925500E+05 -0.5692267E+04
 -0.1925000E+05 -0.5684296E+04
 -0.1924500E+05 -0.5676332E+04
 -0.1924000E+05 -0.5668374E+04
 -0.1923500E+05 -0.5660421E+04
 -0.1923000E+05 -0.5652474E+04
 -0.1922500E+05 -0.5644533E+04
 -0.1922000E+05 -0.5636597E+04
 -0.1921500E+05 -0.5628667E+04
 -0.1921000E+05 -0.5620743E+04
 -0.1920500E+05 -0.5612825E+04
 -0.1920000E+05 -0.5604912E+04
 -0.1919500E+05 -0.5597005E+04
 -0.1919000E+05 -0.5589104E+04
 -0.1918500E+05 -0.5581208E+04
 -0.1918000E+05 -0.5573319E+04
 -0.1917500E+05 -0.5565435E+04
 -0.1917000E+05 -0.5557556E+04
 -0.1916500E+05 -0.5549684E+04
 -0.1916000E+05 -0.5541816E+04
 -0.1915500E+05 -0.5533955E+04
 -0.1915000E+05 -0.5526100E+04
 -0.1914500E+05 -0.5518250E+04
 -0.1914000E+05 -0.5510405E+04
 -0.1913500E+05 -0.5502567E+04
 -0.1913000E+05 -0.5494734E+04
 -0.1912500E+05 -0.5486907E+04
 -0.1912000E+05 -0.5479085E+04
 -0.1911500E+05 -0.5471269E+04
 -0.1911000E+05 -0.5463459E+04
 -0.1910500E+05 -0.5455655E+04
 -0.1910000E+05 -0.5447856E+04
 -0.1909500E+05 -0.5440063E+04
 -0.1909000E+05 -0.5432275E+04
 -0.1908500E+05 -0.5424493E+04
 -0.1908000E+05 -0.5416717E+04
 -0.1907500E+05 -0.5408946E+04
 -0.1907000E+05 -0.5401181E+04
 -0.1906500E+05 -0.5393422E+04
 -0.1906000E+05 -0.5385668E+04
 -0.1905500E+05 -0.5377920E+04
 -0.1905000E+05 -0.5370177E+04
 -0.1904500E+05 -0.5362441E+04
 -0.1904000E+05 -0.5354709E+04
 -0.1903500E+05 -0.5346984E+04
 -0.1903000E+05 -0.5339264E+04
 -0.1902500E+05 -0.5331550E+04
 -0.1902000E+05 -0.5323841E+04
 -0.1901500E+05 -0.5316138E+04
 -0.1901000E+05 -0.5308440E+04
 -0.1900500E+05 -0.5300748E+04
 -0.1900000E+05 -0.5293062E+04
 -0.1899500E+05 -0.5285381E+04
 -0.1899000E+05 -0.5277706E+04
 -0.1898500E+05 -0.5270037E+04
 -0.1898000E+05 -0.5262373E+04
 -0.1897500E+05 -0.5254715E+04
 -0.1897000E+05 -0.5247062E+04
 -0.1896500E+05 -0.5239415E+04
 -0.1896000E+05 -0.5231773E+04
 -0.1895500E+05 -0.5224137E+04
 -0.1895000E+05 -0.5216507E+04
 -0.1894500E+05 -0.5208882E+04
 -0.1894000E+05 -0.5201263E+04
 -0.1893500E+05 -0.5193649E+04
 -0.1893000E+05 -0.5186041E+04
 -0.1892500E+05 -0.5178438E+04
 -0.1892000E+05 -0.5170841E+04
 -0.1891500E+05 -0.5163250E+04
 -0.1891000E+05 -0.5155664E+04
 -0.1890500E+05 -0.5148083E+04
 -0.1890000E+05 -0.5140508E+04
 -0.1889500E+05 -0.5132939E+04
 -0.1889000E+05 -0.5125375E+04
 -0.1888500E+05 -0.5117816E+04
 -0.1888000E+05 -0.5110263E+04
 -0.1887500E+05 -0.5102716E+04
 -0.1887000E+05 -0.5095173E+04
 -0.1886500E+05 -0.5087637E+04
 -0.1886000E+05 -0.5080106E+04
 -0.1885500E+05 -0.5072580E+04
 -0.1885000E+05 -0.5065060E+04
 -0.1884500E+05 -0.5057545E+04
 -0.1884000E+05 -0.5050035E+04
 -0.1883500E+05 -0.5042531E+04
 -0.1883000E+05 -0.5035032E+04
 -0.1882500E+05 -0.5027539E+04
 -0.1882000E+05 -0.5020051E+04
 -0.1881500E+05 -0.5012568E+04
 -0.1881000E+05 -0.5005090E+04
 -0.1880500E+05 -0.4997618E+04
 -0.1880000E+05 -0.4990151E+04
 -0.1937500E+05 -0.5885237E+04
 -0.1937000E+05 -0.5877130E+04
 -0.1936500E+05 -0.5869029E+04
 -0.1936000E+05 -0.5860934E+04
 -0.1935500E+05 -0.5852844E+04
 -0.1935000E+05 -0.5844760E+04
 -0.1934500E+05 -0.5836682E+04
 -0.1934000E+05 -0.5828609E+04
 -0.1933500E+05 -0.5820542E+04
 -0.1933000E+05 -0.5812481E+04
 -0.1932500E+05 -0.5804426E+04
 -0.1932000E+05 -0.5796376E+04
 -0.1931500E+05 -0.5788332E+04
 -0.1931000E+05 -0.5780294E+04
 -0.1930500E+05 -0.5772261E+04
 -0.1930000E+05 -0.5764234E+04
 -0.1929500E+05 -0.5756213E+04
 -0.1929000E+05 -0.5748198E+04
 -0.1928500E+05 -0.5740188E+04
 -0.1928000E+05 -0.5732184E+04
 -0.1927500E+05 -0.5724186E+04
 -0.1927000E+05 -0.5716193E+04
 -0.1926500E+05 -0.5708207E+04
 -0.1926000E+05 -0.5700226E+04
 -0.1925500E+05 -0.5692251E+04
 -0.1925000E+05 -0.5684281E+04
 -0.1924500E+05 -0.5676318E+04
 -0.1924000E+05 -0.5668360E+04
 -0.1923500E+05 -0.5660408E+04
 -0.1923000E+05 -0.5652461E+04
 -0.1922500E+05 -0.5644521E+04
 -0.1922000E+05 -0.5636586E+04
 -0.1921500E+05 -0.5628656E+04
 -0.1921000E+05 -0.5620733E+04
 -0.1920500E+05 -0.5612815E+04
 -0.1920000E+05 -0.5604903E+04
 -0.1919500E+05 -0.5596997E+04
 -0.1919000E+05 -0.5589096E+04
 -0.1918500E+05 -0.5581201E+04
 -0.1918000E+05 -0.5573312E+04
 -0.1917500E+05 -0.5565429E+04
 -0.1917000E+05 -0.5557551E+04
 -0.1916500E+05 -0.5549679E+04
 -0.1916000E+05 -0.5541813E+04
 -0.1915500E+05 -0.5533952E+04
 -0.1915000E+05 -0.5526097E+04
 -0.1914500E+05 -0.5518248E+04
 -0.1914000E+05 -0.5510405E+04
 -0.1913500E+05 -0.5502567E+04
 -0.1913000E+05 -0.5494735E+04
 -0.1912500E+05 -0.5486908E+04
 -0.1912000E+05 -0.5479087E+04
 -0.1911500E+05 -0.5471272E+04
 -0.1911000E+05 -0.5463463E+04
 -0.1910500E+05 -0.5455659E+04
 -0.1910000E+05 -0.5447861E+04
 -0.1909500E+05 -0.5440069E+04
 -0.1909000E+05 -0.5432282E+04
 -0.1908500E+05 -0.5424501E+04
 -0.1908000E+05 -0.5416725E+04
 -0.1907500E+05 -0.5408955E+04
 -0.1907000E+05 -0.5401191E+04
 -0.1906500E+05 -0.5393432E+04
 -0.1906000E+05 -0.5385679E+04
 -0.1905500E+05 -0.5377932E+04
 -0.1905000E+05 -0.5370190E+04
 -0.1904500E+05 -0.5362454E+04
 -0.1904000E+05 -0.5354723E+04
 -0.1903500E+05 -0.5346998E+04
 -0.1903000E+05 -0.5339279E+04
 -0.1902500E+05 -0.5331565E+04
 -0.1902000E+05 -0.5323857E+04
 -0.1901500E+05 -0.5316154E+04
 -0.1901000E+05 -0.5308457E+04
 -0.1900500E+05 -0.5300766E+04
 -0.1900000E+05 -0.5293080E+04
 -0.1899500E+05 -0.5285400E+04
 -0.1899000E+05 -0.5277725E+04
 -0.1898500E+05 -0.5270056E+04
 -0.1898000E+05 -0.5262392E+04
 -0.1897500E+05 -0.5254734E+04
 -0.1897000E+05 -0.5247081E+04
 -0.1896500E+05 -0.5239434E+04
 -0.1896000E+05 -0.5231793E+04
 -0.1895500E+05 -0.5224157E+04
 -0.1895000E+05 -0.5216526E+04
 -0.1894500E+05 -0.5208902E+04
 -0.1894000E+05 -0.5201282E+04
 -0.1893500E+05 -0.5193668E+04
 -0.1893000E+05 -0.5186060E+04
 -0.1892500E+05 -0.5178457E+04
 -0.1892000E+05 -0.5170860E+04
 -0.1891500E+05 -0.5163268E+04
 -0.1891000E+05 -0.5155681E+04
 -0.1890500E+05 -0.5148101E+04
 -0.1890000E+05 -0.5140525E+04
 -0.1889500E+05 -0.5132955E+04
 -0.1889000E+05 -0.5125391E+04
 -0.1888500E+05 -0.5117832E+04
 -0.1888000E+05 -0.5110278E+04
 -0.1887500E+05 -0.5102730E+04
 -0.1887000E+05 -0.5095188E+04
 -0.1886500E+05 -0.5087651E+04
 -0.1886000E+05 -0.5080119E+04
 -0.1885500E+05 -0.5072593E+04
 -0.1885000E+05 -0.5065072E+04
 -0.1884500E+05 -0.5057557E+04
 -0.1884000E+05 -0.5050047E+04
 -0.1883500E+05 -0.5042543E+04
 -0.1883000E+05 -0.5035044E+04
 -0.1882500E+05 -0.5027550E+04
 -0.1882000E+05 -0.5020062E+04
 -0.1881500E+05 -0.5012580E+04
 -0.1881000E+05 -0.5005102E+04
 -0.1880500E+05 -0.4997631E+04
 -0.1880000E+05 -0.4990164E+04
 -0.1879500E+05 -0.4982703E+04
 -0.1879000E+05 -0.4975248E+04
 -0.1878500E+05 -0.4967797E+04
 -0.1878000E+05 -0.4960353E+04
 -0.1877500E+05 -0.4952913E+04
 -0.1877000E+05 -0.4945479E+04
 -0.1876500E+05 -0.4938051E+04
 -0.1876000E+05 -0.4930628E+04
 -0.1875500E+05 -0.4923210E+04
 -0.1875000E+05 -0.4915797E+04
 -0.1874500E+05 -0.4908390E+04
 -0.1874000E+05 -0.4900989E+04
 -0.1873500E+05 -0.4893592E+04
 -0.1873000E+05 -0.4886202E+04
 -0.1872500E+05 -0.4878816E+04
 -0.1872000E+05 -0.4871436E+04
 -0.1871500E+05 -0.4864061E+04
 -0.1871000E+05 -0.4856691E+04
 -0.1870500E+05 -0.4849327E+04
 -0.1870000E+05 -0.4841969E+04
 -0.1869500E+05 -0.4834615E+04
 -0.1869000E+05 -0.4827267E+04
 -0.1868500E+05 -0.4819924E+04
 -0.1868000E+05 -0.4812587E+04
 -0.1867500E+05 -0.4805255E+04
 -0.1867000E+05 -0.4797928E+04
 -0.1866500E+05 -0.4790607E+04
 -0.1866000E+05 -0.4783290E+04
 -0.1865500E+05 -0.4775980E+04
 -0.1865000E+05 -0.4768674E+04
 -0.1864500E+05 -0.4761374E+04
 -0.1864000E+05 -0.4754079E+04
 -0.1863500E+05 -0.4746789E+04
 -0.1863000E+05 -0.4739505E+04
 -0.1862500E+05 -0.4732226E+04
 -0.1862000E+05 -0.4724952E+04
 -0.1861500E+05 -0.4717684E+04
 -0.1861000E+05 -0.4710421E+04
 -0.1860500E+05 -0.4703163E+04
 -0.1860000E+05 -0.4695910E+04
 -0.1859500E+05 -0.4688663E+04
 -0.1859000E+05 -0.4681421E+04
 -0.1858500E+05 -0.4674184E+04
 -0.1858000E+05 -0.4666952E+04
 -0.1857500E+05 -0.4659726E+04
 -0.1857000E+05 -0.4652505E+04
 -0.1856500E+05 -0.4645289E+04
 -0.1856000E+05 -0.4638079E+04
 -0.1855500E+05 -0.4630873E+04
 -0.1855000E+05 -0.4623673E+04
 -0.1854500E+05 -0.4616478E+04
 -0.1854000E+05 -0.4609288E+04
 -0.1853500E+05 -0.4602104E+04
 -0.1853000E+05 -0.4594925E+04
 -0.1852500E+05 -0.4587750E+04
 -0.1852000E+05 -0.4580582E+04
 -0.1851500E+05 -0.4573418E+04
 -0.1851000E+05 -0.4566259E+04
 -0.1850500E+05 -0.4559106E+04
 -0.1850000E+05 -0.4551958E+04
 -0.1849500E+05 -0.4544815E+04
 -0.1849000E+05 -0.4537677E+04
 -0.1848500E+05 -0.4530545E+04
 -0.1848000E+05 -0.4523417E+04
 -0.1847500E+05 -0.4516295E+04
 -0.1847000E+05 -0.4509178E+04
 -0.1846500E+05 -0.4502066E+04
 -0.1846000E+05 -0.4494959E+04
 -0.1845500E+05 -0.4487857E+04
 -0.1845000E+05 -0.4480761E+04
 -0.1844500E+05 -0.4473669E+04
 -0.1844000E+05 -0.4466583E+04
 -0.1843500E+05 -0.4459502E+04
 -0.1843000E+05 -0.4452426E+04
 -0.1842500E+05 -0.4445355E+04
 -0.1842000E+05 -0.4438289E+04
 -0.1841500E+05 -0.4431229E+04
 -0.1841000E+05 -0.4424173E+04
 -0.1840500E+05 -0.4417123E+04
 -0.1840000E+05 -0.4410078E+04
 -0.1839500E+05 -0.4403037E+04
 -0.1839000E+05 -0.4396002E+04
 -0.1838500E+05 -0.4388972E+04
 -0.1838000E+05 -0.4381947E+04
 -0.1837500E+05 -0.4374928E+04
 -0.1837000E+05 -0.4367913E+04
 -0.1836500E+05 -0.4360903E+04
 -0.1836000E+05 -0.4353899E+04
 -0.1835500E+05 -0.4346899E+04
 -0.1835000E+05 -0.4339905E+04
 -0.1834500E+05 -0.4332916E+04
 -0.1834000E+05 -0.4325931E+04
 -0.1833500E+05 -0.4318952E+04
 -0.1833000E+05 -0.4311978E+04
 -0.1832500E+05 -0.4305009E+04
 -0.1832000E+05 -0.4298045E+04
 -0.1831500E+05 -0.4291087E+04
 -0.1831000E+05 -0.4284133E+04
 -0.1830500E+05 -0.4277184E+04
 -0.1830000E+05 -0.4270241E+04
 -0.1829500E+05 -0.4263302E+04
 -0.1829000E+05 -0.4256369E+04
 -0.1828500E+05 -0.4249441E+04
 -0.1828000E+05 -0.4242518E+04
 -0.1827500E+05 -0.4235599E+04
 -0.1827000E+05 -0.4228686E+04
 -0.1826500E+05 -0.4221779E+04
 -0.1826000E+05 -0.4214876E+04
 -0.1825500E+05 -0.4207978E+04
 -0.1825000E+05 -0.4201086E+04
 -0.1824500E+05 -0.4194198E+04
 -0.1824000E+05 -0.4187316E+04
 -0.1823500E+05 -0.4180439E+04
 -0.1823000E+05 -0.4173567E+04
 -0.1822500E+05 -0.4166701E+04
 -0.1880000E+05 -0.4990193E+04
 -0.1879500E+05 -0.4982732E+04
 -0.1879000E+05 -0.4975276E+04
 -0.1878500E+05 -0.4967825E+04
 -0.1878000E+05 -0.4960380E+04
 -0.1877500E+05 -0.4952941E+04
 -0.1877000E+05 -0.4945507E+04
 -0.1876500E+05 -0.4938078E+04
 -0.1876000E+05 -0.4930655E+04
 -0.1875500E+05 -0.4923237E+04
 -0.1875000E+05 -0.4915824E+04
 -0.1874500E+05 -0.4908417E+04
 -0.1874000E+05 -0.4901015E+04
 -0.1873500E+05 -0.4893618E+04
 -0.1873000E+05 -0.4886227E+04
 -0.1872500E+05 -0.4878841E+04
 -0.1872000E+05 -0.4871461E+04
 -0.1871500E+05 -0.4864085E+04
 -0.1871000E+05 -0.4856716E+04
 -0.1870500E+05 -0.4849351E+04
 -0.1870000E+05 -0.4841992E+04
 -0.1869500E+05 -0.4834638E+04
 -0.1869000E+05 -0.4827289E+04
 -0.1868500E+05 -0.4819945E+04
 -0.1868000E+05 -0.4812607E+04
 -0.1867500E+05 -0.4805275E+04
 -0.1867000E+05 -0.4797947E+04
 -0.1866500E+05 -0.4790625E+04
 -0.1866000E+05 -0.4783308E+04
 -0.1865500E+05 -0.4775996E+04
 -0.1865000E+05 -0.4768690E+04
 -0.1864500E+05 -0.4761388E+04
 -0.1864000E+05 -0.4754092E+04
 -0.1863500E+05 -0.4746802E+04
 -0.1863000E+05 -0.4739516E+04
 -0.1862500E+05 -0.4732236E+04
 -0.1862000E+05 -0.4724961E+04
 -0.1861500E+05 -0.4717692E+04
 -0.1861000E+05 -0.4710427E+04
 -0.1860500E+05 -0.4703168E+04
 -0.1860000E+05 -0.4695914E+04
 -0.1859500E+05 -0.4688666E+04
 -0.1859000E+05 -0.4681422E+04
 -0.1858500E+05 -0.4674184E+04
 -0.1858000E+05 -0.4666952E+04
 -0.1857500E+05 -0.4659724E+04
 -0.1857000E+05 -0.4652502E+04
 -0.1856500E+05 -0.4645284E+04
 -0.1856000E+05 -0.4638073E+04
 -0.1855500E+05 -0.4630866E+04
 -0.1855000E+05 -0.4623665E+04
 -0.1854500E+05 -0.4616469E+04
 -0.1854000E+05 -0.4609278E+04
 -0.1853500E+05 -0.4602092E+04
 -0.1853000E+05 -0.4594911E+04
 -0.1852500E+05 -0.4587736E+04
 -0.1852000E+05 -0.4580566E+04
 -0.1851500E+05 -0.4573402E+04
 -0.1851000E+05 -0.4566242E+04
 -0.1850500E+05 -0.4559088E+04
 -0.1850000E+05 -0.4551939E+04
 -0.1849500E+05 -0.4544795E+04
 -0.1849000E+05 -0.4537656E+04
 -0.1848500E+05 -0.4530523E+04
 -0.1848000E+05 -0.4523395E+04
 -0.1847500E+05 -0.4516272E+04
 -0.1847000E+05 -0.4509154E+04
 -0.1846500E+05 -0.4502042E+04
 -0.1846000E+05 -0.4494935E+04
 -0.1845500E+05 -0.4487832E+04
 -0.1845000E+05 -0.4480736E+04
 -0.1844500E+05 -0.4473644E+04
 -0.1844000E+05 -0.4466558E+04
 -0.1843500E+05 -0.4459476E+04
 -0.1843000E+05 -0.4452400E+04
 -0.1842500E+05 -0.4445329E+04
 -0.1842000E+05 -0.4438264E+04
 -0.1841500E+05 -0.4431203E+04
 -0.1841000E+05 -0.4424148E+04
 -0.1840500E+05 -0.4417098E+04
 -0.1840000E+05 -0.4410053E+04
 -0.1839500E+05 -0.4403013E+04
 -0.1839000E+05 -0.4395979E+04
 -0.1838500E+05 -0.4388949E+04
 -0.1838000E+05 -0.4381925E+04
 -0.1837500E+05 -0.4374906E+04
 -0.1837000E+05 -0.4367892E+04
 -0.1836500E+05 -0.4360884E+04
 -0.1836000E+05 -0.4353880E+04
 -0.1835500E+05 -0.4346881E+04
 -0.1835000E+05 -0.4339888E+04
 -0.1834500E+05 -0.4332900E+04
 -0.1834000E+05 -0.4325917E+04
 -0.1833500E+05 -0.4318939E+04
 -0.1833000E+05 -0.4311966E+04
 -0.1832500E+05 -0.4304999E+04
 -0.1832000E+05 -0.4298036E+04
 -0.1831500E+05 -0.4291079E+04
 -0.1831000E+05 -0.4284127E+04
 -0.1830500E+05 -0.4277180E+04
 -0.1830000E+05 -0.4270238E+04
 -0.1829500E+05 -0.4263301E+04
 -0.1829000E+05 -0.4256369E+04
 -0.1828500E+05 -0.4249442E+04
 -0.1828000E+05 -0.4242520E+04
 -0.1827500E+05 -0.4235604E+04
 -0.1827000E+05 -0.4228692E+04
 -0.1826500E+05 -0.4221786E+04
 -0.1826000E+05 -0.4214885E+04
 -0.1825500E+05 -0.4207988E+04
 -0.1825000E+05 -0.4201097E+04
 -0.1824500E+05 -0.4194211E+04
 -0.1824000E+05 -0.4187330E+04
 -0.1823500E+05 -0.4180454E+04
 -0.1823000E+05 -0.4173583E+04
 -0.1822500E+05 -0.4166717E+04
 -0.1822000E+05 -0.4159856E+04
 -0.1821500E+05 -0.4153000E+04
 -0.1821000E+05 -0.4146149E+04
 -0.1820500E+05 -0.4139303E+04
 -0.1820000E+05 -0.4132462E+04
 -0.1819500E+05 -0.4125626E+04
 -0.1819000E+05 -0.4118795E+04
 -0.1818500E+05 -0.4111969E+04
 -0.1818000E+05 -0.4105148E+04
 -0.1817500E+05 -0.4098333E+04
 -0.1817000E+05 -0.4091522E+04
 -0.1816500E+05 -0.4084716E+04
 -0.1816000E+05 -0.4077915E+04
 -0.1815500E+05 -0.4071119E+04
 -0.1815000E+05 -0.4064328E+04
 -0.1814500E+05 -0.4057541E+04
 -0.1814000E+05 -0.4050760E+04
 -0.1813500E+05 -0.4043984E+04
 -0.1813000E+05 -0.4037213E+04
 -0.1812500E+05 -0.4030447E+04
 -0.1812000E+05 -0.4023685E+04
 -0.1811500E+05 -0.4016929E+04
 -0.1811000E+05 -0.4010177E+04
 -0.1810500E+05 -0.4003431E+04
 -0.1810000E+05 -0.3996689E+04
 -0.1809500E+05 -0.3989952E+04
 -0.1809000E+05 -0.3983220E+04
 -0.1808500E+05 -0.3976493E+04
 -0.1808000E+05 -0.3969771E+04
 -0.1807500E+05 -0.3963054E+04
 -0.1807000E+05 -0.3956342E+04
 -0.1806500E+05 -0.3949635E+04
 -0.1806000E+05 -0.3942932E+04
 -0.1805500E+05 -0.3936235E+04
 -0.1805000E+05 -0.3929542E+04
 -0.1804500E+05 -0.3922854E+04
 -0.1804000E+05 -0.3916171E+04
 -0.1803500E+05 -0.3909493E+04
 -0.1803000E+05 -0.3902820E+04
 -0.1802500E+05 -0.3896152E+04
 -0.1802000E+05 -0.3889488E+04
 -0.1801500E+05 -0.3882829E+04
 -0.1801000E+05 -0.3876176E+04
 -0.1800500E+05 -0.3869527E+04
 -0.1800000E+05 -0.3862883E+04
 -0.1799500E+05 -0.3856243E+04
 -0.1799000E+05 -0.3849609E+04
 -0.1798500E+05 -0.3842980E+04
 -0.1798000E+05 -0.3836355E+04
 -0.1797500E+05 -0.3829735E+04
 -0.1797000E+05 -0.3823120E+04
 -0.1796500E+05 -0.3816510E+04
 -0.1796000E+05 -0.3809904E+04
 -0.1795500E+05 -0.3803304E+04
 -0.1795000E+05 -0.3796708E+04
 -0.1794500E+05 -0.3790117E+04
 -0.1794000E+05 -0.3783531E+04
 -0.1793500E+05 -0.3776950E+04
 -0.1793000E+05 -0.3770373E+04
 -0.1792500E+05 -0.3763802E+04
 -0.1792000E+05 -0.3757235E+04
 -0.1791500E+05 -0.3750673E+04
 -0.1791000E+05 -0.3744116E+04
 -0.1790500E+05 -0.3737563E+04
 -0.1790000E+05 -0.3731016E+04
 -0.1789500E+05 -0.3724473E+04
 -0.1789000E+05 -0.3717935E+04
 -0.1788500E+05 -0.3711402E+04
 -0.1788000E+05 -0.3704873E+04
 -0.1787500E+05 -0.3698349E+04
 -0.1787000E+05 -0.3691831E+04
 -0.1786500E+05 -0.3685317E+04
 -0.1786000E+05 -0.3678807E+04
 -0.1785500E+05 -0.3672303E+04
 -0.1785000E+05 -0.3665803E+04
 -0.1784500E+05 -0.3659308E+04
 -0.1784000E+05 -0.3652818E+04
 -0.1783500E+05 -0.3646332E+04
 -0.1783000E+05 -0.3639852E+04
 -0.1782500E+05 -0.3633376E+04
 -0.1782000E+05 -0.3626905E+04
 -0.1781500E+05 -0.3620439E+04
 -0.1781000E+05 -0.3613977E+04
 -0.1780500E+05 -0.3607520E+04
 -0.1780000E+05 -0.3601068E+04
 -0.1779500E+05 -0.3594621E+04
 -0.1779000E+05 -0.3588178E+04
 -0.1778500E+05 -0.3581740E+04
 -0.1778000E+05 -0.3575307E+04
 -0.1777500E+05 -0.3568879E+04
 -0.1777000E+05 -0.3562455E+04
 -0.1776500E+05 -0.3556036E+04
 -0.1776000E+05 -0.3549622E+04
 -0.1775500E+05 -0.3543212E+04
 -0.1775000E+05 -0.3536807E+04
 -0.1774500E+05 -0.3530407E+04
 -0.1774000E+05 -0.3524012E+04
 -0.1773500E+05 -0.3517621E+04
 -0.1773000E+05 -0.3511235E+04
 -0.1772500E+05 -0.3504854E+04
 -0.1772000E+05 -0.3498477E+04
 -0.1771500E+05 -0.3492105E+04
 -0.1771000E+05 -0.3485737E+04
 -0.1770500E+05 -0.3479374E+04
 -0.1770000E+05 -0.3473016E+04
 -0.1769500E+05 -0.3466662E+04
 -0.1769000E+05 -0.3460313E+04
 -0.1768500E+05 -0.3453969E+04
 -0.1768000E+05 -0.3447629E+04
 -0.1767500E+05 -0.3441294E+04
 -0.1767000E+05 -0.3434963E+04
 -0.1766500E+05 -0.3428637E+04
 -0.1766000E+05 -0.3422315E+04
 -0.1765500E+05 -0.3415998E+04
 -0.1765000E+05 -0.3409685E+04
 -0.1822500E+05 -0.4166724E+04
 -0.1822000E+05 -0.4159863E+04
 -0.1821500E+05 -0.4153006E+04
 -0.1821000E+05 -0.4146154E+04
 -0.1820500E+05 -0.4139308E+04
 -0.1820000E+05 -0.4132466E+04
 -0.1819500E+05 -0.4125629E+04
 -0.1819000E+05 -0.4118797E+04
 -0.1818500E+05 -0.4111971E+04
 -0.1818000E+05 -0.4105149E+04
 -0.1817500E+05 -0.4098333E+04
 -0.1817000E+05 -0.4091521E+04
 -0.1816500E+05 -0.4084714E+04
 -0.1816000E+05 -0.4077912E+04
 -0.1815500E+05 -0.4071116E+04
 -0.1815000E+05 -0.4064324E+04
 -0.1814500E+05 -0.4057537E+04
 -0.1814000E+05 -0.4050755E+04
 -0.1813500E+05 -0.4043979E+04
 -0.1813000E+05 -0.4037207E+04
 -0.1812500E+05 -0.4030440E+04
 -0.1812000E+05 -0.4023678E+04
 -0.1811500E+05 -0.4016921E+04
 -0.1811000E+05 -0.4010169E+04
 -0.1810500E+05 -0.4003422E+04
 -0.1810000E+05 -0.3996680E+04
 -0.1809500E+05 -0.3989942E+04
 -0.1809000E+05 -0.3983210E+04
 -0.1808500E+05 -0.3976483E+04
 -0.1808000E+05 -0.3969760E+04
 -0.1807500E+05 -0.3963043E+04
 -0.1807000E+05 -0.3956330E+04
 -0.1806500E+05 -0.3949623E+04
 -0.1806000E+05 -0.3942920E+04
 -0.1805500E+05 -0.3936222E+04
 -0.1805000E+05 -0.3929529E+04
 -0.1804500E+05 -0.3922841E+04
 -0.1804000E+05 -0.3916158E+04
 -0.1803500E+05 -0.3909480E+04
 -0.1803000E+05 -0.3902806E+04
 -0.1802500E+05 -0.3896138E+04
 -0.1802000E+05 -0.3889474E+04
 -0.1801500E+05 -0.3882816E+04
 -0.1801000E+05 -0.3876162E+04
 -0.1800500E+05 -0.3869513E+04
 -0.1800000E+05 -0.3862869E+04
 -0.1799500E+05 -0.3856230E+04
 -0.1799000E+05 -0.3849596E+04
 -0.1798500E+05 -0.3842966E+04
 -0.1798000E+05 -0.3836342E+04
 -0.1797500E+05 -0.3829722E+04
 -0.1797000E+05 -0.3823107E+04
 -0.1796500E+05 -0.3816498E+04
 -0.1796000E+05 -0.3809892E+04
 -0.1795500E+05 -0.3803292E+04
 -0.1795000E+05 -0.3796697E+04
 -0.1794500E+05 -0.3790106E+04
 -0.1794000E+05 -0.3783521E+04
 -0.1793500E+05 -0.3776940E+04
 -0.1793000E+05 -0.3770364E+04
 -0.1792500E+05 -0.3763793E+04
 -0.1792000E+05 -0.3757226E+04
 -0.1791500E+05 -0.3750665E+04
 -0.1791000E+05 -0.3744108E+04
 -0.1790500E+05 -0.3737556E+04
 -0.1790000E+05 -0.3731009E+04
 -0.1789500E+05 -0.3724467E+04
 -0.1789000E+05 -0.3717929E+04
 -0.1788500E+05 -0.3711396E+04
 -0.1788000E+05 -0.3704869E+04
 -0.1787500E+05 -0.3698346E+04
 -0.1787000E+05 -0.3691827E+04
 -0.1786500E+05 -0.3685314E+04
 -0.1786000E+05 -0.3678805E+04
 -0.1785500E+05 -0.3672301E+04
 -0.1785000E+05 -0.3665802E+04
 -0.1784500E+05 -0.3659308E+04
 -0.1784000E+05 -0.3652818E+04
 -0.1783500E+05 -0.3646334E+04
 -0.1783000E+05 -0.3639853E+04
 -0.1782500E+05 -0.3633378E+04
 -0.1782000E+05 -0.3626908E+04
 -0.1781500E+05 -0.3620442E+04
 -0.1781000E+05 -0.3613981E+04
 -0.1780500E+05 -0.3607525E+04
 -0.1780000E+05 -0.3601073E+04
 -0.1779500E+05 -0.3594627E+04
 -0.1779000E+05 -0.3588185E+04
 -0.1778500E+05 -0.3581747E+04
 -0.1778000E+05 -0.3575315E+04
 -0.1777500E+05 -0.3568887E+04
 -0.1777000E+05 -0.3562464E+04
 -0.1776500E+05 -0.3556046E+04
 -0.1776000E+05 -0.3549632E+04
 -0.1775500E+05 -0.3543223E+04
 -0.1775000E+05 -0.3536819E+04
 -0.1774500E+05 -0.3530420E+04
 -0.1774000E+05 -0.3524025E+04
 -0.1773500E+05 -0.3517635E+04
 -0.1773000E+05 -0.3511249E+04
 -0.1772500E+05 -0.3504869E+04
 -0.1772000E+05 -0.3498493E+04
 -0.1771500E+05 -0.3492121E+04
 -0.1771000E+05 -0.3485755E+04
 -0.1770500E+05 -0.3479393E+04
 -0.1770000E+05 -0.3473036E+04
 -0.1769500E+05 -0.3466683E+04
 -0.1769000E+05 -0.3460335E+04
 -0.1768500E+05 -0.3453992E+04
 -0.1768000E+05 -0.3447653E+04
 -0.1767500E+05 -0.3441320E+04
 -0.1767000E+05 -0.3434990E+04
 -0.1766500E+05 -0.3428666E+04
 -0.1766000E+05 -0.3422346E+04
 -0.1765500E+05 -0.3416030E+04
 -0.1765000E+05 -0.3409720E+04
 -0.1764500E+05 -0.3403414E+04
 -0.1764000E+05 -0.3397112E+04
 -0.1763500E+05 -0.3390815E+04
 -0.1763000E+05 -0.3384523E+04
 -0.1762500E+05 -0.3378236E+04
 -0.1762000E+05 -0.3371953E+04
 -0.1761500E+05 -0.3365674E+04
 -0.1761000E+05 -0.3359401E+04
 -0.1760500E+05 -0.3353132E+04
 -0.1760000E+05 -0.3346867E+04
 -0.1759500E+05 -0.3340607E+04
 -0.1759000E+05 -0.3334352E+04
 -0.1758500E+05 -0.3328101E+04
 -0.1758000E+05 -0.3321855E+04
 -0.1757500E+05 -0.3315614E+04
 -0.1757000E+05 -0.3309377E+04
 -0.1756500E+05 -0.3303144E+04
 -0.1756000E+05 -0.3296916E+04
 -0.1755500E+05 -0.3290693E+04
 -0.1755000E+05 -0.3284475E+04
 -0.1754500E+05 -0.3278260E+04
 -0.1754000E+05 -0.3272051E+04
 -0.1753500E+05 -0.3265846E+04
 -0.1753000E+05 -0.3259645E+04
 -0.1752500E+05 -0.3253449E+04
 -0.1752000E+05 -0.3247258E+04
 -0.1751500E+05 -0.3241071E+04
 -0.1751000E+05 -0.3234889E+04
 -0.1750500E+05 -0.3228711E+04
 -0.1750000E+05 -0.3222538E+04
 -0.1749500E+05 -0.3216369E+04
 -0.1749000E+05 -0.3210205E+04
 -0.1748500E+05 -0.3204045E+04
 -0.1748000E+05 -0.3197890E+04
 -0.1747500E+05 -0.3191740E+04
 -0.1747000E+05 -0.3185593E+04
 -0.1746500E+05 -0.3179452E+04
 -0.1746000E+05 -0.3173315E+04
 -0.1745500E+05 -0.3167182E+04
 -0.1745000E+05 -0.3161054E+04
 -0.1744500E+05 -0.3154930E+04
 -0.1744000E+05 -0.3148811E+04
 -0.1743500E+05 -0.3142696E+04
 -0.1743000E+05 -0.3136586E+04
 -0.1742500E+05 -0.3130481E+04
 -0.1742000E+05 -0.3124379E+04
 -0.1741500E+05 -0.3118283E+04
 -0.1741000E+05 -0.3112190E+04
 -0.1740500E+05 -0.3106102E+04
 -0.1740000E+05 -0.3100019E+04
 -0.1739500E+05 -0.3093940E+04
 -0.1739000E+05 -0.3087866E+04
 -0.1738500E+05 -0.3081796E+04
 -0.1738000E+05 -0.3075730E+04
 -0.1737500E+05 -0.3069669E+04
 -0.1737000E+05 -0.3063612E+04
 -0.1736500E+05 -0.3057560E+04
 -0.1736000E+05 -0.3051512E+04
 -0.1735500E+05 -0.3045469E+04
 -0.1735000E+05 -0.3039430E+04
 -0.1734500E+05 -0.3033395E+04
 -0.1734000E+05 -0.3027365E+04
 -0.1733500E+05 -0.3021340E+04
 -0.1733000E+05 -0.3015318E+04
 -0.1732500E+05 -0.3009302E+04
 -0.1732000E+05 -0.3003289E+04
 -0.1731500E+05 -0.2997281E+04
 -0.1731000E+05 -0.2991278E+04
 -0.1730500E+05 -0.2985278E+04
 -0.1730000E+05 -0.2979284E+04
 -0.1729500E+05 -0.2973293E+04
 -0.1729000E+05 -0.2967307E+04
 -0.1728500E+05 -0.2961326E+04
 -0.1728000E+05 -0.2955349E+04
 -0.1727500E+05 -0.2949376E+04
 -0.1727000E+05 -0.2943408E+04
 -0.1726500E+05 -0.2937444E+04
 -0.1726000E+05 -0.2931484E+04
 -0.1725500E+05 -0.2925529E+04
 -0.1725000E+05 -0.2919578E+04
 -0.1724500E+05 -0.2913631E+04
 -0.1724000E+05 -0.2907689E+04
 -0.1723500E+05 -0.2901752E+04
 -0.1723000E+05 -0.2895818E+04
 -0.1722500E+05 -0.2889890E+04
 -0.1722000E+05 -0.2883965E+04
 -0.1721500E+05 -0.2878045E+04
 -0.1721000E+05 -0.2872129E+04
 -0.1720500E+05 -0.2866217E+04
 -0.1720000E+05 -0.2860310E+04
 -0.1719500E+05 -0.2854408E+04
 -0.1719000E+05 -0.2848509E+04
 -0.1718500E+05 -0.2842615E+04
 -0.1718000E+05 -0.2836726E+04
 -0.1717500E+05 -0.2830840E+04
 -0.1717000E+05 -0.2824959E+04
 -0.1716500E+05 -0.2819083E+04
 -0.1716000E+05 -0.2813211E+04
 -0.1715500E+05 -0.2807343E+04
 -0.1715000E+05 -0.2801479E+04
 -0.1714500E+05 -0.2795620E+04
 -0.1714000E+05 -0.2789765E+04
 -0.1713500E+05 -0.2783915E+04
 -0.1713000E+05 -0.2778069E+04
 -0.1712500E+05 -0.2772227E+04
 -0.1712000E+05 -0.2766390E+04
 -0.1711500E+05 -0.2760557E+04
 -0.1711000E+05 -0.2754728E+04
 -0.1710500E+05 -0.2748903E+04
 -0.1710000E+05 -0.2743083E+04
 -0.1709500E+05 -0.2737268E+04
 -0.1709000E+05 -0.2731456E+04
 -0.1708500E+05 -0.2725649E+04
 -0.1708000E+05 -0.2719847E+04
 -0.1707500E+05 -0.2714048E+04
 -0.1765000E+05 -0.3409773E+04
 -0.1764500E+05 -0.3403465E+04
 -0.1764000E+05 -0.3397163E+04
 -0.1763500E+05 -0.3390865E+04
 -0.1763000E+05 -0.3384572E+04
 -0.1762500E+05 -0.3378283E+04
 -0.1762000E+05 -0.3371999E+04
 -0.1761500E+05 -0.3365720E+04
 -0.1761000E+05 -0.3359446E+04
 -0.1760500E+05 -0.3353176E+04
 -0.1760000E+05 -0.3346910E+04
 -0.1759500E+05 -0.3340649E+04
 -0.1759000E+05 -0.3334393E+04
 -0.1758500E+05 -0.3328142E+04
 -0.1758000E+05 -0.3321895E+04
 -0.1757500E+05 -0.3315652E+04
 -0.1757000E+05 -0.3309414E+04
 -0.1756500E+05 -0.3303181E+04
 -0.1756000E+05 -0.3296953E+04
 -0.1755500E+05 -0.3290728E+04
 -0.1755000E+05 -0.3284509E+04
 -0.1754500E+05 -0.3278294E+04
 -0.1754000E+05 -0.3272083E+04
 -0.1753500E+05 -0.3265877E+04
 -0.1753000E+05 -0.3259676E+04
 -0.1752500E+05 -0.3253479E+04
 -0.1752000E+05 -0.3247287E+04
 -0.1751500E+05 -0.3241099E+04
 -0.1751000E+05 -0.3234915E+04
 -0.1750500E+05 -0.3228737E+04
 -0.1750000E+05 -0.3222562E+04
 -0.1749500E+05 -0.3216393E+04
 -0.1749000E+05 -0.3210227E+04
 -0.1748500E+05 -0.3204066E+04
 -0.1748000E+05 -0.3197910E+04
 -0.1747500E+05 -0.3191758E+04
 -0.1747000E+05 -0.3185611E+04
 -0.1746500E+05 -0.3179468E+04
 -0.1746000E+05 -0.3173330E+04
 -0.1745500E+05 -0.3167196E+04
 -0.1745000E+05 -0.3161067E+04
 -0.1744500E+05 -0.3154942E+04
 -0.1744000E+05 -0.3148822E+04
 -0.1743500E+05 -0.3142706E+04
 -0.1743000E+05 -0.3136595E+04
 -0.1742500E+05 -0.3130488E+04
 -0.1742000E+05 -0.3124386E+04
 -0.1741500E+05 -0.3118288E+04
 -0.1741000E+05 -0.3112194E+04
 -0.1740500E+05 -0.3106105E+04
 -0.1740000E+05 -0.3100021E+04
 -0.1739500E+05 -0.3093941E+04
 -0.1739000E+05 -0.3087865E+04
 -0.1738500E+05 -0.3081794E+04
 -0.1738000E+05 -0.3075727E+04
 -0.1737500E+05 -0.3069665E+04
 -0.1737000E+05 -0.3063607E+04
 -0.1736500E+05 -0.3057554E+04
 -0.1736000E+05 -0.3051505E+04
 -0.1735500E+05 -0.3045461E+04
 -0.1735000E+05 -0.3039421E+04
 -0.1734500E+05 -0.3033386E+04
 -0.1734000E+05 -0.3027355E+04
 -0.1733500E+05 -0.3021328E+04
 -0.1733000E+05 -0.3015306E+04
 -0.1732500E+05 -0.3009288E+04
 -0.1732000E+05 -0.3003275E+04
 -0.1731500E+05 -0.2997266E+04
 -0.1731000E+05 -0.2991262E+04
 -0.1730500E+05 -0.2985262E+04
 -0.1730000E+05 -0.2979267E+04
 -0.1729500E+05 -0.2973276E+04
 -0.1729000E+05 -0.2967289E+04
 -0.1728500E+05 -0.2961307E+04
 -0.1728000E+05 -0.2955329E+04
 -0.1727500E+05 -0.2949356E+04
 -0.1727000E+05 -0.2943387E+04
 -0.1726500E+05 -0.2937422E+04
 -0.1726000E+05 -0.2931462E+04
 -0.1725500E+05 -0.2925506E+04
 -0.1725000E+05 -0.2919555E+04
 -0.1724500E+05 -0.2913608E+04
 -0.1724000E+05 -0.2907665E+04
 -0.1723500E+05 -0.2901727E+04
 -0.1723000E+05 -0.2895794E+04
 -0.1722500E+05 -0.2889864E+04
 -0.1722000E+05 -0.2883939E+04
 -0.1721500E+05 -0.2878019E+04
 -0.1721000E+05 -0.2872103E+04
 -0.1720500E+05 -0.2866191E+04
 -0.1720000E+05 -0.2860283E+04
 -0.1719500E+05 -0.2854380E+04
 -0.1719000E+05 -0.2848482E+04
 -0.1718500E+05 -0.2842587E+04
 -0.1718000E+05 -0.2836697E+04
 -0.1717500E+05 -0.2830812E+04
 -0.1717000E+05 -0.2824930E+04
 -0.1716500E+05 -0.2819053E+04
 -0.1716000E+05 -0.2813181E+04
 -0.1715500E+05 -0.2807313E+04
 -0.1715000E+05 -0.2801449E+04
 -0.1714500E+05 -0.2795589E+04
 -0.1714000E+05 -0.2789734E+04
 -0.1713500E+05 -0.2783883E+04
 -0.1713000E+05 -0.2778036E+04
 -0.1712500E+05 -0.2772194E+04
 -0.1712000E+05 -0.2766356E+04
 -0.1711500E+05 -0.2760523E+04
 -0.1711000E+05 -0.2754693E+04
 -0.1710500E+05 -0.2748868E+04
 -0.1710000E+05 -0.2743048E+04
 -0.1709500E+05 -0.2737231E+04
 -0.1709000E+05 -0.2731419E+04
 -0.1708500E+05 -0.2725611E+04
 -0.1708000E+05 -0.2719808E+04
 -0.1707500E+05 -0.2714009E+04
 -0.1707000E+05 -0.2708214E+04
 -0.1706500E+05 -0.2702423E+04
 -0.1706000E+05 -0.2696637E+04
 -0.1705500E+05 -0.2690855E+04
 -0.1705000E+05 -0.2685077E+04
 -0.1704500E+05 -0.2679303E+04
 -0.1704000E+05 -0.2673534E+04
 -0.1703500E+05 -0.2667769E+04
 -0.1703000E+05 -0.2662008E+04
 -0.1702500E+05 -0.2656252E+04
 -0.1702000E+05 -0.2650499E+04
 -0.1701500E+05 -0.2644751E+04
 -0.1701000E+05 -0.2639007E+04
 -0.1700500E+05 -0.2633268E+04
 -0.1700000E+05 -0.2627532E+04
 -0.1699500E+05 -0.2621801E+04
 -0.1699000E+05 -0.2616074E+04
 -0.1698500E+05 -0.2610352E+04
 -0.1698000E+05 -0.2604633E+04
 -0.1697500E+05 -0.2598919E+04
 -0.1697000E+05 -0.2593209E+04
 -0.1696500E+05 -0.2587503E+04
 -0.1696000E+05 -0.2581802E+04
 -0.1695500E+05 -0.2576104E+04
 -0.1695000E+05 -0.2570411E+04
 -0.1694500E+05 -0.2564722E+04
 -0.1694000E+05 -0.2559037E+04
 -0.1693500E+05 -0.2553357E+04
 -0.1693000E+05 -0.2547680E+04
 -0.1692500E+05 -0.2542008E+04
 -0.1692000E+05 -0.2536340E+04
 -0.1691500E+05 -0.2530676E+04
 -0.1691000E+05 -0.2525017E+04
 -0.1690500E+05 -0.2519361E+04
 -0.1690000E+05 -0.2513710E+04
 -0.1689500E+05 -0.2508063E+04
 -0.1689000E+05 -0.2502420E+04
 -0.1688500E+05 -0.2496781E+04
 -0.1688000E+05 -0.2491147E+04
 -0.1687500E+05 -0.2485516E+04
 -0.1687000E+05 -0.2479890E+04
 -0.1686500E+05 -0.2474268E+04
 -0.1686000E+05 -0.2468650E+04
 -0.1685500E+05 -0.2463036E+04
 -0.1685000E+05 -0.2457427E+04
 -0.1684500E+05 -0.2451821E+04
 -0.1684000E+05 -0.2446220E+04
 -0.1683500E+05 -0.2440623E+04
 -0.1683000E+05 -0.2435030E+04
 -0.1682500E+05 -0.2429441E+04
 -0.1682000E+05 -0.2423856E+04
 -0.1681500E+05 -0.2418275E+04
 -0.1681000E+05 -0.2412699E+04
 -0.1680500E+05 -0.2407127E+04
 -0.1680000E+05 -0.2401558E+04
 -0.1679500E+05 -0.2395994E+04
 -0.1679000E+05 -0.2390434E+04
 -0.1678500E+05 -0.2384879E+04
 -0.1678000E+05 -0.2379327E+04
 -0.1677500E+05 -0.2373780E+04
 -0.1677000E+05 -0.2368236E+04
 -0.1676500E+05 -0.2362697E+04
 -0.1676000E+05 -0.2357162E+04
 -0.1675500E+05 -0.2351631E+04
 -0.1675000E+05 -0.2346104E+04
 -0.1674500E+05 -0.2340581E+04
 -0.1674000E+05 -0.2335062E+04
 -0.1673500E+05 -0.2329548E+04
 -0.1673000E+05 -0.2324037E+04
 -0.1672500E+05 -0.2318531E+04
 -0.1672000E+05 -0.2313028E+04
 -0.1671500E+05 -0.2307530E+04
 -0.1671000E+05 -0.2302036E+04
 -0.1670500E+05 -0.2296546E+04
 -0.1670000E+05 -0.2291060E+04
 -0.1669500E+05 -0.2285578E+04
 -0.1669000E+05 -0.2280101E+04
 -0.1668500E+05 -0.2274627E+04
 -0.1668000E+05 -0.2269157E+04
 -0.1667500E+05 -0.2263692E+04
 -0.1667000E+05 -0.2258230E+04
 -0.1666500E+05 -0.2252773E+04
 -0.1666000E+05 -0.2247320E+04
 -0.1665500E+05 -0.2241870E+04
 -0.1665000E+05 -0.2236425E+04
 -0.1664500E+05 -0.2230984E+04
 -0.1664000E+05 -0.2225547E+04
 -0.1663500E+05 -0.2220114E+04
 -0.1663000E+05 -0.2214685E+04
 -0.1662500E+05 -0.2209260E+04
 -0.1662000E+05 -0.2203839E+04
 -0.1661500E+05 -0.2198421E+04
 -0.1661000E+05 -0.2193008E+04
 -0.1660500E+05 -0.2187599E+04
 -0.1660000E+05 -0.2182194E+04
 -0.1659500E+05 -0.2176793E+04
 -0.1659000E+05 -0.2171396E+04
 -0.1658500E+05 -0.2166003E+04
 -0.1658000E+05 -0.2160613E+04
 -0.1657500E+05 -0.2155228E+04
 -0.1657000E+05 -0.2149847E+04
 -0.1656500E+05 -0.2144469E+04
 -0.1656000E+05 -0.2139096E+04
 -0.1655500E+05 -0.2133726E+04
 -0.1655000E+05 -0.2128360E+04
 -0.1654500E+05 -0.2122998E+04
 -0.1654000E+05 -0.2117640E+04
 -0.1653500E+05 -0.2112286E+04
 -0.1653000E+05 -0.2106935E+04
 -0.1652500E+05 -0.2101588E+04
 -0.1652000E+05 -0.2096246E+04
 -0.1651500E+05 -0.2090906E+04
 -0.1651000E+05 -0.2085571E+04
 -0.1650500E+05 -0.2080239E+04
 -0.1650000E+05 -0.2074912E+04
 -0.1707500E+05 -0.2713997E+04
 -0.1707000E+05 -0.2708201E+04
 -0.1706500E+05 -0.2702409E+04
 -0.1706000E+05 -0.2696622E+04
 -0.1705500E+05 -0.2690840E+04
 -0.1705000E+05 -0.2685061E+04
 -0.1704500E+05 -0.2679287E+04
 -0.1704000E+05 -0.2673518E+04
 -0.1703500E+05 -0.2667752E+04
 -0.1703000E+05 -0.2661992E+04
 -0.1702500E+05 -0.2656235E+04
 -0.1702000E+05 -0.2650483E+04
 -0.1701500E+05 -0.2644735E+04
 -0.1701000E+05 -0.2638991E+04
 -0.1700500E+05 -0.2633252E+04
 -0.1700000E+05 -0.2627517E+04
 -0.1699500E+05 -0.2621786E+04
 -0.1699000E+05 -0.2616060E+04
 -0.1698500E+05 -0.2610337E+04
 -0.1698000E+05 -0.2604619E+04
 -0.1697500E+05 -0.2598906E+04
 -0.1697000E+05 -0.2593196E+04
 -0.1696500E+05 -0.2587491E+04
 -0.1696000E+05 -0.2581790E+04
 -0.1695500E+05 -0.2576093E+04
 -0.1695000E+05 -0.2570401E+04
 -0.1694500E+05 -0.2564712E+04
 -0.1694000E+05 -0.2559028E+04
 -0.1693500E+05 -0.2553348E+04
 -0.1693000E+05 -0.2547673E+04
 -0.1692500E+05 -0.2542001E+04
 -0.1692000E+05 -0.2536334E+04
 -0.1691500E+05 -0.2530671E+04
 -0.1691000E+05 -0.2525012E+04
 -0.1690500E+05 -0.2519357E+04
 -0.1690000E+05 -0.2513706E+04
 -0.1689500E+05 -0.2508060E+04
 -0.1689000E+05 -0.2502418E+04
 -0.1688500E+05 -0.2496780E+04
 -0.1688000E+05 -0.2491146E+04
 -0.1687500E+05 -0.2485516E+04
 -0.1687000E+05 -0.2479890E+04
 -0.1686500E+05 -0.2474269E+04
 -0.1686000E+05 -0.2468651E+04
 -0.1685500E+05 -0.2463038E+04
 -0.1685000E+05 -0.2457429E+04
 -0.1684500E+05 -0.2451824E+04
 -0.1684000E+05 -0.2446223E+04
 -0.1683500E+05 -0.2440627E+04
 -0.1683000E+05 -0.2435034E+04
 -0.1682500E+05 -0.2429446E+04
 -0.1682000E+05 -0.2423861E+04
 -0.1681500E+05 -0.2418281E+04
 -0.1681000E+05 -0.2412705E+04
 -0.1680500E+05 -0.2407133E+04
 -0.1680000E+05 -0.2401566E+04
 -0.1679500E+05 -0.2396002E+04
 -0.1679000E+05 -0.2390442E+04
 -0.1678500E+05 -0.2384887E+04
 -0.1678000E+05 -0.2379335E+04
 -0.1677500E+05 -0.2373788E+04
 -0.1677000E+05 -0.2368245E+04
 -0.1676500E+05 -0.2362706E+04
 -0.1676000E+05 -0.2357171E+04
 -0.1675500E+05 -0.2351640E+04
 -0.1675000E+05 -0.2346113E+04
 -0.1674500E+05 -0.2340590E+04
 -0.1674000E+05 -0.2335072E+04
 -0.1673500E+05 -0.2329557E+04
 -0.1673000E+05 -0.2324047E+04
 -0.1672500E+05 -0.2318540E+04
 -0.1672000E+05 -0.2313038E+04
 -0.1671500E+05 -0.2307540E+04
 -0.1671000E+05 -0.2302046E+04
 -0.1670500E+05 -0.2296555E+04
 -0.1670000E+05 -0.2291069E+04
 -0.1669500E+05 -0.2285587E+04
 -0.1669000E+05 -0.2280109E+04
 -0.1668500E+05 -0.2274636E+04
 -0.1668000E+05 -0.2269166E+04
 -0.1667500E+05 -0.2263700E+04
 -0.1667000E+05 -0.2258238E+04
 -0.1666500E+05 -0.2252780E+04
 -0.1666000E+05 -0.2247327E+04
 -0.1665500E+05 -0.2241877E+04
 -0.1665000E+05 -0.2236432E+04
 -0.1664500E+05 -0.2230990E+04
 -0.1664000E+05 -0.2225552E+04
 -0.1663500E+05 -0.2220119E+04
 -0.1663000E+05 -0.2214689E+04
 -0.1662500E+05 -0.2209264E+04
 -0.1662000E+05 -0.2203843E+04
 -0.1661500E+05 -0.2198425E+04
 -0.1661000E+05 -0.2193012E+04
 -0.1660500E+05 -0.2187602E+04
 -0.1660000E+05 -0.2182197E+04
 -0.1659500E+05 -0.2176796E+04
 -0.1659000E+05 -0.2171398E+04
 -0.1658500E+05 -0.2166005E+04
 -0.1658000E+05 -0.2160615E+04
 -0.1657500E+05 -0.2155230E+04
 -0.1657000E+05 -0.2149848E+04
 -0.1656500E+05 -0.2144471E+04
 -0.1656000E+05 -0.2139097E+04
 -0.1655500E+05 -0.2133728E+04
 -0.1655000E+05 -0.2128362E+04
 -0.1654500E+05 -0.2123001E+04
 -0.1654000E+05 -0.2117643E+04
 -0.1653500E+05 -0.2112290E+04
 -0.1653000E+05 -0.2106940E+04
 -0.1652500E+05 -0.2101594E+04
 -0.1652000E+05 -0.2096252E+04
 -0.1651500E+05 -0.2090915E+04
 -0.1651000E+05 -0.2085581E+04
 -0.1650500E+05 -0.2080251E+04
 -0.1650000E+05 -0.2074925E+04
 -0.1649500E+05 -0.2069603E+04
 -0.1649000E+05 -0.2064285E+04
 -0.1648500E+05 -0.2058970E+04
 -0.1648000E+05 -0.2053660E+04
 -0.1647500E+05 -0.2048354E+04
 -0.1647000E+05 -0.2043051E+04
 -0.1646500E+05 -0.2037753E+04
 -0.1646000E+05 -0.2032458E+04
 -0.1645500E+05 -0.2027167E+04
 -0.1645000E+05 -0.2021881E+04
 -0.1644500E+05 -0.2016598E+04
 -0.1644000E+05 -0.2011319E+04
 -0.1643500E+05 -0.2006044E+04
 -0.1643000E+05 -0.2000772E+04
 -0.1642500E+05 -0.1995505E+04
 -0.1642000E+05 -0.1990242E+04
 -0.1641500E+05 -0.1984982E+04
 -0.1641000E+05 -0.1979726E+04
 -0.1640500E+05 -0.1974475E+04
 -0.1640000E+05 -0.1969227E+04
 -0.1639500E+05 -0.1963983E+04
 -0.1639000E+05 -0.1958742E+04
 -0.1638500E+05 -0.1953506E+04
 -0.1638000E+05 -0.1948274E+04
 -0.1637500E+05 -0.1943045E+04
 -0.1637000E+05 -0.1937820E+04
 -0.1636500E+05 -0.1932599E+04
 -0.1636000E+05 -0.1927382E+04
 -0.1635500E+05 -0.1922169E+04
 -0.1635000E+05 -0.1916960E+04
 -0.1634500E+05 -0.1911754E+04
 -0.1634000E+05 -0.1906552E+04
 -0.1633500E+05 -0.1901355E+04
 -0.1633000E+05 -0.1896161E+04
 -0.1632500E+05 -0.1890970E+04
 -0.1632000E+05 -0.1885784E+04
 -0.1631500E+05 -0.1880602E+04
 -0.1631000E+05 -0.1875423E+04
 -0.1630500E+05 -0.1870248E+04
 -0.1630000E+05 -0.1865077E+04
 -0.1629500E+05 -0.1859910E+04
 -0.1629000E+05 -0.1854746E+04
 -0.1628500E+05 -0.1849587E+04
 -0.1628000E+05 -0.1844431E+04
 -0.1627500E+05 -0.1839279E+04
 -0.1627000E+05 -0.1834131E+04
 -0.1626500E+05 -0.1828986E+04
 -0.1626000E+05 -0.1823846E+04
 -0.1625500E+05 -0.1818709E+04
 -0.1625000E+05 -0.1813576E+04
 -0.1624500E+05 -0.1808447E+04
 -0.1624000E+05 -0.1803321E+04
 -0.1623500E+05 -0.1798200E+04
 -0.1623000E+05 -0.1793082E+04
 -0.1622500E+05 -0.1787968E+04
 -0.1622000E+05 -0.1782858E+04
 -0.1621500E+05 -0.1777751E+04
 -0.1621000E+05 -0.1772649E+04
 -0.1620500E+05 -0.1767550E+04
 -0.1620000E+05 -0.1762455E+04
 -0.1619500E+05 -0.1757363E+04
 -0.1619000E+05 -0.1752276E+04
 -0.1618500E+05 -0.1747192E+04
 -0.1618000E+05 -0.1742112E+04
 -0.1617500E+05 -0.1737036E+04
 -0.1617000E+05 -0.1731964E+04
 -0.1616500E+05 -0.1726895E+04
 -0.1616000E+05 -0.1721830E+04
 -0.1615500E+05 -0.1716769E+04
 -0.1615000E+05 -0.1711712E+04
 -0.1614500E+05 -0.1706658E+04
 -0.1614000E+05 -0.1701608E+04
 -0.1613500E+05 -0.1696562E+04
 -0.1613000E+05 -0.1691520E+04
 -0.1612500E+05 -0.1686481E+04
 -0.1612000E+05 -0.1681446E+04
 -0.1611500E+05 -0.1676415E+04
 -0.1611000E+05 -0.1671388E+04
 -0.1610500E+05 -0.1666365E+04
 -0.1610000E+05 -0.1661345E+04
 -0.1609500E+05 -0.1656329E+04
 -0.1609000E+05 -0.1651316E+04
 -0.1608500E+05 -0.1646308E+04
 -0.1608000E+05 -0.1641303E+04
 -0.1607500E+05 -0.1636302E+04
 -0.1607000E+05 -0.1631304E+04
 -0.1606500E+05 -0.1626311E+04
 -0.1606000E+05 -0.1621321E+04
 -0.1605500E+05 -0.1616335E+04
 -0.1605000E+05 -0.1611352E+04
 -0.1604500E+05 -0.1606373E+04
 -0.1604000E+05 -0.1601398E+04
 -0.1603500E+05 -0.1596427E+04
 -0.1603000E+05 -0.1591459E+04
 -0.1602500E+05 -0.1586495E+04
 -0.1602000E+05 -0.1581535E+04
 -0.1601500E+05 -0.1576579E+04
 -0.1601000E+05 -0.1571626E+04
 -0.1600500E+05 -0.1566677E+04
 -0.1600000E+05 -0.1561731E+04
 -0.1599500E+05 -0.1556789E+04
 -0.1599000E+05 -0.1551851E+04
 -0.1598500E+05 -0.1546917E+04
 -0.1598000E+05 -0.1541986E+04
 -0.1597500E+05 -0.1537059E+04
 -0.1597000E+05 -0.1532135E+04
 -0.1596500E+05 -0.1527215E+04
 -0.1596000E+05 -0.1522299E+04
 -0.1595500E+05 -0.1517386E+04
 -0.1595000E+05 -0.1512477E+04
 -0.1594500E+05 -0.1507572E+04
 -0.1594000E+05 -0.1502670E+04
 -0.1593500E+05 -0.1497771E+04
 -0.1593000E+05 -0.1492877E+04
 -0.1592500E+05 -0.1487986E+04
 -0.1650000E+05 -0.2074912E+04
 -0.1649500E+05 -0.2069588E+04
 -0.1649000E+05 -0.2064269E+04
 -0.1648500E+05 -0.2058954E+04
 -0.1648000E+05 -0.2053642E+04
 -0.1647500E+05 -0.2048335E+04
 -0.1647000E+05 -0.2043032E+04
 -0.1646500E+05 -0.2037733E+04
 -0.1646000E+05 -0.2032437E+04
 -0.1645500E+05 -0.2027146E+04
 -0.1645000E+05 -0.2021859E+04
 -0.1644500E+05 -0.2016575E+04
 -0.1644000E+05 -0.2011296E+04
 -0.1643500E+05 -0.2006020E+04
 -0.1643000E+05 -0.2000749E+04
 -0.1642500E+05 -0.1995481E+04
 -0.1642000E+05 -0.1990217E+04
 -0.1641500E+05 -0.1984958E+04
 -0.1641000E+05 -0.1979702E+04
 -0.1640500E+05 -0.1974450E+04
 -0.1640000E+05 -0.1969202E+04
 -0.1639500E+05 -0.1963958E+04
 -0.1639000E+05 -0.1958718E+04
 -0.1638500E+05 -0.1953481E+04
 -0.1638000E+05 -0.1948249E+04
 -0.1637500E+05 -0.1943020E+04
 -0.1637000E+05 -0.1937796E+04
 -0.1636500E+05 -0.1932575E+04
 -0.1636000E+05 -0.1927358E+04
 -0.1635500E+05 -0.1922145E+04
 -0.1635000E+05 -0.1916936E+04
 -0.1634500E+05 -0.1911731E+04
 -0.1634000E+05 -0.1906530E+04
 -0.1633500E+05 -0.1901332E+04
 -0.1633000E+05 -0.1896139E+04
 -0.1632500E+05 -0.1890949E+04
 -0.1632000E+05 -0.1885763E+04
 -0.1631500E+05 -0.1880581E+04
 -0.1631000E+05 -0.1875403E+04
 -0.1630500E+05 -0.1870228E+04
 -0.1630000E+05 -0.1865058E+04
 -0.1629500E+05 -0.1859891E+04
 -0.1629000E+05 -0.1854728E+04
 -0.1628500E+05 -0.1849570E+04
 -0.1628000E+05 -0.1844414E+04
 -0.1627500E+05 -0.1839263E+04
 -0.1627000E+05 -0.1834116E+04
 -0.1626500E+05 -0.1828972E+04
 -0.1626000E+05 -0.1823832E+04
 -0.1625500E+05 -0.1818696E+04
 -0.1625000E+05 -0.1813564E+04
 -0.1624500E+05 -0.1808436E+04
 -0.1624000E+05 -0.1803311E+04
 -0.1623500E+05 -0.1798190E+04
 -0.1623000E+05 -0.1793073E+04
 -0.1622500E+05 -0.1787960E+04
 -0.1622000E+05 -0.1782851E+04
 -0.1621500E+05 -0.1777745E+04
 -0.1621000E+05 -0.1772644E+04
 -0.1620500E+05 -0.1767546E+04
 -0.1620000E+05 -0.1762452E+04
 -0.1619500E+05 -0.1757361E+04
 -0.1619000E+05 -0.1752275E+04
 -0.1618500E+05 -0.1747192E+04
 -0.1618000E+05 -0.1742113E+04
 -0.1617500E+05 -0.1737038E+04
 -0.1617000E+05 -0.1731966E+04
 -0.1616500E+05 -0.1726899E+04
 -0.1616000E+05 -0.1721835E+04
 -0.1615500E+05 -0.1716774E+04
 -0.1615000E+05 -0.1711718E+04
 -0.1614500E+05 -0.1706665E+04
 -0.1614000E+05 -0.1701617E+04
 -0.1613500E+05 -0.1696571E+04
 -0.1613000E+05 -0.1691530E+04
 -0.1612500E+05 -0.1686492E+04
 -0.1612000E+05 -0.1681459E+04
 -0.1611500E+05 -0.1676428E+04
 -0.1611000E+05 -0.1671402E+04
 -0.1610500E+05 -0.1666379E+04
 -0.1610000E+05 -0.1661360E+04
 -0.1609500E+05 -0.1656345E+04
 -0.1609000E+05 -0.1651334E+04
 -0.1608500E+05 -0.1646326E+04
 -0.1608000E+05 -0.1641322E+04
 -0.1607500E+05 -0.1636322E+04
 -0.1607000E+05 -0.1631325E+04
 -0.1606500E+05 -0.1626332E+04
 -0.1606000E+05 -0.1621343E+04
 -0.1605500E+05 -0.1616358E+04
 -0.1605000E+05 -0.1611376E+04
 -0.1604500E+05 -0.1606398E+04
 -0.1604000E+05 -0.1601423E+04
 -0.1603500E+05 -0.1596453E+04
 -0.1603000E+05 -0.1591486E+04
 -0.1602500E+05 -0.1586522E+04
 -0.1602000E+05 -0.1581563E+04
 -0.1601500E+05 -0.1576607E+04
 -0.1601000E+05 -0.1571654E+04
 -0.1600500E+05 -0.1566706E+04
 -0.1600000E+05 -0.1561761E+04
 -0.1599500E+05 -0.1556819E+04
 -0.1599000E+05 -0.1551882E+04
 -0.1598500E+05 -0.1546948E+04
 -0.1598000E+05 -0.1542017E+04
 -0.1597500E+05 -0.1537091E+04
 -0.1597000E+05 -0.1532168E+04
 -0.1596500E+05 -0.1527248E+04
 -0.1596000E+05 -0.1522333E+04
 -0.1595500E+05 -0.1517420E+04
 -0.1595000E+05 -0.1512512E+04
 -0.1594500E+05 -0.1507607E+04
 -0.1594000E+05 -0.1502706E+04
 -0.1593500E+05 -0.1497808E+04
 -0.1593000E+05 -0.1492914E+04
 -0.1592500E+05 -0.1488024E+04
 -0.1592000E+05 -0.1483137E+04
 -0.1591500E+05 -0.1478254E+04
 -0.1591000E+05 -0.1473375E+04
 -0.1590500E+05 -0.1468499E+04
 -0.1590000E+05 -0.1463626E+04
 -0.1589500E+05 -0.1458758E+04
 -0.1589000E+05 -0.1453892E+04
 -0.1588500E+05 -0.1449031E+04
 -0.1588000E+05 -0.1444173E+04
 -0.1587500E+05 -0.1439319E+04
 -0.1587000E+05 -0.1434468E+04
 -0.1586500E+05 -0.1429621E+04
 -0.1586000E+05 -0.1424777E+04
 -0.1585500E+05 -0.1419937E+04
 -0.1585000E+05 -0.1415101E+04
 -0.1584500E+05 -0.1410268E+04
 -0.1584000E+05 -0.1405438E+04
 -0.1583500E+05 -0.1400613E+04
 -0.1583000E+05 -0.1395790E+04
 -0.1582500E+05 -0.1390972E+04
 -0.1582000E+05 -0.1386157E+04
 -0.1581500E+05 -0.1381345E+04
 -0.1581000E+05 -0.1376537E+04
 -0.1580500E+05 -0.1371733E+04
 -0.1580000E+05 -0.1366932E+04
 -0.1579500E+05 -0.1362135E+04
 -0.1579000E+05 -0.1357341E+04
 -0.1578500E+05 -0.1352550E+04
 -0.1578000E+05 -0.1347764E+04
 -0.1577500E+05 -0.1342981E+04
 -0.1577000E+05 -0.1338201E+04
 -0.1576500E+05 -0.1333425E+04
 -0.1576000E+05 -0.1328652E+04
 -0.1575500E+05 -0.1323883E+04
 -0.1575000E+05 -0.1319118E+04
 -0.1574500E+05 -0.1314356E+04
 -0.1574000E+05 -0.1309597E+04
 -0.1573500E+05 -0.1304842E+04
 -0.1573000E+05 -0.1300091E+04
 -0.1572500E+05 -0.1295343E+04
 -0.1572000E+05 -0.1290599E+04
 -0.1571500E+05 -0.1285858E+04
 -0.1571000E+05 -0.1281120E+04
 -0.1570500E+05 -0.1276386E+04
 -0.1570000E+05 -0.1271656E+04
 -0.1569500E+05 -0.1266929E+04
 -0.1569000E+05 -0.1262206E+04
 -0.1568500E+05 -0.1257486E+04
 -0.1568000E+05 -0.1252770E+04
 -0.1567500E+05 -0.1248057E+04
 -0.1567000E+05 -0.1243348E+04
 -0.1566500E+05 -0.1238642E+04
 -0.1566000E+05 -0.1233939E+04
 -0.1565500E+05 -0.1229241E+04
 -0.1565000E+05 -0.1224545E+04
 -0.1564500E+05 -0.1219853E+04
 -0.1564000E+05 -0.1215165E+04
 -0.1563500E+05 -0.1210480E+04
 -0.1563000E+05 -0.1205799E+04
 -0.1562500E+05 -0.1201121E+04
 -0.1562000E+05 -0.1196446E+04
 -0.1561500E+05 -0.1191775E+04
 -0.1561000E+05 -0.1187108E+04
 -0.1560500E+05 -0.1182444E+04
 -0.1560000E+05 -0.1177783E+04
 -0.1559500E+05 -0.1173126E+04
 -0.1559000E+05 -0.1168473E+04
 -0.1558500E+05 -0.1163823E+04
 -0.1558000E+05 -0.1159176E+04
 -0.1557500E+05 -0.1154533E+04
 -0.1557000E+05 -0.1149893E+04
 -0.1556500E+05 -0.1145257E+04
 -0.1556000E+05 -0.1140624E+04
 -0.1555500E+05 -0.1135995E+04
 -0.1555000E+05 -0.1131369E+04
 -0.1554500E+05 -0.1126746E+04
 -0.1554000E+05 -0.1122127E+04
 -0.1553500E+05 -0.1117512E+04
 -0.1553000E+05 -0.1112900E+04
 -0.1552500E+05 -0.1108291E+04
 -0.1552000E+05 -0.1103686E+04
 -0.1551500E+05 -0.1099084E+04
 -0.1551000E+05 -0.1094486E+04
 -0.1550500E+05 -0.1089891E+04
 -0.1550000E+05 -0.1085299E+04
 -0.1549500E+05 -0.1080711E+04
 -0.1549000E+05 -0.1076126E+04
 -0.1548500E+05 -0.1071545E+04
 -0.1548000E+05 -0.1066967E+04
 -0.1547500E+05 -0.1062393E+04
 -0.1547000E+05 -0.1057822E+04
 -0.1546500E+05 -0.1053254E+04
 -0.1546000E+05 -0.1048690E+04
 -0.1545500E+05 -0.1044129E+04
 -0.1545000E+05 -0.1039571E+04
 -0.1544500E+05 -0.1035017E+04
 -0.1544000E+05 -0.1030466E+04
 -0.1543500E+05 -0.1025919E+04
 -0.1543000E+05 -0.1021375E+04
 -0.1542500E+05 -0.1016834E+04
 -0.1542000E+05 -0.1012296E+04
 -0.1541500E+05 -0.1007762E+04
 -0.1541000E+05 -0.1003231E+04
 -0.1540500E+05 -0.9987036E+03
 -0.1540000E+05 -0.9941793E+03
 -0.1539500E+05 -0.9896583E+03
 -0.1539000E+05 -0.9851406E+03
 -0.1538500E+05 -0.9806261E+03
 -0.1538000E+05 -0.9761149E+03
 -0.1537500E+05 -0.9716069E+03
 -0.1537000E+05 -0.9671021E+03
 -0.1536500E+05 -0.9626006E+03
 -0.1536000E+05 -0.9581022E+03
 -0.1535500E+05 -0.9536070E+03
 -0.1535000E+05 -0.9491150E+03
 -0.1592500E+05 -0.1488014E+04
 -0.1592000E+05 -0.1483128E+04
 -0.1591500E+05 -0.1478245E+04
 -0.1591000E+05 -0.1473366E+04
 -0.1590500E+05 -0.1468491E+04
 -0.1590000E+05 -0.1463619E+04
 -0.1589500E+05 -0.1458750E+04
 -0.1589000E+05 -0.1453885E+04
 -0.1588500E+05 -0.1449024E+04
 -0.1588000E+05 -0.1444166E+04
 -0.1587500E+05 -0.1439312E+04
 -0.1587000E+05 -0.1434461E+04
 -0.1586500E+05 -0.1429614E+04
 -0.1586000E+05 -0.1424771E+04
 -0.1585500E+05 -0.1419931E+04
 -0.1585000E+05 -0.1415094E+04
 -0.1584500E+05 -0.1410262E+04
 -0.1584000E+05 -0.1405432E+04
 -0.1583500E+05 -0.1400607E+04
 -0.1583000E+05 -0.1395785E+04
 -0.1582500E+05 -0.1390966E+04
 -0.1582000E+05 -0.1386151E+04
 -0.1581500E+05 -0.1381340E+04
 -0.1581000E+05 -0.1376532E+04
 -0.1580500E+05 -0.1371728E+04
 -0.1580000E+05 -0.1366927E+04
 -0.1579500E+05 -0.1362130E+04
 -0.1579000E+05 -0.1357336E+04
 -0.1578500E+05 -0.1352546E+04
 -0.1578000E+05 -0.1347760E+04
 -0.1577500E+05 -0.1342977E+04
 -0.1577000E+05 -0.1338197E+04
 -0.1576500E+05 -0.1333421E+04
 -0.1576000E+05 -0.1328649E+04
 -0.1575500E+05 -0.1323880E+04
 -0.1575000E+05 -0.1319115E+04
 -0.1574500E+05 -0.1314353E+04
 -0.1574000E+05 -0.1309595E+04
 -0.1573500E+05 -0.1304840E+04
 -0.1573000E+05 -0.1300089E+04
 -0.1572500E+05 -0.1295341E+04
 -0.1572000E+05 -0.1290597E+04
 -0.1571500E+05 -0.1285857E+04
 -0.1571000E+05 -0.1281119E+04
 -0.1570500E+05 -0.1276386E+04
 -0.1570000E+05 -0.1271656E+04
 -0.1569500E+05 -0.1266929E+04
 -0.1569000E+05 -0.1262206E+04
 -0.1568500E+05 -0.1257487E+04
 -0.1568000E+05 -0.1252771E+04
 -0.1567500E+05 -0.1248058E+04
 -0.1567000E+05 -0.1243349E+04
 -0.1566500E+05 -0.1238643E+04
 -0.1566000E+05 -0.1233941E+04
 -0.1565500E+05 -0.1229243E+04
 -0.1565000E+05 -0.1224548E+04
 -0.1564500E+05 -0.1219856E+04
 -0.1564000E+05 -0.1215168E+04
 -0.1563500E+05 -0.1210483E+04
 -0.1563000E+05 -0.1205802E+04
 -0.1562500E+05 -0.1201124E+04
 -0.1562000E+05 -0.1196450E+04
 -0.1561500E+05 -0.1191779E+04
 -0.1561000E+05 -0.1187112E+04
 -0.1560500E+05 -0.1182448E+04
 -0.1560000E+05 -0.1177788E+04
 -0.1559500E+05 -0.1173131E+04
 -0.1559000E+05 -0.1168477E+04
 -0.1558500E+05 -0.1163827E+04
 -0.1558000E+05 -0.1159181E+04
 -0.1557500E+05 -0.1154538E+04
 -0.1557000E+05 -0.1149898E+04
 -0.1556500E+05 -0.1145262E+04
 -0.1556000E+05 -0.1140629E+04
 -0.1555500E+05 -0.1136000E+04
 -0.1555000E+05 -0.1131374E+04
 -0.1554500E+05 -0.1126751E+04
 -0.1554000E+05 -0.1122132E+04
 -0.1553500E+05 -0.1117517E+04
 -0.1553000E+05 -0.1112904E+04
 -0.1552500E+05 -0.1108296E+04
 -0.1552000E+05 -0.1103690E+04
 -0.1551500E+05 -0.1099088E+04
 -0.1551000E+05 -0.1094490E+04
 -0.1550500E+05 -0.1089895E+04
 -0.1550000E+05 -0.1085303E+04
 -0.1549500E+05 -0.1080715E+04
 -0.1549000E+05 -0.1076130E+04
 -0.1548500E+05 -0.1071548E+04
 -0.1548000E+05 -0.1066970E+04
 -0.1547500E+05 -0.1062395E+04
 -0.1547000E+05 -0.1057824E+04
 -0.1546500E+05 -0.1053256E+04
 -0.1546000E+05 -0.1048692E+04
 -0.1545500E+05 -0.1044130E+04
 -0.1545000E+05 -0.1039573E+04
 -0.1544500E+05 -0.1035018E+04
 -0.1544000E+05 -0.1030467E+04
 -0.1543500E+05 -0.1025920E+04
 -0.1543000E+05 -0.1021375E+04
 -0.1542500E+05 -0.1016835E+04
 -0.1542000E+05 -0.1012297E+04
 -0.1541500E+05 -0.1007763E+04
 -0.1541000E+05 -0.1003232E+04
 -0.1540500E+05 -0.9987048E+03
 -0.1540000E+05 -0.9941808E+03
 -0.1539500E+05 -0.9896601E+03
 -0.1539000E+05 -0.9851428E+03
 -0.1538500E+05 -0.9806289E+03
 -0.1538000E+05 -0.9761183E+03
 -0.1537500E+05 -0.9716110E+03
 -0.1537000E+05 -0.9671071E+03
 -0.1536500E+05 -0.9626065E+03
 -0.1536000E+05 -0.9581093E+03
 -0.1535500E+05 -0.9536154E+03
 -0.1535000E+05 -0.9491249E+03
 -0.1534500E+05 -0.9446377E+03
 -0.1534000E+05 -0.9401538E+03
 -0.1533500E+05 -0.9356733E+03
 -0.1533000E+05 -0.9311961E+03
 -0.1532500E+05 -0.9267222E+03
 -0.1532000E+05 -0.9222516E+03
 -0.1531500E+05 -0.9177844E+03
 -0.1531000E+05 -0.9133205E+03
 -0.1530500E+05 -0.9088599E+03
 -0.1530000E+05 -0.9044027E+03
 -0.1529500E+05 -0.8999487E+03
 -0.1529000E+05 -0.8954981E+03
 -0.1528500E+05 -0.8910507E+03
 -0.1528000E+05 -0.8866067E+03
 -0.1527500E+05 -0.8821660E+03
 -0.1527000E+05 -0.8777286E+03
 -0.1526500E+05 -0.8732945E+03
 -0.1526000E+05 -0.8688636E+03
 -0.1525500E+05 -0.8644361E+03
 -0.1525000E+05 -0.8600119E+03
 -0.1524500E+05 -0.8555910E+03
 -0.1524000E+05 -0.8511733E+03
 -0.1523500E+05 -0.8467590E+03
 -0.1523000E+05 -0.8423479E+03
 -0.1522500E+05 -0.8379402E+03
 -0.1522000E+05 -0.8335357E+03
 -0.1521500E+05 -0.8291344E+03
 -0.1521000E+05 -0.8247365E+03
 -0.1520500E+05 -0.8203418E+03
 -0.1520000E+05 -0.8159504E+03
 -0.1519500E+05 -0.8115623E+03
 -0.1519000E+05 -0.8071774E+03
 -0.1518500E+05 -0.8027958E+03
 -0.1518000E+05 -0.7984175E+03
 -0.1517500E+05 -0.7940424E+03
 -0.1517000E+05 -0.7896706E+03
 -0.1516500E+05 -0.7853021E+03
 -0.1516000E+05 -0.7809368E+03
 -0.1515500E+05 -0.7765747E+03
 -0.1515000E+05 -0.7722159E+03
 -0.1514500E+05 -0.7678603E+03
 -0.1514000E+05 -0.7635080E+03
 -0.1513500E+05 -0.7591589E+03
 -0.1513000E+05 -0.7548131E+03
 -0.1512500E+05 -0.7504705E+03
 -0.1512000E+05 -0.7461311E+03
 -0.1511500E+05 -0.7417950E+03
 -0.1511000E+05 -0.7374621E+03
 -0.1510500E+05 -0.7331324E+03
 -0.1510000E+05 -0.7288059E+03
 -0.1509500E+05 -0.7244827E+03
 -0.1509000E+05 -0.7201627E+03
 -0.1508500E+05 -0.7158459E+03
 -0.1508000E+05 -0.7115323E+03
 -0.1507500E+05 -0.7072219E+03
 -0.1507000E+05 -0.7029147E+03
 -0.1506500E+05 -0.6986107E+03
 -0.1506000E+05 -0.6943100E+03
 -0.1505500E+05 -0.6900124E+03
 -0.1505000E+05 -0.6857180E+03
 -0.1504500E+05 -0.6814269E+03
 -0.1504000E+05 -0.6771389E+03
 -0.1503500E+05 -0.6728541E+03
 -0.1503000E+05 -0.6685724E+03
 -0.1502500E+05 -0.6642940E+03
 -0.1502000E+05 -0.6600188E+03
 -0.1501500E+05 -0.6557467E+03
 -0.1501000E+05 -0.6514778E+03
 -0.1500500E+05 -0.6472120E+03
 -0.1500000E+05 -0.6429495E+03
 -0.1499500E+05 -0.6386901E+03
 -0.1499000E+05 -0.6344338E+03
 -0.1498500E+05 -0.6301808E+03
 -0.1498000E+05 -0.6259308E+03
 -0.1497500E+05 -0.6216841E+03
 -0.1497000E+05 -0.6174404E+03
 -0.1496500E+05 -0.6132000E+03
 -0.1496000E+05 -0.6089626E+03
 -0.1495500E+05 -0.6047284E+03
 -0.1495000E+05 -0.6004974E+03
 -0.1494500E+05 -0.5962695E+03
 -0.1494000E+05 -0.5920447E+03
 -0.1493500E+05 -0.5878230E+03
 -0.1493000E+05 -0.5836045E+03
 -0.1492500E+05 -0.5793890E+03
 -0.1492000E+05 -0.5751768E+03
 -0.1491500E+05 -0.5709676E+03
 -0.1491000E+05 -0.5667615E+03
 -0.1490500E+05 -0.5625585E+03
 -0.1490000E+05 -0.5583587E+03
 -0.1489500E+05 -0.5541619E+03
 -0.1489000E+05 -0.5499683E+03
 -0.1488500E+05 -0.5457777E+03
 -0.1488000E+05 -0.5415902E+03
 -0.1487500E+05 -0.5374058E+03
 -0.1487000E+05 -0.5332246E+03
 -0.1486500E+05 -0.5290463E+03
 -0.1486000E+05 -0.5248712E+03
 -0.1485500E+05 -0.5206991E+03
 -0.1485000E+05 -0.5165302E+03
 -0.1484500E+05 -0.5123642E+03
 -0.1484000E+05 -0.5082014E+03
 -0.1483500E+05 -0.5040416E+03
 -0.1483000E+05 -0.4998849E+03
 -0.1482500E+05 -0.4957312E+03
 -0.1482000E+05 -0.4915806E+03
 -0.1481500E+05 -0.4874330E+03
 -0.1481000E+05 -0.4832885E+03
 -0.1480500E+05 -0.4791470E+03
 -0.1480000E+05 -0.4750085E+03
 -0.1479500E+05 -0.4708731E+03
 -0.1479000E+05 -0.4667407E+03
 -0.1478500E+05 -0.4626114E+03
 -0.1478000E+05 -0.4584850E+03
 -0.1477500E+05 -0.4543617E+03
 -0.1535000E+05 -0.9491359E+03
 -0.1534500E+05 -0.9446496E+03
 -0.1534000E+05 -0.9401665E+03
 -0.1533500E+05 -0.9356867E+03
 -0.1533000E+05 -0.9312101E+03
 -0.1532500E+05 -0.9267368E+03
 -0.1532000E+05 -0.9222667E+03
 -0.1531500E+05 -0.9177999E+03
 -0.1531000E+05 -0.9133363E+03
 -0.1530500E+05 -0.9088760E+03
 -0.1530000E+05 -0.9044189E+03
 -0.1529500E+05 -0.8999652E+03
 -0.1529000E+05 -0.8955146E+03
 -0.1528500E+05 -0.8910673E+03
 -0.1528000E+05 -0.8866234E+03
 -0.1527500E+05 -0.8821826E+03
 -0.1527000E+05 -0.8777452E+03
 -0.1526500E+05 -0.8733110E+03
 -0.1526000E+05 -0.8688800E+03
 -0.1525500E+05 -0.8644524E+03
 -0.1525000E+05 -0.8600280E+03
 -0.1524500E+05 -0.8556068E+03
 -0.1524000E+05 -0.8511890E+03
 -0.1523500E+05 -0.8467744E+03
 -0.1523000E+05 -0.8423631E+03
 -0.1522500E+05 -0.8379550E+03
 -0.1522000E+05 -0.8335502E+03
 -0.1521500E+05 -0.8291487E+03
 -0.1521000E+05 -0.8247505E+03
 -0.1520500E+05 -0.8203555E+03
 -0.1520000E+05 -0.8159637E+03
 -0.1519500E+05 -0.8115753E+03
 -0.1519000E+05 -0.8071900E+03
 -0.1518500E+05 -0.8028081E+03
 -0.1518000E+05 -0.7984294E+03
 -0.1517500E+05 -0.7940539E+03
 -0.1517000E+05 -0.7896817E+03
 -0.1516500E+05 -0.7853128E+03
 -0.1516000E+05 -0.7809470E+03
 -0.1515500E+05 -0.7765846E+03
 -0.1515000E+05 -0.7722254E+03
 -0.1514500E+05 -0.7678694E+03
 -0.1514000E+05 -0.7635166E+03
 -0.1513500E+05 -0.7591671E+03
 -0.1513000E+05 -0.7548209E+03
 -0.1512500E+05 -0.7504778E+03
 -0.1512000E+05 -0.7461380E+03
 -0.1511500E+05 -0.7418015E+03
 -0.1511000E+05 -0.7374681E+03
 -0.1510500E+05 -0.7331380E+03
 -0.1510000E+05 -0.7288111E+03
 -0.1509500E+05 -0.7244873E+03
 -0.1509000E+05 -0.7201669E+03
 -0.1508500E+05 -0.7158496E+03
 -0.1508000E+05 -0.7115355E+03
 -0.1507500E+05 -0.7072247E+03
 -0.1507000E+05 -0.7029170E+03
 -0.1506500E+05 -0.6986126E+03
 -0.1506000E+05 -0.6943113E+03
 -0.1505500E+05 -0.6900133E+03
 -0.1505000E+05 -0.6857184E+03
 -0.1504500E+05 -0.6814267E+03
 -0.1504000E+05 -0.6771382E+03
 -0.1503500E+05 -0.6728529E+03
 -0.1503000E+05 -0.6685708E+03
 -0.1502500E+05 -0.6642919E+03
 -0.1502000E+05 -0.6600161E+03
 -0.1501500E+05 -0.6557435E+03
 -0.1501000E+05 -0.6514741E+03
 -0.1500500E+05 -0.6472078E+03
 -0.1500000E+05 -0.6429448E+03
 -0.1499500E+05 -0.6386848E+03
 -0.1499000E+05 -0.6344281E+03
 -0.1498500E+05 -0.6301745E+03
 -0.1498000E+05 -0.6259240E+03
 -0.1497500E+05 -0.6216768E+03
 -0.1497000E+05 -0.6174326E+03
 -0.1496500E+05 -0.6131916E+03
 -0.1496000E+05 -0.6089538E+03
 -0.1495500E+05 -0.6047191E+03
 -0.1495000E+05 -0.6004875E+03
 -0.1494500E+05 -0.5962591E+03
 -0.1494000E+05 -0.5920338E+03
 -0.1493500E+05 -0.5878116E+03
 -0.1493000E+05 -0.5835926E+03
 -0.1492500E+05 -0.5793767E+03
 -0.1492000E+05 -0.5751640E+03
 -0.1491500E+05 -0.5709543E+03
 -0.1491000E+05 -0.5667478E+03
 -0.1490500E+05 -0.5625444E+03
 -0.1490000E+05 -0.5583441E+03
 -0.1489500E+05 -0.5541469E+03
 -0.1489000E+05 -0.5499529E+03
 -0.1488500E+05 -0.5457619E+03
 -0.1488000E+05 -0.5415741E+03
 -0.1487500E+05 -0.5373893E+03
 -0.1487000E+05 -0.5332077E+03
 -0.1486500E+05 -0.5290291E+03
 -0.1486000E+05 -0.5248537E+03
 -0.1485500E+05 -0.5206813E+03
 -0.1485000E+05 -0.5165121E+03
 -0.1484500E+05 -0.5123459E+03
 -0.1484000E+05 -0.5081828E+03
 -0.1483500E+05 -0.5040229E+03
 -0.1483000E+05 -0.4998660E+03
 -0.1482500E+05 -0.4957121E+03
 -0.1482000E+05 -0.4915614E+03
 -0.1481500E+05 -0.4874137E+03
 -0.1481000E+05 -0.4832691E+03
 -0.1480500E+05 -0.4791276E+03
 -0.1480000E+05 -0.4749892E+03
 -0.1479500E+05 -0.4708538E+03
 -0.1479000E+05 -0.4667215E+03
 -0.1478500E+05 -0.4625923E+03
 -0.1478000E+05 -0.4584661E+03
 -0.1477500E+05 -0.4543430E+03
 -0.1477000E+05 -0.4502229E+03
 -0.1476500E+05 -0.4461059E+03
 -0.1476000E+05 -0.4419920E+03
 -0.1475500E+05 -0.4378811E+03
 -0.1475000E+05 -0.4337732E+03
 -0.1474500E+05 -0.4296684E+03
 -0.1474000E+05 -0.4255666E+03
 -0.1473500E+05 -0.4214679E+03
 -0.1473000E+05 -0.4173723E+03
 -0.1472500E+05 -0.4132796E+03
 -0.1472000E+05 -0.4091900E+03
 -0.1471500E+05 -0.4051035E+03
 -0.1471000E+05 -0.4010199E+03
 -0.1470500E+05 -0.3969394E+03
 -0.1470000E+05 -0.3928620E+03
 -0.1469500E+05 -0.3887875E+03
 -0.1469000E+05 -0.3847161E+03
 -0.1468500E+05 -0.3806477E+03
 -0.1468000E+05 -0.3765823E+03
 -0.1467500E+05 -0.3725199E+03
 -0.1467000E+05 -0.3684605E+03
 -0.1466500E+05 -0.3644042E+03
 -0.1466000E+05 -0.3603508E+03
 -0.1465500E+05 -0.3563005E+03
 -0.1465000E+05 -0.3522532E+03
 -0.1464500E+05 -0.3482089E+03
 -0.1464000E+05 -0.3441675E+03
 -0.1463500E+05 -0.3401292E+03
 -0.1463000E+05 -0.3360938E+03
 -0.1462500E+05 -0.3320615E+03
 -0.1462000E+05 -0.3280321E+03
 -0.1461500E+05 -0.3240058E+03
 -0.1461000E+05 -0.3199824E+03
 -0.1460500E+05 -0.3159620E+03
 -0.1460000E+05 -0.3119445E+03
 -0.1459500E+05 -0.3079301E+03
 -0.1459000E+05 -0.3039186E+03
 -0.1458500E+05 -0.2999101E+03
 -0.1458000E+05 -0.2959046E+03
 -0.1457500E+05 -0.2919020E+03
 -0.1457000E+05 -0.2879024E+03
 -0.1456500E+05 -0.2839057E+03
 -0.1456000E+05 -0.2799121E+03
 -0.1455500E+05 -0.2759213E+03
 -0.1455000E+05 -0.2719335E+03
 -0.1454500E+05 -0.2679487E+03
 -0.1454000E+05 -0.2639668E+03
 -0.1453500E+05 -0.2599879E+03
 -0.1453000E+05 -0.2560119E+03
 -0.1452500E+05 -0.2520389E+03
 -0.1452000E+05 -0.2480687E+03
 -0.1451500E+05 -0.2441016E+03
 -0.1451000E+05 -0.2401373E+03
 -0.1450500E+05 -0.2361760E+03
 -0.1450000E+05 -0.2322176E+03
 -0.1449500E+05 -0.2282621E+03
 -0.1449000E+05 -0.2243096E+03
 -0.1448500E+05 -0.2203599E+03
 -0.1448000E+05 -0.2164132E+03
 -0.1447500E+05 -0.2124694E+03
 -0.1447000E+05 -0.2085285E+03
 -0.1446500E+05 -0.2045906E+03
 -0.1446000E+05 -0.2006555E+03
 -0.1445500E+05 -0.1967233E+03
 -0.1445000E+05 -0.1927941E+03
 -0.1444500E+05 -0.1888677E+03
 -0.1444000E+05 -0.1849442E+03
 -0.1443500E+05 -0.1810237E+03
 -0.1443000E+05 -0.1771060E+03
 -0.1442500E+05 -0.1731912E+03
 -0.1442000E+05 -0.1692793E+03
 -0.1441500E+05 -0.1653702E+03
 -0.1441000E+05 -0.1614641E+03
 -0.1440500E+05 -0.1575609E+03
 -0.1440000E+05 -0.1536605E+03
 -0.1439500E+05 -0.1497630E+03
 -0.1439000E+05 -0.1458684E+03
 -0.1438500E+05 -0.1419766E+03
 -0.1438000E+05 -0.1380877E+03
 -0.1437500E+05 -0.1342017E+03
 -0.1437000E+05 -0.1303186E+03
 -0.1436500E+05 -0.1264384E+03
 -0.1436000E+05 -0.1225610E+03
 -0.1435500E+05 -0.1186864E+03
 -0.1435000E+05 -0.1148148E+03
 -0.1434500E+05 -0.1109460E+03
 -0.1434000E+05 -0.1070801E+03
 -0.1433500E+05 -0.1032170E+03
 -0.1433000E+05 -0.9935680E+02
 -0.1432500E+05 -0.9549945E+02
 -0.1432000E+05 -0.9164499E+02
 -0.1431500E+05 -0.8779337E+02
 -0.1431000E+05 -0.8394463E+02
 -0.1430500E+05 -0.8009875E+02
 -0.1430000E+05 -0.7625573E+02
 -0.1429500E+05 -0.7241558E+02
 -0.1429000E+05 -0.6857830E+02
 -0.1428500E+05 -0.6474389E+02
 -0.1428000E+05 -0.6091233E+02
 -0.1427500E+05 -0.5708366E+02
 -0.1427000E+05 -0.5325786E+02
 -0.1426500E+05 -0.4943493E+02
 -0.1426000E+05 -0.4561489E+02
 -0.1425500E+05 -0.4179772E+02
 -0.1425000E+05 -0.3798343E+02
 -0.1424500E+05 -0.3417204E+02
 -0.1424000E+05 -0.3036353E+02
 -0.1423500E+05 -0.2655791E+02
 -0.1423000E+05 -0.2275519E+02
 -0.1422500E+05 -0.1895538E+02
 -0.1422000E+05 -0.1515847E+02
 -0.1421500E+05 -0.1136447E+02
 -0.1421000E+05 -0.7573391E+01
 -0.1420500E+05 -0.3785233E+01
 -0.1420000E+05  0.0000000E+00
