 -0.1995000E+05 -0.6857834E+04
 -0.1994500E+05 -0.6849035E+04
 -0.1994000E+05 -0.6840241E+04
 -0.1993500E+05 -0.6831453E+04
 -0.1993000E+05 -0.6822670E+04
 -0.1992500E+05 -0.6813894E+04
 -0.1992000E+05 -0.6805125E+04
 -0.1991500E+05 -0.6796360E+04
 -0.1991000E+05 -0.6787602E+04
 -0.1990500E+05 -0.6778850E+04
 -0.1990000E+05 -0.6770102E+04
 -0.1989500E+05 -0.6761362E+04
 -0.1989000E+05 -0.6752627E+04
 -0.1988500E+05 -0.6743899E+04
 -0.1988000E+05 -0.6735177E+04
 -0.1987500E+05 -0.6726458E+04
 -0.1987000E+05 -0.6717748E+04
 -0.1986500E+05 -0.6709044E+04
 -0.1986000E+05 -0.6700344E+04
 -0.1985500E+05 -0.6691652E+04
 -0.1985000E+05 -0.6682965E+04
 -0.1984500E+05 -0.6674284E+04
 -0.1984000E+05 -0.6665609E+04
 -0.1983500E+05 -0.6656940E+04
 -0.1983000E+05 -0.6648277E+04
 -0.1982500E+05 -0.6639620E+04
 -0.1982000E+05 -0.6630969E+04
 -0.1981500E+05 -0.6622324E+04
 -0.1981000E+05 -0.6613687E+04
 -0.1980500E+05 -0.6605054E+04
 -0.1980000E+05 -0.6596426E+04
 -0.1979500E+05 -0.6587807E+04
 -0.1979000E+05 -0.6579191E+04
 -0.1978500E+05 -0.6570583E+04
 -0.1978000E+05 -0.6561982E+04
 -0.1977500E+05 -0.6553384E+04
 -0.1977000E+05 -0.6544794E+04
 -0.1976500E+05 -0.6536211E+04
 -0.1976000E+05 -0.6527632E+04
 -0.1975500E+05 -0.6519061E+04
 -0.1975000E+05 -0.6510494E+04
 -0.1974500E+05 -0.6501934E+04
 -0.1974000E+05 -0.6493381E+04
 -0.1973500E+05 -0.6484833E+04
 -0.1973000E+05 -0.6476291E+04
 -0.1972500E+05 -0.6467757E+04
 -0.1972000E+05 -0.6459226E+04
 -0.1971500E+05 -0.6450703E+04
 -0.1971000E+05 -0.6442184E+04
 -0.1970500E+05 -0.6433674E+04
 -0.1970000E+05 -0.6425169E+04
 -0.1969500E+05 -0.6416670E+04
 -0.1969000E+05 -0.6408176E+04
 -0.1968500E+05 -0.6399690E+04
 -0.1968000E+05 -0.6391210E+04
 -0.1967500E+05 -0.6382735E+04
 -0.1967000E+05 -0.6374265E+04
 -0.1966500E+05 -0.6365802E+04
 -0.1966000E+05 -0.6357346E+04
 -0.1965500E+05 -0.6348896E+04
 -0.1965000E+05 -0.6340451E+04
 -0.1964500E+05 -0.6332012E+04
 -0.1964000E+05 -0.6323581E+04
 -0.1963500E+05 -0.6315154E+04
 -0.1963000E+05 -0.6306734E+04
 -0.1962500E+05 -0.6298321E+04
 -0.1962000E+05 -0.6289912E+04
 -0.1961500E+05 -0.6281510E+04
 -0.1961000E+05 -0.6273114E+04
 -0.1960500E+05 -0.6264724E+04
 -0.1960000E+05 -0.6256340E+04
 -0.1959500E+05 -0.6247962E+04
 -0.1959000E+05 -0.6239589E+04
 -0.1958500E+05 -0.6231226E+04
 -0.1958000E+05 -0.6222865E+04
 -0.1957500E+05 -0.6214512E+04
 -0.1957000E+05 -0.6206164E+04
 -0.1956500E+05 -0.6197822E+04
 -0.1956000E+05 -0.6189487E+04
 -0.1955500E+05 -0.6181157E+04
 -0.1955000E+05 -0.6172833E+04
 -0.1954500E+05 -0.6164515E+04
 -0.1954000E+05 -0.6156205E+04
 -0.1953500E+05 -0.6147898E+04
 -0.1953000E+05 -0.6139599E+04
 -0.1952500E+05 -0.6131306E+04
 -0.1952000E+05 -0.6123018E+04
 -0.1951500E+05 -0.6114737E+04
 -0.1951000E+05 -0.6106461E+04
 -0.1950500E+05 -0.6098191E+04
 -0.1950000E+05 -0.6089928E+04
 -0.1949500E+05 -0.6081670E+04
 -0.1949000E+05 -0.6073418E+04
 -0.1948500E+05 -0.6065173E+04
 -0.1948000E+05 -0.6056934E+04
 -0.1947500E+05 -0.6048700E+04
 -0.1947000E+05 -0.6040472E+04
 -0.1946500E+05 -0.6032250E+04
 -0.1946000E+05 -0.6024034E+04
 -0.1945500E+05 -0.6015825E+04
 -0.1945000E+05 -0.6007621E+04
 -0.1944500E+05 -0.5999422E+04
 -0.1944000E+05 -0.5991231E+04
 -0.1943500E+05 -0.5983044E+04
 -0.1943000E+05 -0.5974864E+04
 -0.1942500E+05 -0.5966690E+04
 -0.1942000E+05 -0.5958522E+04
 -0.1941500E+05 -0.5950360E+04
 -0.1941000E+05 -0.5942203E+04
 -0.1940500E+05 -0.5934052E+04
 -0.1940000E+05 -0.5925907E+04
 -0.1939500E+05 -0.5917768E+04
 -0.1939000E+05 -0.5909636E+04
 -0.1938500E+05 -0.5901509E+04
 -0.1938000E+05 -0.5893388E+04
 -0.1937500E+05 -0.5885273E+04
 -0.1937000E+05 -0.5877163E+04
 -0.1936500E+05 -0.5869060E+04
 -0.1936000E+05 -0.5860963E+04
 -0.1935500E+05 -0.5852871E+04
 -0.1935000E+05 -0.5844785E+04
 -0.1934500E+05 -0.5836705E+04
 -0.1934000E+05 -0.5828631E+04
 -0.1933500E+05 -0.5820562E+04
 -0.1933000E+05 -0.5812501E+04
 -0.1932500E+05 -0.5804445E+04
 -0.1932000E+05 -0.5796393E+04
 -0.1931500E+05 -0.5788348E+04
 -0.1931000E+05 -0.5780308E+04
 -0.1930500E+05 -0.5772275E+04
 -0.1930000E+05 -0.5764249E+04
 -0.1929500E+05 -0.5756227E+04
 -0.1929000E+05 -0.5748210E+04
 -0.1928500E+05 -0.5740199E+04
 -0.1928000E+05 -0.5732197E+04
 -0.1927500E+05 -0.5724199E+04
 -0.1927000E+05 -0.5716206E+04
 -0.1926500E+05 -0.5708220E+04
 -0.1926000E+05 -0.5700237E+04
 -0.1925500E+05 -0.5692262E+04
 -0.1925000E+05 -0.5684294E+04
 -0.1924500E+05 -0.5676329E+04
 -0.1924000E+05 -0.5668371E+04
 -0.1923500E+05 -0.5660418E+04
 -0.1923000E+05 -0.5652471E+04
 -0.1922500E+05 -0.5644531E+04
 -0.1922000E+05 -0.5636596E+04
 -0.1921500E+05 -0.5628668E+04
 -0.1921000E+05 -0.5620745E+04
 -0.1920500E+05 -0.5612826E+04
 -0.1920000E+05 -0.5604914E+04
 -0.1919500E+05 -0.5597008E+04
 -0.1919000E+05 -0.5589108E+04
 -0.1918500E+05 -0.5581212E+04
 -0.1918000E+05 -0.5573323E+04
 -0.1917500E+05 -0.5565440E+04
 -0.1917000E+05 -0.5557563E+04
 -0.1916500E+05 -0.5549690E+04
 -0.1916000E+05 -0.5541824E+04
 -0.1915500E+05 -0.5533964E+04
 -0.1915000E+05 -0.5526109E+04
 -0.1914500E+05 -0.5518259E+04
 -0.1914000E+05 -0.5510416E+04
 -0.1913500E+05 -0.5502577E+04
 -0.1913000E+05 -0.5494746E+04
 -0.1912500E+05 -0.5486919E+04
 -0.1912000E+05 -0.5479099E+04
 -0.1911500E+05 -0.5471283E+04
 -0.1911000E+05 -0.5463473E+04
 -0.1910500E+05 -0.5455671E+04
 -0.1910000E+05 -0.5447871E+04
 -0.1909500E+05 -0.5440078E+04
 -0.1909000E+05 -0.5432292E+04
 -0.1908500E+05 -0.5424510E+04
 -0.1908000E+05 -0.5416735E+04
 -0.1907500E+05 -0.5408965E+04
 -0.1907000E+05 -0.5401200E+04
 -0.1906500E+05 -0.5393442E+04
 -0.1906000E+05 -0.5385689E+04
 -0.1905500E+05 -0.5377940E+04
 -0.1905000E+05 -0.5370198E+04
 -0.1904500E+05 -0.5362462E+04
 -0.1904000E+05 -0.5354731E+04
 -0.1903500E+05 -0.5347005E+04
 -0.1903000E+05 -0.5339287E+04
 -0.1902500E+05 -0.5331572E+04
 -0.1902000E+05 -0.5323864E+04
 -0.1901500E+05 -0.5316161E+04
 -0.1901000E+05 -0.5308463E+04
 -0.1900500E+05 -0.5300772E+04
 -0.1900000E+05 -0.5293086E+04
 -0.1899500E+05 -0.5285405E+04
 -0.1899000E+05 -0.5277730E+04
 -0.1898500E+05 -0.5270061E+04
 -0.1898000E+05 -0.5262396E+04
 -0.1897500E+05 -0.5254738E+04
 -0.1897000E+05 -0.5247085E+04
 -0.1896500E+05 -0.5239438E+04
 -0.1896000E+05 -0.5231796E+04
 -0.1895500E+05 -0.5224161E+04
 -0.1895000E+05 -0.5216530E+04
 -0.1894500E+05 -0.5208904E+04
 -0.1894000E+05 -0.5201285E+04
 -0.1893500E+05 -0.5193670E+04
 -0.1893000E+05 -0.5186061E+04
 -0.1892500E+05 -0.5178458E+04
 -0.1892000E+05 -0.5170861E+04
 -0.1891500E+05 -0.5163269E+04
 -0.1891000E+05 -0.5155682E+04
 -0.1890500E+05 -0.5148101E+04
 -0.1890000E+05 -0.5140525E+04
 -0.1889500E+05 -0.5132954E+04
 -0.1889000E+05 -0.5125390E+04
 -0.1888500E+05 -0.5117831E+04
 -0.1888000E+05 -0.5110277E+04
 -0.1887500E+05 -0.5102729E+04
 -0.1887000E+05 -0.5095186E+04
 -0.1886500E+05 -0.5087649E+04
 -0.1886000E+05 -0.5080117E+04
 -0.1885500E+05 -0.5072591E+04
 -0.1885000E+05 -0.5065069E+04
 -0.1884500E+05 -0.5057553E+04
 -0.1884000E+05 -0.5050043E+04
 -0.1883500E+05 -0.5042539E+04
 -0.1883000E+05 -0.5035039E+04
 -0.1882500E+05 -0.5027545E+04
 -0.1882000E+05 -0.5020057E+04
 -0.1881500E+05 -0.5012574E+04
 -0.1881000E+05 -0.5005097E+04
 -0.1880500E+05 -0.4997625E+04
 -0.1880000E+05 -0.4990159E+04
 -0.1879500E+05 -0.4982697E+04
 -0.1879000E+05 -0.4975241E+04
 -0.1878500E+05 -0.4967790E+04
 -0.1878000E+05 -0.4960345E+04
 -0.1877500E+05 -0.4952906E+04
 -0.1877000E+05 -0.4945472E+04
 -0.1876500E+05 -0.4938043E+04
 -0.1876000E+05 -0.4930620E+04
 -0.1875500E+05 -0.4923202E+04
 -0.1875000E+05 -0.4915789E+04
 -0.1874500E+05 -0.4908381E+04
 -0.1874000E+05 -0.4900980E+04
 -0.1873500E+05 -0.4893583E+04
 -0.1873000E+05 -0.4886193E+04
 -0.1872500E+05 -0.4878806E+04
 -0.1872000E+05 -0.4871426E+04
 -0.1871500E+05 -0.4864050E+04
 -0.1871000E+05 -0.4856681E+04
 -0.1870500E+05 -0.4849316E+04
 -0.1870000E+05 -0.4841958E+04
 -0.1869500E+05 -0.4834604E+04
 -0.1869000E+05 -0.4827255E+04
 -0.1868500E+05 -0.4819913E+04
 -0.1868000E+05 -0.4812574E+04
 -0.1867500E+05 -0.4805241E+04
 -0.1867000E+05 -0.4797914E+04
 -0.1866500E+05 -0.4790593E+04
 -0.1866000E+05 -0.4783276E+04
 -0.1865500E+05 -0.4775966E+04
 -0.1865000E+05 -0.4768660E+04
 -0.1864500E+05 -0.4761359E+04
 -0.1864000E+05 -0.4754064E+04
 -0.1863500E+05 -0.4746774E+04
 -0.1863000E+05 -0.4739489E+04
 -0.1862500E+05 -0.4732210E+04
 -0.1862000E+05 -0.4724936E+04
 -0.1861500E+05 -0.4717668E+04
 -0.1861000E+05 -0.4710404E+04
 -0.1860500E+05 -0.4703146E+04
 -0.1860000E+05 -0.4695892E+04
 -0.1859500E+05 -0.4688645E+04
 -0.1859000E+05 -0.4681403E+04
 -0.1858500E+05 -0.4674166E+04
 -0.1858000E+05 -0.4666935E+04
 -0.1857500E+05 -0.4659709E+04
 -0.1857000E+05 -0.4652487E+04
 -0.1856500E+05 -0.4645271E+04
 -0.1856000E+05 -0.4638060E+04
 -0.1855500E+05 -0.4630854E+04
 -0.1855000E+05 -0.4623654E+04
 -0.1854500E+05 -0.4616458E+04
 -0.1854000E+05 -0.4609269E+04
 -0.1853500E+05 -0.4602084E+04
 -0.1853000E+05 -0.4594905E+04
 -0.1852500E+05 -0.4587732E+04
 -0.1852000E+05 -0.4580562E+04
 -0.1851500E+05 -0.4573399E+04
 -0.1851000E+05 -0.4566240E+04
 -0.1850500E+05 -0.4559087E+04
 -0.1850000E+05 -0.4551939E+04
 -0.1849500E+05 -0.4544796E+04
 -0.1849000E+05 -0.4537660E+04
 -0.1848500E+05 -0.4530526E+04
 -0.1848000E+05 -0.4523399E+04
 -0.1847500E+05 -0.4516277E+04
 -0.1847000E+05 -0.4509160E+04
 -0.1846500E+05 -0.4502049E+04
 -0.1846000E+05 -0.4494943E+04
 -0.1845500E+05 -0.4487841E+04
 -0.1845000E+05 -0.4480745E+04
 -0.1844500E+05 -0.4473654E+04
 -0.1844000E+05 -0.4466569E+04
 -0.1843500E+05 -0.4459488E+04
 -0.1843000E+05 -0.4452411E+04
 -0.1842500E+05 -0.4445341E+04
 -0.1842000E+05 -0.4438277E+04
 -0.1841500E+05 -0.4431218E+04
 -0.1841000E+05 -0.4424162E+04
 -0.1840500E+05 -0.4417113E+04
 -0.1840000E+05 -0.4410068E+04
 -0.1839500E+05 -0.4403029E+04
 -0.1839000E+05 -0.4395995E+04
 -0.1838500E+05 -0.4388965E+04
 -0.1838000E+05 -0.4381941E+04
 -0.1837500E+05 -0.4374923E+04
 -0.1837000E+05 -0.4367909E+04
 -0.1836500E+05 -0.4360900E+04
 -0.1836000E+05 -0.4353898E+04
 -0.1835500E+05 -0.4346899E+04
 -0.1835000E+05 -0.4339906E+04
 -0.1834500E+05 -0.4332918E+04
 -0.1834000E+05 -0.4325935E+04
 -0.1833500E+05 -0.4318957E+04
 -0.1833000E+05 -0.4311984E+04
 -0.1832500E+05 -0.4305016E+04
 -0.1832000E+05 -0.4298054E+04
 -0.1831500E+05 -0.4291096E+04
 -0.1831000E+05 -0.4284144E+04
 -0.1830500E+05 -0.4277196E+04
 -0.1830000E+05 -0.4270254E+04
 -0.1829500E+05 -0.4263317E+04
 -0.1829000E+05 -0.4256384E+04
 -0.1828500E+05 -0.4249458E+04
 -0.1828000E+05 -0.4242536E+04
 -0.1827500E+05 -0.4235619E+04
 -0.1827000E+05 -0.4228707E+04
 -0.1826500E+05 -0.4221799E+04
 -0.1826000E+05 -0.4214898E+04
 -0.1825500E+05 -0.4208001E+04
 -0.1825000E+05 -0.4201109E+04
 -0.1824500E+05 -0.4194223E+04
 -0.1824000E+05 -0.4187341E+04
 -0.1823500E+05 -0.4180465E+04
 -0.1823000E+05 -0.4173593E+04
 -0.1822500E+05 -0.4166726E+04
 -0.1822000E+05 -0.4159865E+04
 -0.1821500E+05 -0.4153008E+04
 -0.1821000E+05 -0.4146158E+04
 -0.1820500E+05 -0.4139310E+04
 -0.1820000E+05 -0.4132469E+04
 -0.1819500E+05 -0.4125632E+04
 -0.1819000E+05 -0.4118802E+04
 -0.1818500E+05 -0.4111975E+04
 -0.1818000E+05 -0.4105154E+04
 -0.1817500E+05 -0.4098337E+04
 -0.1817000E+05 -0.4091526E+04
 -0.1816500E+05 -0.4084719E+04
 -0.1816000E+05 -0.4077918E+04
 -0.1815500E+05 -0.4071121E+04
 -0.1815000E+05 -0.4064330E+04
 -0.1814500E+05 -0.4057543E+04
 -0.1814000E+05 -0.4050761E+04
 -0.1813500E+05 -0.4043985E+04
 -0.1813000E+05 -0.4037214E+04
 -0.1812500E+05 -0.4030446E+04
 -0.1812000E+05 -0.4023685E+04
 -0.1811500E+05 -0.4016928E+04
 -0.1811000E+05 -0.4010176E+04
 -0.1810500E+05 -0.4003429E+04
 -0.1810000E+05 -0.3996687E+04
 -0.1809500E+05 -0.3989951E+04
 -0.1809000E+05 -0.3983218E+04
 -0.1808500E+05 -0.3976491E+04
 -0.1808000E+05 -0.3969768E+04
 -0.1807500E+05 -0.3963052E+04
 -0.1807000E+05 -0.3956339E+04
 -0.1806500E+05 -0.3949632E+04
 -0.1806000E+05 -0.3942929E+04
 -0.1805500E+05 -0.3936232E+04
 -0.1805000E+05 -0.3929538E+04
 -0.1804500E+05 -0.3922850E+04
 -0.1804000E+05 -0.3916169E+04
 -0.1803500E+05 -0.3909490E+04
 -0.1803000E+05 -0.3902817E+04
 -0.1802500E+05 -0.3896149E+04
 -0.1802000E+05 -0.3889486E+04
 -0.1801500E+05 -0.3882827E+04
 -0.1801000E+05 -0.3876173E+04
 -0.1800500E+05 -0.3869525E+04
 -0.1800000E+05 -0.3862881E+04
 -0.1799500E+05 -0.3856242E+04
 -0.1799000E+05 -0.3849608E+04
 -0.1798500E+05 -0.3842978E+04
 -0.1798000E+05 -0.3836354E+04
 -0.1797500E+05 -0.3829734E+04
 -0.1797000E+05 -0.3823119E+04
 -0.1796500E+05 -0.3816510E+04
 -0.1796000E+05 -0.3809905E+04
 -0.1795500E+05 -0.3803305E+04
 -0.1795000E+05 -0.3796710E+04
 -0.1794500E+05 -0.3790119E+04
 -0.1794000E+05 -0.3783533E+04
 -0.1793500E+05 -0.3776953E+04
 -0.1793000E+05 -0.3770378E+04
 -0.1792500E+05 -0.3763805E+04
 -0.1792000E+05 -0.3757239E+04
 -0.1791500E+05 -0.3750677E+04
 -0.1791000E+05 -0.3744121E+04
 -0.1790500E+05 -0.3737569E+04
 -0.1790000E+05 -0.3731022E+04
 -0.1789500E+05 -0.3724480E+04
 -0.1789000E+05 -0.3717943E+04
 -0.1788500E+05 -0.3711410E+04
 -0.1788000E+05 -0.3704882E+04
 -0.1787500E+05 -0.3698358E+04
 -0.1787000E+05 -0.3691841E+04
 -0.1786500E+05 -0.3685327E+04
 -0.1786000E+05 -0.3678819E+04
 -0.1785500E+05 -0.3672314E+04
 -0.1785000E+05 -0.3665814E+04
 -0.1784500E+05 -0.3659320E+04
 -0.1784000E+05 -0.3652831E+04
 -0.1783500E+05 -0.3646346E+04
 -0.1783000E+05 -0.3639866E+04
 -0.1782500E+05 -0.3633390E+04
 -0.1782000E+05 -0.3626920E+04
 -0.1781500E+05 -0.3620454E+04
 -0.1781000E+05 -0.3613993E+04
 -0.1780500E+05 -0.3607536E+04
 -0.1780000E+05 -0.3601084E+04
 -0.1779500E+05 -0.3594638E+04
 -0.1779000E+05 -0.3588195E+04
 -0.1778500E+05 -0.3581757E+04
 -0.1778000E+05 -0.3575325E+04
 -0.1777500E+05 -0.3568897E+04
 -0.1777000E+05 -0.3562474E+04
 -0.1776500E+05 -0.3556055E+04
 -0.1776000E+05 -0.3549641E+04
 -0.1775500E+05 -0.3543232E+04
 -0.1775000E+05 -0.3536827E+04
 -0.1774500E+05 -0.3530428E+04
 -0.1774000E+05 -0.3524032E+04
 -0.1773500E+05 -0.3517642E+04
 -0.1773000E+05 -0.3511256E+04
 -0.1772500E+05 -0.3504875E+04
 -0.1772000E+05 -0.3498499E+04
 -0.1771500E+05 -0.3492128E+04
 -0.1771000E+05 -0.3485760E+04
 -0.1770500E+05 -0.3479399E+04
 -0.1770000E+05 -0.3473041E+04
 -0.1769500E+05 -0.3466687E+04
 -0.1769000E+05 -0.3460339E+04
 -0.1768500E+05 -0.3453995E+04
 -0.1768000E+05 -0.3447657E+04
 -0.1767500E+05 -0.3441322E+04
 -0.1767000E+05 -0.3434992E+04
 -0.1766500E+05 -0.3428668E+04
 -0.1766000E+05 -0.3422347E+04
 -0.1765500E+05 -0.3416031E+04
 -0.1765000E+05 -0.3409720E+04
 -0.1764500E+05 -0.3403413E+04
 -0.1764000E+05 -0.3397111E+04
 -0.1763500E+05 -0.3390814E+04
 -0.1763000E+05 -0.3384522E+04
 -0.1762500E+05 -0.3378234E+04
 -0.1762000E+05 -0.3371950E+04
 -0.1761500E+05 -0.3365671E+04
 -0.1761000E+05 -0.3359397E+04
 -0.1760500E+05 -0.3353128E+04
 -0.1760000E+05 -0.3346863E+04
 -0.1759500E+05 -0.3340602E+04
 -0.1759000E+05 -0.3334347E+04
 -0.1758500E+05 -0.3328096E+04
 -0.1758000E+05 -0.3321848E+04
 -0.1757500E+05 -0.3315607E+04
 -0.1757000E+05 -0.3309369E+04
 -0.1756500E+05 -0.3303136E+04
 -0.1756000E+05 -0.3296909E+04
 -0.1755500E+05 -0.3290684E+04
 -0.1755000E+05 -0.3284466E+04
 -0.1754500E+05 -0.3278251E+04
 -0.1754000E+05 -0.3272041E+04
 -0.1753500E+05 -0.3265836E+04
 -0.1753000E+05 -0.3259635E+04
 -0.1752500E+05 -0.3253438E+04
 -0.1752000E+05 -0.3247247E+04
 -0.1751500E+05 -0.3241059E+04
 -0.1751000E+05 -0.3234877E+04
 -0.1750500E+05 -0.3228699E+04
 -0.1750000E+05 -0.3222525E+04
 -0.1749500E+05 -0.3216356E+04
 -0.1749000E+05 -0.3210192E+04
 -0.1748500E+05 -0.3204032E+04
 -0.1748000E+05 -0.3197876E+04
 -0.1747500E+05 -0.3191725E+04
 -0.1747000E+05 -0.3185579E+04
 -0.1746500E+05 -0.3179437E+04
 -0.1746000E+05 -0.3173300E+04
 -0.1745500E+05 -0.3167167E+04
 -0.1745000E+05 -0.3161039E+04
 -0.1744500E+05 -0.3154914E+04
 -0.1744000E+05 -0.3148795E+04
 -0.1743500E+05 -0.3142680E+04
 -0.1743000E+05 -0.3136570E+04
 -0.1742500E+05 -0.3130464E+04
 -0.1742000E+05 -0.3124363E+04
 -0.1741500E+05 -0.3118266E+04
 -0.1741000E+05 -0.3112174E+04
 -0.1740500E+05 -0.3106085E+04
 -0.1740000E+05 -0.3100002E+04
 -0.1739500E+05 -0.3093922E+04
 -0.1739000E+05 -0.3087849E+04
 -0.1738500E+05 -0.3081778E+04
 -0.1738000E+05 -0.3075713E+04
 -0.1737500E+05 -0.3069651E+04
 -0.1737000E+05 -0.3063595E+04
 -0.1736500E+05 -0.3057542E+04
 -0.1736000E+05 -0.3051495E+04
 -0.1735500E+05 -0.3045451E+04
 -0.1735000E+05 -0.3039412E+04
 -0.1734500E+05 -0.3033378E+04
 -0.1734000E+05 -0.3027348E+04
 -0.1733500E+05 -0.3021323E+04
 -0.1733000E+05 -0.3015301E+04
 -0.1732500E+05 -0.3009284E+04
 -0.1732000E+05 -0.3003272E+04
 -0.1731500E+05 -0.2997264E+04
 -0.1731000E+05 -0.2991261E+04
 -0.1730500E+05 -0.2985262E+04
 -0.1730000E+05 -0.2979267E+04
 -0.1729500E+05 -0.2973276E+04
 -0.1729000E+05 -0.2967291E+04
 -0.1728500E+05 -0.2961310E+04
 -0.1728000E+05 -0.2955333E+04
 -0.1727500E+05 -0.2949360E+04
 -0.1727000E+05 -0.2943391E+04
 -0.1726500E+05 -0.2937428E+04
 -0.1726000E+05 -0.2931468E+04
 -0.1725500E+05 -0.2925513E+04
 -0.1725000E+05 -0.2919563E+04
 -0.1724500E+05 -0.2913616E+04
 -0.1724000E+05 -0.2907675E+04
 -0.1723500E+05 -0.2901737E+04
 -0.1723000E+05 -0.2895804E+04
 -0.1722500E+05 -0.2889875E+04
 -0.1722000E+05 -0.2883951E+04
 -0.1721500E+05 -0.2878031E+04
 -0.1721000E+05 -0.2872114E+04
 -0.1720500E+05 -0.2866203E+04
 -0.1720000E+05 -0.2860296E+04
 -0.1719500E+05 -0.2854393E+04
 -0.1719000E+05 -0.2848495E+04
 -0.1718500E+05 -0.2842602E+04
 -0.1718000E+05 -0.2836712E+04
 -0.1717500E+05 -0.2830826E+04
 -0.1717000E+05 -0.2824945E+04
 -0.1716500E+05 -0.2819069E+04
 -0.1716000E+05 -0.2813196E+04
 -0.1715500E+05 -0.2807328E+04
 -0.1715000E+05 -0.2801464E+04
 -0.1714500E+05 -0.2795605E+04
 -0.1714000E+05 -0.2789750E+04
 -0.1713500E+05 -0.2783899E+04
 -0.1713000E+05 -0.2778053E+04
 -0.1712500E+05 -0.2772211E+04
 -0.1712000E+05 -0.2766373E+04
 -0.1711500E+05 -0.2760539E+04
 -0.1711000E+05 -0.2754710E+04
 -0.1710500E+05 -0.2748885E+04
 -0.1710000E+05 -0.2743065E+04
 -0.1709500E+05 -0.2737248E+04
 -0.1709000E+05 -0.2731436E+04
 -0.1708500E+05 -0.2725629E+04
 -0.1708000E+05 -0.2719825E+04
 -0.1707500E+05 -0.2714026E+04
 -0.1707000E+05 -0.2708231E+04
 -0.1706500E+05 -0.2702440E+04
 -0.1706000E+05 -0.2696654E+04
 -0.1705500E+05 -0.2690872E+04
 -0.1705000E+05 -0.2685094E+04
 -0.1704500E+05 -0.2679320E+04
 -0.1704000E+05 -0.2673551E+04
 -0.1703500E+05 -0.2667785E+04
 -0.1703000E+05 -0.2662025E+04
 -0.1702500E+05 -0.2656268E+04
 -0.1702000E+05 -0.2650516E+04
 -0.1701500E+05 -0.2644768E+04
 -0.1701000E+05 -0.2639024E+04
 -0.1700500E+05 -0.2633284E+04
 -0.1700000E+05 -0.2627549E+04
 -0.1699500E+05 -0.2621818E+04
 -0.1699000E+05 -0.2616091E+04
 -0.1698500E+05 -0.2610369E+04
 -0.1698000E+05 -0.2604650E+04
 -0.1697500E+05 -0.2598935E+04
 -0.1697000E+05 -0.2593225E+04
 -0.1696500E+05 -0.2587520E+04
 -0.1696000E+05 -0.2581818E+04
 -0.1695500E+05 -0.2576120E+04
 -0.1695000E+05 -0.2570427E+04
 -0.1694500E+05 -0.2564738E+04
 -0.1694000E+05 -0.2559053E+04
 -0.1693500E+05 -0.2553373E+04
 -0.1693000E+05 -0.2547697E+04
 -0.1692500E+05 -0.2542024E+04
 -0.1692000E+05 -0.2536356E+04
 -0.1691500E+05 -0.2530693E+04
 -0.1691000E+05 -0.2525032E+04
 -0.1690500E+05 -0.2519377E+04
 -0.1690000E+05 -0.2513726E+04
 -0.1689500E+05 -0.2508079E+04
 -0.1689000E+05 -0.2502436E+04
 -0.1688500E+05 -0.2496797E+04
 -0.1688000E+05 -0.2491162E+04
 -0.1687500E+05 -0.2485532E+04
 -0.1687000E+05 -0.2479906E+04
 -0.1686500E+05 -0.2474283E+04
 -0.1686000E+05 -0.2468666E+04
 -0.1685500E+05 -0.2463052E+04
 -0.1685000E+05 -0.2457442E+04
 -0.1684500E+05 -0.2451836E+04
 -0.1684000E+05 -0.2446235E+04
 -0.1683500E+05 -0.2440637E+04
 -0.1683000E+05 -0.2435045E+04
 -0.1682500E+05 -0.2429455E+04
 -0.1682000E+05 -0.2423871E+04
 -0.1681500E+05 -0.2418290E+04
 -0.1681000E+05 -0.2412713E+04
 -0.1680500E+05 -0.2407141E+04
 -0.1680000E+05 -0.2401572E+04
 -0.1679500E+05 -0.2396009E+04
 -0.1679000E+05 -0.2390448E+04
 -0.1678500E+05 -0.2384892E+04
 -0.1678000E+05 -0.2379340E+04
 -0.1677500E+05 -0.2373793E+04
 -0.1677000E+05 -0.2368249E+04
 -0.1676500E+05 -0.2362709E+04
 -0.1676000E+05 -0.2357173E+04
 -0.1675500E+05 -0.2351642E+04
 -0.1675000E+05 -0.2346115E+04
 -0.1674500E+05 -0.2340592E+04
 -0.1674000E+05 -0.2335073E+04
 -0.1673500E+05 -0.2329558E+04
 -0.1673000E+05 -0.2324046E+04
 -0.1672500E+05 -0.2318539E+04
 -0.1672000E+05 -0.2313037E+04
 -0.1671500E+05 -0.2307538E+04
 -0.1671000E+05 -0.2302043E+04
 -0.1670500E+05 -0.2296553E+04
 -0.1670000E+05 -0.2291066E+04
 -0.1669500E+05 -0.2285584E+04
 -0.1669000E+05 -0.2280105E+04
 -0.1668500E+05 -0.2274631E+04
 -0.1668000E+05 -0.2269160E+04
 -0.1667500E+05 -0.2263694E+04
 -0.1667000E+05 -0.2258232E+04
 -0.1666500E+05 -0.2252774E+04
 -0.1666000E+05 -0.2247320E+04
 -0.1665500E+05 -0.2241869E+04
 -0.1665000E+05 -0.2236424E+04
 -0.1664500E+05 -0.2230981E+04
 -0.1664000E+05 -0.2225544E+04
 -0.1663500E+05 -0.2220110E+04
 -0.1663000E+05 -0.2214680E+04
 -0.1662500E+05 -0.2209254E+04
 -0.1662000E+05 -0.2203832E+04
 -0.1661500E+05 -0.2198414E+04
 -0.1661000E+05 -0.2193001E+04
 -0.1660500E+05 -0.2187590E+04
 -0.1660000E+05 -0.2182185E+04
 -0.1659500E+05 -0.2176783E+04
 -0.1659000E+05 -0.2171385E+04
 -0.1658500E+05 -0.2165991E+04
 -0.1658000E+05 -0.2160601E+04
 -0.1657500E+05 -0.2155215E+04
 -0.1657000E+05 -0.2149833E+04
 -0.1656500E+05 -0.2144455E+04
 -0.1656000E+05 -0.2139082E+04
 -0.1655500E+05 -0.2133711E+04
 -0.1655000E+05 -0.2128345E+04
 -0.1654500E+05 -0.2122984E+04
 -0.1654000E+05 -0.2117626E+04
 -0.1653500E+05 -0.2112272E+04
 -0.1653000E+05 -0.2106922E+04
 -0.1652500E+05 -0.2101575E+04
 -0.1652000E+05 -0.2096234E+04
 -0.1651500E+05 -0.2090896E+04
 -0.1651000E+05 -0.2085561E+04
 -0.1650500E+05 -0.2080231E+04
 -0.1650000E+05 -0.2074905E+04
 -0.1649500E+05 -0.2069583E+04
 -0.1649000E+05 -0.2064264E+04
 -0.1648500E+05 -0.2058950E+04
 -0.1648000E+05 -0.2053639E+04
 -0.1647500E+05 -0.2048333E+04
 -0.1647000E+05 -0.2043030E+04
 -0.1646500E+05 -0.2037732E+04
 -0.1646000E+05 -0.2032437E+04
 -0.1645500E+05 -0.2027146E+04
 -0.1645000E+05 -0.2021860E+04
 -0.1644500E+05 -0.2016576E+04
 -0.1644000E+05 -0.2011297E+04
 -0.1643500E+05 -0.2006022E+04
 -0.1643000E+05 -0.2000750E+04
 -0.1642500E+05 -0.1995483E+04
 -0.1642000E+05 -0.1990220E+04
 -0.1641500E+05 -0.1984960E+04
 -0.1641000E+05 -0.1979705E+04
 -0.1640500E+05 -0.1974453E+04
 -0.1640000E+05 -0.1969205E+04
 -0.1639500E+05 -0.1963961E+04
 -0.1639000E+05 -0.1958721E+04
 -0.1638500E+05 -0.1953485E+04
 -0.1638000E+05 -0.1948253E+04
 -0.1637500E+05 -0.1943025E+04
 -0.1637000E+05 -0.1937800E+04
 -0.1636500E+05 -0.1932579E+04
 -0.1636000E+05 -0.1927363E+04
 -0.1635500E+05 -0.1922150E+04
 -0.1635000E+05 -0.1916940E+04
 -0.1634500E+05 -0.1911735E+04
 -0.1634000E+05 -0.1906534E+04
 -0.1633500E+05 -0.1901337E+04
 -0.1633000E+05 -0.1896143E+04
 -0.1632500E+05 -0.1890954E+04
 -0.1632000E+05 -0.1885767E+04
 -0.1631500E+05 -0.1880585E+04
 -0.1631000E+05 -0.1875408E+04
 -0.1630500E+05 -0.1870233E+04
 -0.1630000E+05 -0.1865063E+04
 -0.1629500E+05 -0.1859896E+04
 -0.1629000E+05 -0.1854733E+04
 -0.1628500E+05 -0.1849574E+04
 -0.1628000E+05 -0.1844419E+04
 -0.1627500E+05 -0.1839267E+04
 -0.1627000E+05 -0.1834120E+04
 -0.1626500E+05 -0.1828976E+04
 -0.1626000E+05 -0.1823836E+04
 -0.1625500E+05 -0.1818701E+04
 -0.1625000E+05 -0.1813568E+04
 -0.1624500E+05 -0.1808440E+04
 -0.1624000E+05 -0.1803315E+04
 -0.1623500E+05 -0.1798194E+04
 -0.1623000E+05 -0.1793077E+04
 -0.1622500E+05 -0.1787964E+04
 -0.1622000E+05 -0.1782855E+04
 -0.1621500E+05 -0.1777749E+04
 -0.1621000E+05 -0.1772647E+04
 -0.1620500E+05 -0.1767549E+04
 -0.1620000E+05 -0.1762455E+04
 -0.1619500E+05 -0.1757365E+04
 -0.1619000E+05 -0.1752278E+04
 -0.1618500E+05 -0.1747195E+04
 -0.1618000E+05 -0.1742116E+04
 -0.1617500E+05 -0.1737040E+04
 -0.1617000E+05 -0.1731968E+04
 -0.1616500E+05 -0.1726900E+04
 -0.1616000E+05 -0.1721836E+04
 -0.1615500E+05 -0.1716776E+04
 -0.1615000E+05 -0.1711719E+04
 -0.1614500E+05 -0.1706666E+04
 -0.1614000E+05 -0.1701617E+04
 -0.1613500E+05 -0.1696572E+04
 -0.1613000E+05 -0.1691530E+04
 -0.1612500E+05 -0.1686493E+04
 -0.1612000E+05 -0.1681459E+04
 -0.1611500E+05 -0.1676428E+04
 -0.1611000E+05 -0.1671401E+04
 -0.1610500E+05 -0.1666378E+04
 -0.1610000E+05 -0.1661359E+04
 -0.1609500E+05 -0.1656344E+04
 -0.1609000E+05 -0.1651332E+04
 -0.1608500E+05 -0.1646324E+04
 -0.1608000E+05 -0.1641319E+04
 -0.1607500E+05 -0.1636319E+04
 -0.1607000E+05 -0.1631322E+04
 -0.1606500E+05 -0.1626329E+04
 -0.1606000E+05 -0.1621339E+04
 -0.1605500E+05 -0.1616353E+04
 -0.1605000E+05 -0.1611371E+04
 -0.1604500E+05 -0.1606393E+04
 -0.1604000E+05 -0.1601419E+04
 -0.1603500E+05 -0.1596447E+04
 -0.1603000E+05 -0.1591481E+04
 -0.1602500E+05 -0.1586516E+04
 -0.1602000E+05 -0.1581556E+04
 -0.1601500E+05 -0.1576600E+04
 -0.1601000E+05 -0.1571648E+04
 -0.1600500E+05 -0.1566699E+04
 -0.1600000E+05 -0.1561753E+04
 -0.1599500E+05 -0.1556812E+04
 -0.1599000E+05 -0.1551874E+04
 -0.1598500E+05 -0.1546940E+04
 -0.1598000E+05 -0.1542009E+04
 -0.1597500E+05 -0.1537082E+04
 -0.1597000E+05 -0.1532159E+04
 -0.1596500E+05 -0.1527239E+04
 -0.1596000E+05 -0.1522323E+04
 -0.1595500E+05 -0.1517411E+04
 -0.1595000E+05 -0.1512502E+04
 -0.1594500E+05 -0.1507597E+04
 -0.1594000E+05 -0.1502696E+04
 -0.1593500E+05 -0.1497798E+04
 -0.1593000E+05 -0.1492904E+04
 -0.1592500E+05 -0.1488013E+04
 -0.1592000E+05 -0.1483127E+04
 -0.1591500E+05 -0.1478243E+04
 -0.1591000E+05 -0.1473364E+04
 -0.1590500E+05 -0.1468488E+04
 -0.1590000E+05 -0.1463615E+04
 -0.1589500E+05 -0.1458746E+04
 -0.1589000E+05 -0.1453881E+04
 -0.1588500E+05 -0.1449020E+04
 -0.1588000E+05 -0.1444162E+04
 -0.1587500E+05 -0.1439307E+04
 -0.1587000E+05 -0.1434457E+04
 -0.1586500E+05 -0.1429609E+04
 -0.1586000E+05 -0.1424766E+04
 -0.1585500E+05 -0.1419926E+04
 -0.1585000E+05 -0.1415090E+04
 -0.1584500E+05 -0.1410257E+04
 -0.1584000E+05 -0.1405428E+04
 -0.1583500E+05 -0.1400602E+04
 -0.1583000E+05 -0.1395780E+04
 -0.1582500E+05 -0.1390961E+04
 -0.1582000E+05 -0.1386147E+04
 -0.1581500E+05 -0.1381336E+04
 -0.1581000E+05 -0.1376527E+04
 -0.1580500E+05 -0.1371723E+04
 -0.1580000E+05 -0.1366923E+04
 -0.1579500E+05 -0.1362126E+04
 -0.1579000E+05 -0.1357332E+04
 -0.1578500E+05 -0.1352542E+04
 -0.1578000E+05 -0.1347756E+04
 -0.1577500E+05 -0.1342973E+04
 -0.1577000E+05 -0.1338194E+04
 -0.1576500E+05 -0.1333418E+04
 -0.1576000E+05 -0.1328646E+04
 -0.1575500E+05 -0.1323877E+04
 -0.1575000E+05 -0.1319112E+04
 -0.1574500E+05 -0.1314350E+04
 -0.1574000E+05 -0.1309592E+04
 -0.1573500E+05 -0.1304838E+04
 -0.1573000E+05 -0.1300087E+04
 -0.1572500E+05 -0.1295339E+04
 -0.1572000E+05 -0.1290595E+04
 -0.1571500E+05 -0.1285855E+04
 -0.1571000E+05 -0.1281118E+04
 -0.1570500E+05 -0.1276384E+04
 -0.1570000E+05 -0.1271654E+04
 -0.1569500E+05 -0.1266928E+04
 -0.1569000E+05 -0.1262204E+04
 -0.1568500E+05 -0.1257485E+04
 -0.1568000E+05 -0.1252770E+04
 -0.1567500E+05 -0.1248057E+04
 -0.1567000E+05 -0.1243348E+04
 -0.1566500E+05 -0.1238643E+04
 -0.1566000E+05 -0.1233941E+04
 -0.1565500E+05 -0.1229243E+04
 -0.1565000E+05 -0.1224547E+04
 -0.1564500E+05 -0.1219856E+04
 -0.1564000E+05 -0.1215168E+04
 -0.1563500E+05 -0.1210483E+04
 -0.1563000E+05 -0.1205802E+04
 -0.1562500E+05 -0.1201125E+04
 -0.1562000E+05 -0.1196451E+04
 -0.1561500E+05 -0.1191780E+04
 -0.1561000E+05 -0.1187113E+04
 -0.1560500E+05 -0.1182449E+04
 -0.1560000E+05 -0.1177789E+04
 -0.1559500E+05 -0.1173132E+04
 -0.1559000E+05 -0.1168479E+04
 -0.1558500E+05 -0.1163829E+04
 -0.1558000E+05 -0.1159182E+04
 -0.1557500E+05 -0.1154539E+04
 -0.1557000E+05 -0.1149900E+04
 -0.1556500E+05 -0.1145263E+04
 -0.1556000E+05 -0.1140631E+04
 -0.1555500E+05 -0.1136002E+04
 -0.1555000E+05 -0.1131376E+04
 -0.1554500E+05 -0.1126753E+04
 -0.1554000E+05 -0.1122135E+04
 -0.1553500E+05 -0.1117519E+04
 -0.1553000E+05 -0.1112907E+04
 -0.1552500E+05 -0.1108298E+04
 -0.1552000E+05 -0.1103693E+04
 -0.1551500E+05 -0.1099091E+04
 -0.1551000E+05 -0.1094493E+04
 -0.1550500E+05 -0.1089897E+04
 -0.1550000E+05 -0.1085306E+04
 -0.1549500E+05 -0.1080718E+04
 -0.1549000E+05 -0.1076133E+04
 -0.1548500E+05 -0.1071551E+04
 -0.1548000E+05 -0.1066973E+04
 -0.1547500E+05 -0.1062399E+04
 -0.1547000E+05 -0.1057827E+04
 -0.1546500E+05 -0.1053260E+04
 -0.1546000E+05 -0.1048695E+04
 -0.1545500E+05 -0.1044135E+04
 -0.1545000E+05 -0.1039577E+04
 -0.1544500E+05 -0.1035022E+04
 -0.1544000E+05 -0.1030472E+04
 -0.1543500E+05 -0.1025924E+04
 -0.1543000E+05 -0.1021380E+04
 -0.1542500E+05 -0.1016839E+04
 -0.1542000E+05 -0.1012302E+04
 -0.1541500E+05 -0.1007768E+04
 -0.1541000E+05 -0.1003237E+04
 -0.1540500E+05 -0.9987096E+03
 -0.1540000E+05 -0.9941856E+03
 -0.1539500E+05 -0.9896653E+03
 -0.1539000E+05 -0.9851477E+03
 -0.1538500E+05 -0.9806339E+03
 -0.1538000E+05 -0.9761233E+03
 -0.1537500E+05 -0.9716161E+03
 -0.1537000E+05 -0.9671124E+03
 -0.1536500E+05 -0.9626118E+03
 -0.1536000E+05 -0.9581144E+03
 -0.1535500E+05 -0.9536209E+03
 -0.1535000E+05 -0.9491303E+03
 -0.1534500E+05 -0.9446434E+03
 -0.1534000E+05 -0.9401596E+03
 -0.1533500E+05 -0.9356789E+03
 -0.1533000E+05 -0.9312017E+03
 -0.1532500E+05 -0.9267279E+03
 -0.1532000E+05 -0.9222573E+03
 -0.1531500E+05 -0.9177902E+03
 -0.1531000E+05 -0.9133261E+03
 -0.1530500E+05 -0.9088657E+03
 -0.1530000E+05 -0.9044086E+03
 -0.1529500E+05 -0.8999545E+03
 -0.1529000E+05 -0.8955039E+03
 -0.1528500E+05 -0.8910565E+03
 -0.1528000E+05 -0.8866124E+03
 -0.1527500E+05 -0.8821716E+03
 -0.1527000E+05 -0.8777343E+03
 -0.1526500E+05 -0.8732999E+03
 -0.1526000E+05 -0.8688692E+03
 -0.1525500E+05 -0.8644416E+03
 -0.1525000E+05 -0.8600173E+03
 -0.1524500E+05 -0.8555965E+03
 -0.1524000E+05 -0.8511786E+03
 -0.1523500E+05 -0.8467645E+03
 -0.1523000E+05 -0.8423532E+03
 -0.1522500E+05 -0.8379451E+03
 -0.1522000E+05 -0.8335406E+03
 -0.1521500E+05 -0.8291397E+03
 -0.1521000E+05 -0.8247413E+03
 -0.1520500E+05 -0.8203469E+03
 -0.1520000E+05 -0.8159550E+03
 -0.1519500E+05 -0.8115667E+03
 -0.1519000E+05 -0.8071820E+03
 -0.1518500E+05 -0.8028002E+03
 -0.1518000E+05 -0.7984218E+03
 -0.1517500E+05 -0.7940464E+03
 -0.1517000E+05 -0.7896745E+03
 -0.1516500E+05 -0.7853057E+03
 -0.1516000E+05 -0.7809402E+03
 -0.1515500E+05 -0.7765777E+03
 -0.1515000E+05 -0.7722189E+03
 -0.1514500E+05 -0.7678631E+03
 -0.1514000E+05 -0.7635108E+03
 -0.1513500E+05 -0.7591612E+03
 -0.1513000E+05 -0.7548153E+03
 -0.1512500E+05 -0.7504723E+03
 -0.1512000E+05 -0.7461327E+03
 -0.1511500E+05 -0.7417964E+03
 -0.1511000E+05 -0.7374635E+03
 -0.1510500E+05 -0.7331332E+03
 -0.1510000E+05 -0.7288067E+03
 -0.1509500E+05 -0.7244833E+03
 -0.1509000E+05 -0.7201630E+03
 -0.1508500E+05 -0.7158459E+03
 -0.1508000E+05 -0.7115319E+03
 -0.1507500E+05 -0.7072211E+03
 -0.1507000E+05 -0.7029134E+03
 -0.1506500E+05 -0.6986095E+03
 -0.1506000E+05 -0.6943083E+03
 -0.1505500E+05 -0.6900103E+03
 -0.1505000E+05 -0.6857157E+03
 -0.1504500E+05 -0.6814242E+03
 -0.1504000E+05 -0.6771361E+03
 -0.1503500E+05 -0.6728510E+03
 -0.1503000E+05 -0.6685689E+03
 -0.1502500E+05 -0.6642901E+03
 -0.1502000E+05 -0.6600144E+03
 -0.1501500E+05 -0.6557419E+03
 -0.1501000E+05 -0.6514725E+03
 -0.1500500E+05 -0.6472067E+03
 -0.1500000E+05 -0.6429439E+03
 -0.1499500E+05 -0.6386842E+03
 -0.1499000E+05 -0.6344276E+03
 -0.1498500E+05 -0.6301740E+03
 -0.1498000E+05 -0.6259240E+03
 -0.1497500E+05 -0.6216769E+03
 -0.1497000E+05 -0.6174329E+03
 -0.1496500E+05 -0.6131921E+03
 -0.1496000E+05 -0.6089545E+03
 -0.1495500E+05 -0.6047199E+03
 -0.1495000E+05 -0.6004886E+03
 -0.1494500E+05 -0.5962602E+03
 -0.1494000E+05 -0.5920351E+03
 -0.1493500E+05 -0.5878131E+03
 -0.1493000E+05 -0.5835945E+03
 -0.1492500E+05 -0.5793788E+03
 -0.1492000E+05 -0.5751663E+03
 -0.1491500E+05 -0.5709567E+03
 -0.1491000E+05 -0.5667505E+03
 -0.1490500E+05 -0.5625476E+03
 -0.1490000E+05 -0.5583475E+03
 -0.1489500E+05 -0.5541504E+03
 -0.1489000E+05 -0.5499565E+03
 -0.1488500E+05 -0.5457657E+03
 -0.1488000E+05 -0.5415781E+03
 -0.1487500E+05 -0.5373934E+03
 -0.1487000E+05 -0.5332124E+03
 -0.1486500E+05 -0.5290340E+03
 -0.1486000E+05 -0.5248586E+03
 -0.1485500E+05 -0.5206866E+03
 -0.1485000E+05 -0.5165176E+03
 -0.1484500E+05 -0.5123514E+03
 -0.1484000E+05 -0.5081887E+03
 -0.1483500E+05 -0.5040291E+03
 -0.1483000E+05 -0.4998721E+03
 -0.1482500E+05 -0.4957185E+03
 -0.1482000E+05 -0.4915680E+03
 -0.1481500E+05 -0.4874208E+03
 -0.1481000E+05 -0.4832763E+03
 -0.1480500E+05 -0.4791347E+03
 -0.1480000E+05 -0.4749967E+03
 -0.1479500E+05 -0.4708616E+03
 -0.1479000E+05 -0.4667294E+03
 -0.1478500E+05 -0.4626004E+03
 -0.1478000E+05 -0.4584743E+03
 -0.1477500E+05 -0.4543514E+03
 -0.1477000E+05 -0.4502315E+03
 -0.1476500E+05 -0.4461146E+03
 -0.1476000E+05 -0.4420008E+03
 -0.1475500E+05 -0.4378899E+03
 -0.1475000E+05 -0.4337825E+03
 -0.1474500E+05 -0.4296777E+03
 -0.1474000E+05 -0.4255758E+03
 -0.1473500E+05 -0.4214774E+03
 -0.1473000E+05 -0.4173817E+03
 -0.1472500E+05 -0.4132893E+03
 -0.1472000E+05 -0.4091997E+03
 -0.1471500E+05 -0.4051131E+03
 -0.1471000E+05 -0.4010297E+03
 -0.1470500E+05 -0.3969491E+03
 -0.1470000E+05 -0.3928719E+03
 -0.1469500E+05 -0.3887975E+03
 -0.1469000E+05 -0.3847256E+03
 -0.1468500E+05 -0.3806573E+03
 -0.1468000E+05 -0.3765919E+03
 -0.1467500E+05 -0.3725296E+03
 -0.1467000E+05 -0.3684701E+03
 -0.1466500E+05 -0.3644137E+03
 -0.1466000E+05 -0.3603605E+03
 -0.1465500E+05 -0.3563099E+03
 -0.1465000E+05 -0.3522627E+03
 -0.1464500E+05 -0.3482179E+03
 -0.1464000E+05 -0.3441766E+03
 -0.1463500E+05 -0.3401380E+03
 -0.1463000E+05 -0.3361025E+03
 -0.1462500E+05 -0.3320700E+03
 -0.1462000E+05 -0.3280404E+03
 -0.1461500E+05 -0.3240142E+03
 -0.1461000E+05 -0.3199903E+03
 -0.1460500E+05 -0.3159698E+03
 -0.1460000E+05 -0.3119520E+03
 -0.1459500E+05 -0.3079374E+03
 -0.1459000E+05 -0.3039256E+03
 -0.1458500E+05 -0.2999169E+03
 -0.1458000E+05 -0.2959110E+03
 -0.1457500E+05 -0.2919083E+03
 -0.1457000E+05 -0.2879082E+03
 -0.1456500E+05 -0.2839113E+03
 -0.1456000E+05 -0.2799172E+03
 -0.1455500E+05 -0.2759261E+03
 -0.1455000E+05 -0.2719381E+03
 -0.1454500E+05 -0.2679528E+03
 -0.1454000E+05 -0.2639706E+03
 -0.1453500E+05 -0.2599913E+03
 -0.1453000E+05 -0.2560149E+03
 -0.1452500E+05 -0.2520415E+03
 -0.1452000E+05 -0.2480709E+03
 -0.1451500E+05 -0.2441034E+03
 -0.1451000E+05 -0.2401388E+03
 -0.1450500E+05 -0.2361769E+03
 -0.1450000E+05 -0.2322183E+03
 -0.1449500E+05 -0.2282625E+03
 -0.1449000E+05 -0.2243095E+03
 -0.1448500E+05 -0.2203595E+03
 -0.1448000E+05 -0.2164124E+03
 -0.1447500E+05 -0.2124684E+03
 -0.1447000E+05 -0.2085270E+03
 -0.1446500E+05 -0.2045887E+03
 -0.1446000E+05 -0.2006532E+03
 -0.1445500E+05 -0.1967207E+03
 -0.1445000E+05 -0.1927910E+03
 -0.1444500E+05 -0.1888642E+03
 -0.1444000E+05 -0.1849407E+03
 -0.1443500E+05 -0.1810195E+03
 -0.1443000E+05 -0.1771016E+03
 -0.1442500E+05 -0.1731865E+03
 -0.1442000E+05 -0.1692743E+03
 -0.1441500E+05 -0.1653650E+03
 -0.1441000E+05 -0.1614588E+03
 -0.1440500E+05 -0.1575553E+03
 -0.1440000E+05 -0.1536546E+03
 -0.1439500E+05 -0.1497569E+03
 -0.1439000E+05 -0.1458621E+03
 -0.1438500E+05 -0.1419700E+03
 -0.1438000E+05 -0.1380814E+03
 -0.1437500E+05 -0.1341953E+03
 -0.1437000E+05 -0.1303120E+03
 -0.1436500E+05 -0.1264316E+03
 -0.1436000E+05 -0.1225543E+03
 -0.1435500E+05 -0.1186797E+03
 -0.1435000E+05 -0.1148080E+03
 -0.1434500E+05 -0.1109395E+03
 -0.1434000E+05 -0.1070735E+03
 -0.1433500E+05 -0.1032106E+03
 -0.1433000E+05 -0.9935057E+02
 -0.1432500E+05 -0.9549345E+02
 -0.1432000E+05 -0.9163924E+02
 -0.1431500E+05 -0.8778786E+02
 -0.1431000E+05 -0.8393951E+02
 -0.1430500E+05 -0.8009399E+02
 -0.1430000E+05 -0.7625119E+02
 -0.1429500E+05 -0.7241144E+02
 -0.1429000E+05 -0.6857471E+02
 -0.1428500E+05 -0.6474074E+02
 -0.1428000E+05 -0.6090990E+02
 -0.1427500E+05 -0.5708154E+02
 -0.1427000E+05 -0.5325642E+02
 -0.1426500E+05 -0.4943404E+02
 -0.1426000E+05 -0.4561467E+02
 -0.1425500E+05 -0.4179830E+02
 -0.1425000E+05 -0.3798474E+02
 -0.1424500E+05 -0.3417398E+02
 -0.1424000E+05 -0.3036636E+02
 -0.1423500E+05 -0.2656182E+02
 -0.1423000E+05 -0.2275980E+02
 -0.1422500E+05 -0.1896076E+02
 -0.1422000E+05 -0.1516484E+02
 -0.1421500E+05 -0.1137170E+02
 -0.1421000E+05 -0.7581728E+01
 -0.1420500E+05 -0.3794502E+01
 -0.1420000E+05 -0.1016843E-01
