 -0.94750000E+05   0.607086082E+00
 -0.94700000E+05   0.606358172E+00
 -0.94650000E+05   0.605556162E+00
 -0.94600000E+05   0.604841592E+00
 -0.94550000E+05   0.604176462E+00
 -0.94500000E+05   0.603456902E+00
 -0.94450000E+05   0.602701892E+00
 -0.94400000E+05   0.602010602E+00
 -0.94350000E+05   0.601297672E+00
 -0.94300000E+05   0.600616302E+00
 -0.94250000E+05   0.599928762E+00
 -0.94200000E+05   0.599220592E+00
 -0.94150000E+05   0.598533182E+00
 -0.94100000E+05   0.597850272E+00
 -0.94050000E+05   0.597169602E+00
 -0.94000000E+05   0.596436822E+00
 -0.93950000E+05   0.595706442E+00
 -0.93900000E+05   0.595005272E+00
 -0.93850000E+05   0.594349812E+00
 -0.93800000E+05   0.593698612E+00
 -0.93750000E+05   0.592970672E+00
