 -0.10175000E+06   0.707899903E+00
 -0.10170000E+06   0.706946753E+00
 -0.10165000E+06   0.706167313E+00
 -0.10160000E+06   0.705306313E+00
 -0.10155000E+06   0.704479983E+00
 -0.10150000E+06   0.703665183E+00
 -0.10145000E+06   0.702784853E+00
 -0.10140000E+06   0.701937723E+00
 -0.10135000E+06   0.701130013E+00
 -0.10130000E+06   0.700299873E+00
 -0.10125000E+06   0.699469993E+00
 -0.10120000E+06   0.698659443E+00
 -0.10115000E+06   0.697814853E+00
 -0.10110000E+06   0.696929113E+00
 -0.10105000E+06   0.696124143E+00
 -0.10100000E+06   0.695389943E+00
 -0.10095000E+06   0.694535613E+00
 -0.10090000E+06   0.693618553E+00
 -0.10085000E+06   0.692758973E+00
 -0.10080000E+06   0.692039383E+00
