 -0.10765000E+06   0.808218022E+00
 -0.10760000E+06   0.807257432E+00
 -0.10755000E+06   0.806319632E+00
 -0.10750000E+06   0.805349342E+00
 -0.10745000E+06   0.804348852E+00
 -0.10740000E+06   0.803419362E+00
 -0.10735000E+06   0.802467312E+00
 -0.10730000E+06   0.801495342E+00
 -0.10725000E+06   0.800538492E+00
 -0.10720000E+06   0.799596762E+00
 -0.10715000E+06   0.798647102E+00
 -0.10710000E+06   0.797691612E+00
 -0.10705000E+06   0.796751962E+00
 -0.10700000E+06   0.795784642E+00
 -0.10695000E+06   0.794885292E+00
 -0.10690000E+06   0.793957482E+00
 -0.10685000E+06   0.792937752E+00
 -0.10680000E+06   0.792061082E+00
