 -0.11155000E+06   0.909082792E+00
 -0.11150000E+06   0.908043402E+00
 -0.11145000E+06   0.906908992E+00
 -0.11140000E+06   0.905803672E+00
 -0.11135000E+06   0.904777622E+00
 -0.11130000E+06   0.903726362E+00
 -0.11125000E+06   0.902663082E+00
 -0.11120000E+06   0.901616632E+00
 -0.11115000E+06   0.900583172E+00
 -0.11110000E+06   0.899491132E+00
 -0.11105000E+06   0.898429532E+00
 -0.11100000E+06   0.897400952E+00
 -0.11095000E+06   0.896323602E+00
 -0.11090000E+06   0.895244392E+00
 -0.11085000E+06   0.894179282E+00
 -0.11080000E+06   0.893151772E+00
 -0.11075000E+06   0.892126712E+00
 -0.11070000E+06   0.891030132E+00
