 -0.11540000E+06   0.100950614E+01
 -0.11535000E+06   0.100839458E+01
 -0.11530000E+06   0.100721856E+01
 -0.11525000E+06   0.100611726E+01
 -0.11520000E+06   0.100496985E+01
 -0.11515000E+06   0.100379813E+01
 -0.11510000E+06   0.100268595E+01
 -0.11505000E+06   0.100159149E+01
 -0.11500000E+06   0.100046544E+01
 -0.11495000E+06   0.999290276E+00
 -0.11490000E+06   0.998145246E+00
 -0.11485000E+06   0.997036766E+00
 -0.11480000E+06   0.995918076E+00
 -0.11475000E+06   0.994779806E+00
 -0.11470000E+06   0.993629096E+00
 -0.11465000E+06   0.992471056E+00
 -0.11460000E+06   0.991396516E+00
