 -0.11955000E+06   0.110876179E+01
 -0.11950000E+06   0.110753195E+01
 -0.11945000E+06   0.110626734E+01
 -0.11940000E+06   0.110504023E+01
 -0.11935000E+06   0.110379449E+01
 -0.11930000E+06   0.110252903E+01
 -0.11925000E+06   0.110128499E+01
 -0.11920000E+06   0.110006534E+01
 -0.11915000E+06   0.109881731E+01
 -0.11910000E+06   0.109754602E+01
 -0.11905000E+06   0.109633850E+01
 -0.11900000E+06   0.109509117E+01
 -0.11895000E+06   0.109380639E+01
 -0.11890000E+06   0.109262222E+01
 -0.11885000E+06   0.109140830E+01
 -0.11880000E+06   0.109016171E+01
