 -0.12345000E+06   0.121022639E+01
 -0.12340000E+06   0.120876355E+01
 -0.12335000E+06   0.120746720E+01
 -0.12330000E+06   0.120611568E+01
 -0.12325000E+06   0.120471843E+01
 -0.12320000E+06   0.120338731E+01
 -0.12315000E+06   0.120204556E+01
 -0.12310000E+06   0.120067411E+01
 -0.12305000E+06   0.119934564E+01
 -0.12300000E+06   0.119798672E+01
 -0.12295000E+06   0.119661664E+01
 -0.12290000E+06   0.119524326E+01
 -0.12285000E+06   0.119391375E+01
 -0.12280000E+06   0.119249820E+01
 -0.12275000E+06   0.119116011E+01
 -0.12270000E+06   0.118995484E+01
