 -0.12700000E+06   0.130992976E+01
 -0.12695000E+06   0.130840958E+01
 -0.12690000E+06   0.130692793E+01
 -0.12685000E+06   0.130549148E+01
 -0.12680000E+06   0.130400905E+01
 -0.12675000E+06   0.130251348E+01
 -0.12670000E+06   0.130112901E+01
 -0.12665000E+06   0.129965173E+01
 -0.12660000E+06   0.129813777E+01
 -0.12655000E+06   0.129670491E+01
 -0.12650000E+06   0.129529264E+01
 -0.12645000E+06   0.129385445E+01
 -0.12640000E+06   0.129240666E+01
 -0.12635000E+06   0.129091402E+01
 -0.12630000E+06   0.128939534E+01
