100.0   1000\n-100000.0\nEND
32
1   10000  990000000  1 
2   10000  990000000  1 
3   10000  990000000  1 
4   10000  990000000  1 
5   10000  990000000  1 
6   10000  990000000  1 
7   10000  990000000  1 
8   10000  990000000  1 
9   10000  990000000  1 
10   10000  990000000  1 
11   10000  990000000  1 
12   10000  990000000  1 
13   10000  990000000  1 
14   10000  990000000  1 
15   10000  990000000  1 
16   10000  990000000  1 
17   10000  990000000  1 
18   10000  990000000  1 
19   10000  990000000  1 
20   10000  990000000  1 
21   10000  990000000  1 
22   10000  990000000  1 
23   10000  990000000  1 
24   10000  990000000  1 
25   10000  990000000  1 
26   10000  990000000  1 
27   10000  990000000  1 
28   10000  990000000  1 
29   10000  990000000  1 
30   10000  990000000  1 
31   10000  990000000  1 
32   10000  990000000  1 
END
