 -0.6270000E+04  0.8373120E+00
 -0.6265000E+04  0.8290849E+00
 -0.6260000E+04  0.8233830E+00
 -0.6255000E+04  0.8266387E+00
 -0.6250000E+04  0.8296281E+00
 -0.6245000E+04  0.8241700E+00
 -0.6240000E+04  0.8220821E+00
 -0.6235000E+04  0.8250011E+00
 -0.6230000E+04  0.8245000E+00
 -0.6225000E+04  0.8205213E+00
 -0.6220000E+04  0.8173952E+00
 -0.6215000E+04  0.8170584E+00
 -0.6210000E+04  0.8186553E+00
 -0.6205000E+04  0.8142689E+00
 -0.6200000E+04  0.8112118E+00
 -0.6195000E+04  0.8116882E+00
 -0.6190000E+04  0.8120096E+00
 -0.6185000E+04  0.8078159E+00
 -0.6180000E+04  0.8053598E+00
 -0.6175000E+04  0.8060336E+00
 -0.6170000E+04  0.8060008E+00
 -0.6165000E+04  0.8046560E+00
 -0.6160000E+04  0.8056279E+00
 -0.6155000E+04  0.8007634E+00
 -0.6150000E+04  0.7988186E+00
 -0.6145000E+04  0.7988601E+00
 -0.6140000E+04  0.7943555E+00
 -0.6135000E+04  0.7928115E+00
 -0.6130000E+04  0.7948320E+00
 -0.6125000E+04  0.7936253E+00
 -0.6120000E+04  0.7913399E+00
 -0.6115000E+04  0.7925601E+00
 -0.6110000E+04  0.7888620E+00
 -0.6105000E+04  0.7860872E+00
 -0.6100000E+04  0.7884510E+00
 -0.6095000E+04  0.7852773E+00
 -0.6090000E+04  0.7829539E+00
 -0.6085000E+04  0.7834944E+00
 -0.6080000E+04  0.7815888E+00
 -0.6075000E+04  0.7780367E+00
 -0.6070000E+04  0.7765931E+00
 -0.6065000E+04  0.7806340E+00
 -0.6060000E+04  0.7753494E+00
 -0.6055000E+04  0.7705947E+00
 -0.6050000E+04  0.7698700E+00
 -0.6045000E+04  0.7694566E+00
 -0.6040000E+04  0.7703935E+00
 -0.6035000E+04  0.7704987E+00
 -0.6445000E+04  0.8858865E+00
 -0.6440000E+04  0.8786689E+00
 -0.6435000E+04  0.8771374E+00
 -0.6430000E+04  0.8813473E+00
 -0.6425000E+04  0.8782698E+00
 -0.6420000E+04  0.8755219E+00
 -0.6415000E+04  0.8762770E+00
 -0.6410000E+04  0.8740386E+00
 -0.6405000E+04  0.8696807E+00
 -0.6400000E+04  0.8695513E+00
 -0.6395000E+04  0.8684087E+00
 -0.6390000E+04  0.8688675E+00
 -0.6385000E+04  0.8684444E+00
 -0.6380000E+04  0.8659648E+00
 -0.6375000E+04  0.8631377E+00
 -0.6370000E+04  0.8626996E+00
 -0.6365000E+04  0.8579698E+00
 -0.6360000E+04  0.8572808E+00
 -0.6355000E+04  0.8566759E+00
 -0.6350000E+04  0.8561567E+00
 -0.6345000E+04  0.8560416E+00
 -0.6340000E+04  0.8530927E+00
 -0.6335000E+04  0.8517333E+00
 -0.6330000E+04  0.8498360E+00
 -0.6325000E+04  0.8501793E+00
 -0.6320000E+04  0.8477579E+00
 -0.6315000E+04  0.8451359E+00
 -0.6310000E+04  0.8442851E+00
 -0.6305000E+04  0.8408434E+00
 -0.6300000E+04  0.8405994E+00
 -0.6295000E+04  0.8413957E+00
 -0.6290000E+04  0.8367546E+00
 -0.6285000E+04  0.8364133E+00
 -0.6280000E+04  0.8361803E+00
 -0.6275000E+04  0.8319666E+00
 -0.6270000E+04  0.8309657E+00
 -0.6265000E+04  0.8315281E+00
 -0.6260000E+04  0.8311607E+00
 -0.6255000E+04  0.8283590E+00
 -0.6250000E+04  0.8282377E+00
 -0.6245000E+04  0.8323950E+00
 -0.6240000E+04  0.8276503E+00
 -0.6235000E+04  0.8199126E+00
 -0.6230000E+04  0.8212891E+00
 -0.6225000E+04  0.8223633E+00
 -0.6220000E+04  0.8177239E+00
 -0.6215000E+04  0.8145800E+00
 -0.6760000E+04  0.9864243E+00
 -0.6755000E+04  0.9840392E+00
 -0.6750000E+04  0.9826311E+00
 -0.6745000E+04  0.9842157E+00
 -0.6740000E+04  0.9807108E+00
 -0.6735000E+04  0.9787335E+00
 -0.6730000E+04  0.9754524E+00
 -0.6725000E+04  0.9763696E+00
 -0.6720000E+04  0.9712285E+00
 -0.6715000E+04  0.9644551E+00
 -0.6710000E+04  0.9688552E+00
 -0.6705000E+04  0.9707004E+00
 -0.6700000E+04  0.9669777E+00
 -0.6695000E+04  0.9618195E+00
 -0.6690000E+04  0.9622324E+00
 -0.6685000E+04  0.9612476E+00
 -0.6680000E+04  0.9573068E+00
 -0.6675000E+04  0.9577960E+00
 -0.6670000E+04  0.9586791E+00
 -0.6665000E+04  0.9533947E+00
 -0.6660000E+04  0.9521891E+00
 -0.6655000E+04  0.9530701E+00
 -0.6650000E+04  0.9503367E+00
 -0.6645000E+04  0.9480534E+00
 -0.6640000E+04  0.9456342E+00
 -0.6635000E+04  0.9434020E+00
 -0.6630000E+04  0.9430978E+00
 -0.6625000E+04  0.9406756E+00
 -0.6620000E+04  0.9394557E+00
 -0.6615000E+04  0.9367243E+00
 -0.6610000E+04  0.9346240E+00
 -0.6605000E+04  0.9392609E+00
 -0.6600000E+04  0.9301036E+00
 -0.6595000E+04  0.9258031E+00
 -0.6590000E+04  0.9353019E+00
 -0.6585000E+04  0.9283465E+00
 -0.6580000E+04  0.9245086E+00
 -0.6575000E+04  0.9242380E+00
 -0.6570000E+04  0.9239672E+00
 -0.6565000E+04  0.9253778E+00
 -0.6560000E+04  0.9194556E+00
 -0.6555000E+04  0.9179758E+00
 -0.6550000E+04  0.9127663E+00
 -0.6545000E+04  0.9111503E+00
 -0.7045000E+04  0.1088508E+01
 -0.7040000E+04  0.1085115E+01
 -0.7035000E+04  0.1077909E+01
 -0.7030000E+04  0.1078018E+01
 -0.7025000E+04  0.1081706E+01
 -0.7020000E+04  0.1077161E+01
 -0.7015000E+04  0.1074974E+01
 -0.7010000E+04  0.1072973E+01
 -0.7005000E+04  0.1072779E+01
 -0.7000000E+04  0.1071629E+01
 -0.6995000E+04  0.1069506E+01
 -0.6990000E+04  0.1069421E+01
 -0.6985000E+04  0.1065383E+01
 -0.6980000E+04  0.1064624E+01
 -0.6975000E+04  0.1061301E+01
 -0.6970000E+04  0.1053958E+01
 -0.6965000E+04  0.1056373E+01
 -0.6960000E+04  0.1059167E+01
 -0.6955000E+04  0.1054164E+01
 -0.6950000E+04  0.1052777E+01
 -0.6945000E+04  0.1051989E+01
 -0.6940000E+04  0.1048743E+01
 -0.6935000E+04  0.1048078E+01
 -0.6930000E+04  0.1044362E+01
 -0.6925000E+04  0.1043994E+01
 -0.6920000E+04  0.1044392E+01
 -0.6915000E+04  0.1037195E+01
 -0.6910000E+04  0.1035266E+01
 -0.6905000E+04  0.1036117E+01
 -0.6900000E+04  0.1035628E+01
 -0.6895000E+04  0.1033432E+01
 -0.6890000E+04  0.1031497E+01
 -0.6885000E+04  0.1030924E+01
 -0.6880000E+04  0.1029458E+01
 -0.6875000E+04  0.1026840E+01
 -0.6870000E+04  0.1023197E+01
 -0.6865000E+04  0.1019908E+01
 -0.6860000E+04  0.1021496E+01
 -0.6855000E+04  0.1018852E+01
 -0.6850000E+04  0.1016426E+01
 -0.6845000E+04  0.1014485E+01
 -0.6840000E+04  0.1013626E+01
 -0.7175000E+04  0.1138754E+01
 -0.7170000E+04  0.1139016E+01
 -0.7165000E+04  0.1131935E+01
 -0.7160000E+04  0.1129737E+01
 -0.7155000E+04  0.1133562E+01
 -0.7150000E+04  0.1128952E+01
 -0.7145000E+04  0.1128282E+01
 -0.7140000E+04  0.1127171E+01
 -0.7135000E+04  0.1122010E+01
 -0.7130000E+04  0.1115310E+01
 -0.7125000E+04  0.1115580E+01
 -0.7120000E+04  0.1117513E+01
 -0.7115000E+04  0.1114124E+01
 -0.7110000E+04  0.1111807E+01
 -0.7105000E+04  0.1108772E+01
 -0.7100000E+04  0.1106795E+01
 -0.7095000E+04  0.1106547E+01
 -0.7090000E+04  0.1104703E+01
 -0.7085000E+04  0.1101764E+01
 -0.7080000E+04  0.1101435E+01
 -0.7075000E+04  0.1098146E+01
 -0.7070000E+04  0.1095876E+01
 -0.7065000E+04  0.1095276E+01
 -0.7060000E+04  0.1094047E+01
 -0.7055000E+04  0.1093903E+01
 -0.7050000E+04  0.1091145E+01
 -0.7045000E+04  0.1086866E+01
 -0.7040000E+04  0.1085108E+01
 -0.7035000E+04  0.1086384E+01
 -0.7030000E+04  0.1081273E+01
 -0.7025000E+04  0.1079366E+01
 -0.7020000E+04  0.1081188E+01
 -0.7015000E+04  0.1074229E+01
 -0.7010000E+04  0.1074371E+01
 -0.7005000E+04  0.1071624E+01
 -0.7000000E+04  0.1069242E+01
 -0.6995000E+04  0.1069565E+01
 -0.6990000E+04  0.1067824E+01
 -0.6985000E+04  0.1067120E+01
 -0.6980000E+04  0.1065234E+01
 -0.6975000E+04  0.1058571E+01
 -0.7305000E+04  0.1183482E+01
 -0.7300000E+04  0.1183166E+01
 -0.7295000E+04  0.1190146E+01
 -0.7290000E+04  0.1188940E+01
 -0.7285000E+04  0.1182153E+01
 -0.7280000E+04  0.1179676E+01
 -0.7275000E+04  0.1176557E+01
 -0.7270000E+04  0.1175043E+01
 -0.7265000E+04  0.1177022E+01
 -0.7260000E+04  0.1169487E+01
 -0.7255000E+04  0.1166073E+01
 -0.7250000E+04  0.1167401E+01
 -0.7245000E+04  0.1163982E+01
 -0.7240000E+04  0.1162152E+01
 -0.7235000E+04  0.1160579E+01
 -0.7230000E+04  0.1157502E+01
 -0.7225000E+04  0.1156536E+01
 -0.7220000E+04  0.1155803E+01
 -0.7215000E+04  0.1155217E+01
 -0.7210000E+04  0.1150184E+01
 -0.7205000E+04  0.1146793E+01
 -0.7200000E+04  0.1147539E+01
 -0.7195000E+04  0.1144743E+01
 -0.7190000E+04  0.1141529E+01
 -0.7185000E+04  0.1142388E+01
 -0.7180000E+04  0.1140927E+01
 -0.7175000E+04  0.1136644E+01
 -0.7170000E+04  0.1134693E+01
 -0.7165000E+04  0.1135478E+01
 -0.7160000E+04  0.1131225E+01
 -0.7155000E+04  0.1128478E+01
 -0.7150000E+04  0.1130180E+01
 -0.7145000E+04  0.1127022E+01
 -0.7140000E+04  0.1124452E+01
 -0.7135000E+04  0.1119844E+01
 -0.7130000E+04  0.1121952E+01
 -0.7125000E+04  0.1117969E+01
 -0.7120000E+04  0.1114245E+01
 -0.7115000E+04  0.1117329E+01
 -0.7110000E+04  0.1113602E+01
 -0.7425000E+04  0.1242799E+01
 -0.7420000E+04  0.1244517E+01
 -0.7415000E+04  0.1237018E+01
 -0.7410000E+04  0.1234525E+01
 -0.7405000E+04  0.1230469E+01
 -0.7400000E+04  0.1227184E+01
 -0.7395000E+04  0.1227503E+01
 -0.7390000E+04  0.1225704E+01
 -0.7385000E+04  0.1224968E+01
 -0.7380000E+04  0.1220819E+01
 -0.7375000E+04  0.1217392E+01
 -0.7370000E+04  0.1219185E+01
 -0.7365000E+04  0.1216337E+01
 -0.7360000E+04  0.1210069E+01
 -0.7355000E+04  0.1207691E+01
 -0.7350000E+04  0.1208594E+01
 -0.7345000E+04  0.1208062E+01
 -0.7340000E+04  0.1204792E+01
 -0.7335000E+04  0.1202125E+01
 -0.7330000E+04  0.1198408E+01
 -0.7325000E+04  0.1198522E+01
 -0.7320000E+04  0.1197235E+01
 -0.7315000E+04  0.1191302E+01
 -0.7310000E+04  0.1190494E+01
 -0.7305000E+04  0.1191511E+01
 -0.7300000E+04  0.1189932E+01
 -0.7295000E+04  0.1185288E+01
 -0.7290000E+04  0.1184286E+01
 -0.7285000E+04  0.1183626E+01
 -0.7280000E+04  0.1177527E+01
 -0.7275000E+04  0.1175639E+01
 -0.7270000E+04  0.1175620E+01
 -0.7265000E+04  0.1173715E+01
 -0.7260000E+04  0.1174059E+01
 -0.7255000E+04  0.1173285E+01
 -0.7250000E+04  0.1169024E+01
 -0.7245000E+04  0.1165390E+01
 -0.7240000E+04  0.1165024E+01
 -0.7235000E+04  0.1157289E+01
 -0.7540000E+04  0.1295348E+01
 -0.7535000E+04  0.1287812E+01
 -0.7530000E+04  0.1285726E+01
 -0.7525000E+04  0.1283016E+01
 -0.7520000E+04  0.1279969E+01
 -0.7515000E+04  0.1278356E+01
 -0.7510000E+04  0.1277220E+01
 -0.7505000E+04  0.1272595E+01
 -0.7500000E+04  0.1271269E+01
 -0.7495000E+04  0.1271276E+01
 -0.7490000E+04  0.1266661E+01
 -0.7485000E+04  0.1262791E+01
 -0.7480000E+04  0.1262095E+01
 -0.7475000E+04  0.1261495E+01
 -0.7470000E+04  0.1259751E+01
 -0.7465000E+04  0.1257284E+01
 -0.7460000E+04  0.1254355E+01
 -0.7455000E+04  0.1252741E+01
 -0.7450000E+04  0.1250708E+01
 -0.7445000E+04  0.1246584E+01
 -0.7440000E+04  0.1247439E+01
 -0.7435000E+04  0.1245805E+01
 -0.7430000E+04  0.1240952E+01
 -0.7425000E+04  0.1237896E+01
 -0.7420000E+04  0.1235367E+01
 -0.7415000E+04  0.1236396E+01
 -0.7410000E+04  0.1238211E+01
 -0.7405000E+04  0.1234206E+01
 -0.7400000E+04  0.1227990E+01
 -0.7395000E+04  0.1224685E+01
 -0.7390000E+04  0.1225034E+01
 -0.7385000E+04  0.1221519E+01
 -0.7380000E+04  0.1221754E+01
 -0.7375000E+04  0.1221576E+01
 -0.7370000E+04  0.1214299E+01
 -0.7365000E+04  0.1214407E+01
 -0.7360000E+04  0.1213628E+01
 -0.7355000E+04  0.1207305E+01
 -0.7655000E+04  0.1340876E+01
 -0.7650000E+04  0.1344373E+01
 -0.7645000E+04  0.1339268E+01
 -0.7640000E+04  0.1334253E+01
 -0.7635000E+04  0.1335689E+01
 -0.7630000E+04  0.1329700E+01
 -0.7625000E+04  0.1325190E+01
 -0.7620000E+04  0.1324606E+01
 -0.7615000E+04  0.1324306E+01
 -0.7610000E+04  0.1320103E+01
 -0.7605000E+04  0.1317584E+01
 -0.7600000E+04  0.1316862E+01
 -0.7595000E+04  0.1312136E+01
 -0.7590000E+04  0.1310975E+01
 -0.7585000E+04  0.1311235E+01
 -0.7580000E+04  0.1309094E+01
 -0.7575000E+04  0.1304096E+01
 -0.7570000E+04  0.1301861E+01
 -0.7565000E+04  0.1300073E+01
 -0.7560000E+04  0.1296295E+01
 -0.7555000E+04  0.1296143E+01
 -0.7550000E+04  0.1297093E+01
 -0.7545000E+04  0.1292202E+01
 -0.7540000E+04  0.1289931E+01
 -0.7535000E+04  0.1288954E+01
 -0.7530000E+04  0.1285704E+01
 -0.7525000E+04  0.1285117E+01
 -0.7520000E+04  0.1281481E+01
 -0.7515000E+04  0.1278112E+01
 -0.7510000E+04  0.1277513E+01
 -0.7505000E+04  0.1276169E+01
 -0.7500000E+04  0.1273854E+01
 -0.7495000E+04  0.1269222E+01
 -0.7490000E+04  0.1261685E+01
 -0.7485000E+04  0.1260654E+01
 -0.7480000E+04  0.1265229E+01
 -0.7475000E+04  0.1263109E+01
 -0.7470000E+04  0.1258381E+01
 -0.7765000E+04  0.1392593E+01
 -0.7760000E+04  0.1391206E+01
 -0.7755000E+04  0.1386654E+01
 -0.7750000E+04  0.1385366E+01
 -0.7745000E+04  0.1386237E+01
 -0.7740000E+04  0.1380127E+01
 -0.7735000E+04  0.1376844E+01
 -0.7730000E+04  0.1377101E+01
 -0.7725000E+04  0.1376668E+01
 -0.7720000E+04  0.1372372E+01
 -0.7715000E+04  0.1366212E+01
 -0.7710000E+04  0.1366880E+01
 -0.7705000E+04  0.1363112E+01
 -0.7700000E+04  0.1361030E+01
 -0.7695000E+04  0.1361402E+01
 -0.7690000E+04  0.1359761E+01
 -0.7685000E+04  0.1355902E+01
 -0.7680000E+04  0.1353314E+01
 -0.7675000E+04  0.1352092E+01
 -0.7670000E+04  0.1347637E+01
 -0.7665000E+04  0.1344652E+01
 -0.7660000E+04  0.1344100E+01
 -0.7655000E+04  0.1340720E+01
 -0.7650000E+04  0.1337153E+01
 -0.7645000E+04  0.1338287E+01
 -0.7640000E+04  0.1335348E+01
 -0.7635000E+04  0.1333090E+01
 -0.7630000E+04  0.1332125E+01
 -0.7625000E+04  0.1329795E+01
 -0.7620000E+04  0.1326954E+01
 -0.7615000E+04  0.1320751E+01
 -0.7610000E+04  0.1322383E+01
 -0.7605000E+04  0.1323158E+01
 -0.7600000E+04  0.1313152E+01
 -0.7595000E+04  0.1310545E+01
 -0.7590000E+04  0.1310815E+01
 -0.7585000E+04  0.1312797E+01
 -0.7580000E+04  0.1310327E+01
 -0.7870000E+04  0.1441907E+01
 -0.7865000E+04  0.1435693E+01
 -0.7860000E+04  0.1440385E+01
 -0.7855000E+04  0.1432440E+01
 -0.7850000E+04  0.1428947E+01
 -0.7845000E+04  0.1437615E+01
 -0.7840000E+04  0.1433174E+01
 -0.7835000E+04  0.1422262E+01
 -0.7830000E+04  0.1422433E+01
 -0.7825000E+04  0.1421661E+01
 -0.7820000E+04  0.1418098E+01
 -0.7815000E+04  0.1418046E+01
 -0.7810000E+04  0.1417120E+01
 -0.7805000E+04  0.1413531E+01
 -0.7800000E+04  0.1408835E+01
 -0.7795000E+04  0.1406740E+01
 -0.7790000E+04  0.1406523E+01
 -0.7785000E+04  0.1403537E+01
 -0.7780000E+04  0.1399569E+01
 -0.7775000E+04  0.1396984E+01
 -0.7770000E+04  0.1394763E+01
 -0.7765000E+04  0.1393478E+01
 -0.7760000E+04  0.1391788E+01
 -0.7755000E+04  0.1389534E+01
 -0.7750000E+04  0.1386753E+01
 -0.7745000E+04  0.1386115E+01
 -0.7740000E+04  0.1382570E+01
 -0.7735000E+04  0.1378483E+01
 -0.7730000E+04  0.1375754E+01
 -0.7725000E+04  0.1375338E+01
 -0.7720000E+04  0.1374008E+01
 -0.7715000E+04  0.1372997E+01
 -0.7710000E+04  0.1368907E+01
 -0.7705000E+04  0.1362297E+01
 -0.7700000E+04  0.1362485E+01
 -0.7695000E+04  0.1358975E+01
 -0.7690000E+04  0.1357246E+01
 -0.7970000E+04  0.1492040E+01
 -0.7965000E+04  0.1492897E+01
 -0.7960000E+04  0.1484561E+01
 -0.7955000E+04  0.1481925E+01
 -0.7950000E+04  0.1484535E+01
 -0.7945000E+04  0.1479637E+01
 -0.7940000E+04  0.1481591E+01
 -0.7935000E+04  0.1479168E+01
 -0.7930000E+04  0.1472474E+01
 -0.7925000E+04  0.1470894E+01
 -0.7920000E+04  0.1468160E+01
 -0.7915000E+04  0.1464634E+01
 -0.7910000E+04  0.1462270E+01
 -0.7905000E+04  0.1461572E+01
 -0.7900000E+04  0.1458216E+01
 -0.7895000E+04  0.1457082E+01
 -0.7890000E+04  0.1453505E+01
 -0.7885000E+04  0.1450524E+01
 -0.7880000E+04  0.1450774E+01
 -0.7875000E+04  0.1449035E+01
 -0.7870000E+04  0.1446022E+01
 -0.7865000E+04  0.1440341E+01
 -0.7860000E+04  0.1434867E+01
 -0.7855000E+04  0.1436633E+01
 -0.7850000E+04  0.1436893E+01
 -0.7845000E+04  0.1430693E+01
 -0.7840000E+04  0.1430372E+01
 -0.7835000E+04  0.1427011E+01
 -0.7830000E+04  0.1421341E+01
 -0.7825000E+04  0.1420247E+01
 -0.7820000E+04  0.1417984E+01
 -0.7815000E+04  0.1417912E+01
 -0.7810000E+04  0.1415671E+01
 -0.7805000E+04  0.1413166E+01
 -0.7800000E+04  0.1411237E+01
 -0.7795000E+04  0.1406452E+01
 -0.8070000E+04  0.1546137E+01
 -0.8065000E+04  0.1539216E+01
 -0.8060000E+04  0.1542704E+01
 -0.8055000E+04  0.1539044E+01
 -0.8050000E+04  0.1529047E+01
 -0.8045000E+04  0.1528128E+01
 -0.8040000E+04  0.1529480E+01
 -0.8035000E+04  0.1528500E+01
 -0.8030000E+04  0.1524809E+01
 -0.8025000E+04  0.1522928E+01
 -0.8020000E+04  0.1520590E+01
 -0.8015000E+04  0.1516217E+01
 -0.8010000E+04  0.1514785E+01
 -0.8005000E+04  0.1511161E+01
 -0.8000000E+04  0.1506865E+01
 -0.7995000E+04  0.1507992E+01
 -0.7990000E+04  0.1505301E+01
 -0.7985000E+04  0.1500847E+01
 -0.7980000E+04  0.1499911E+01
 -0.7975000E+04  0.1496958E+01
 -0.7970000E+04  0.1494678E+01
 -0.7965000E+04  0.1491281E+01
 -0.7960000E+04  0.1489835E+01
 -0.7955000E+04  0.1488163E+01
 -0.7950000E+04  0.1485481E+01
 -0.7945000E+04  0.1482985E+01
 -0.7940000E+04  0.1478465E+01
 -0.7935000E+04  0.1475727E+01
 -0.7930000E+04  0.1474679E+01
 -0.7925000E+04  0.1471653E+01
 -0.7920000E+04  0.1469561E+01
 -0.7915000E+04  0.1467426E+01
 -0.7910000E+04  0.1462246E+01
 -0.7905000E+04  0.1463368E+01
 -0.7900000E+04  0.1466255E+01
 -0.7895000E+04  0.1460604E+01
 -0.8165000E+04  0.1601070E+01
 -0.8160000E+04  0.1594074E+01
 -0.8155000E+04  0.1594780E+01
 -0.8150000E+04  0.1589795E+01
 -0.8145000E+04  0.1584538E+01
 -0.8140000E+04  0.1583301E+01
 -0.8135000E+04  0.1579229E+01
 -0.8130000E+04  0.1577947E+01
 -0.8125000E+04  0.1574496E+01
 -0.8120000E+04  0.1570000E+01
 -0.8115000E+04  0.1568144E+01
 -0.8110000E+04  0.1566767E+01
 -0.8105000E+04  0.1562708E+01
 -0.8100000E+04  0.1561552E+01
 -0.8095000E+04  0.1558396E+01
 -0.8090000E+04  0.1554311E+01
 -0.8085000E+04  0.1554188E+01
 -0.8080000E+04  0.1551510E+01
 -0.8075000E+04  0.1548206E+01
 -0.8070000E+04  0.1546071E+01
 -0.8065000E+04  0.1544457E+01
 -0.8060000E+04  0.1543003E+01
 -0.8055000E+04  0.1536687E+01
 -0.8050000E+04  0.1533887E+01
 -0.8045000E+04  0.1534123E+01
 -0.8040000E+04  0.1527956E+01
 -0.8035000E+04  0.1525138E+01
 -0.8030000E+04  0.1524560E+01
 -0.8025000E+04  0.1517803E+01
 -0.8020000E+04  0.1517124E+01
 -0.8015000E+04  0.1518680E+01
 -0.8010000E+04  0.1513353E+01
 -0.8005000E+04  0.1507675E+01
 -0.8000000E+04  0.1509697E+01
 -0.7995000E+04  0.1508164E+01
 -0.8255000E+04  0.1644897E+01
 -0.8250000E+04  0.1640416E+01
 -0.8245000E+04  0.1636469E+01
 -0.8240000E+04  0.1635128E+01
 -0.8235000E+04  0.1634075E+01
 -0.8230000E+04  0.1632524E+01
 -0.8225000E+04  0.1630751E+01
 -0.8220000E+04  0.1625793E+01
 -0.8215000E+04  0.1621736E+01
 -0.8210000E+04  0.1620569E+01
 -0.8205000E+04  0.1616970E+01
 -0.8200000E+04  0.1613543E+01
 -0.8195000E+04  0.1611873E+01
 -0.8190000E+04  0.1608599E+01
 -0.8185000E+04  0.1606541E+01
 -0.8180000E+04  0.1604552E+01
 -0.8175000E+04  0.1604768E+01
 -0.8170000E+04  0.1603640E+01
 -0.8165000E+04  0.1596335E+01
 -0.8160000E+04  0.1596085E+01
 -0.8155000E+04  0.1592046E+01
 -0.8150000E+04  0.1589396E+01
 -0.8145000E+04  0.1588705E+01
 -0.8140000E+04  0.1583696E+01
 -0.8135000E+04  0.1579685E+01
 -0.8130000E+04  0.1576144E+01
 -0.8125000E+04  0.1575425E+01
 -0.8120000E+04  0.1576472E+01
 -0.8115000E+04  0.1573067E+01
 -0.8110000E+04  0.1569030E+01
 -0.8105000E+04  0.1563680E+01
 -0.8100000E+04  0.1563431E+01
 -0.8095000E+04  0.1562090E+01
 -0.8090000E+04  0.1556070E+01
 -0.8085000E+04  0.1560286E+01
 -0.8345000E+04  0.1696507E+01
 -0.8340000E+04  0.1688886E+01
 -0.8335000E+04  0.1689136E+01
 -0.8330000E+04  0.1686783E+01
 -0.8325000E+04  0.1682419E+01
 -0.8320000E+04  0.1681549E+01
 -0.8315000E+04  0.1679769E+01
 -0.8310000E+04  0.1674838E+01
 -0.8305000E+04  0.1674061E+01
 -0.8300000E+04  0.1671116E+01
 -0.8295000E+04  0.1665398E+01
 -0.8290000E+04  0.1663470E+01
 -0.8285000E+04  0.1662550E+01
 -0.8280000E+04  0.1661787E+01
 -0.8275000E+04  0.1657583E+01
 -0.8270000E+04  0.1654342E+01
 -0.8265000E+04  0.1651391E+01
 -0.8260000E+04  0.1648019E+01
 -0.8255000E+04  0.1648582E+01
 -0.8250000E+04  0.1645695E+01
 -0.8245000E+04  0.1639588E+01
 -0.8240000E+04  0.1635590E+01
 -0.8235000E+04  0.1636159E+01
 -0.8230000E+04  0.1637826E+01
 -0.8225000E+04  0.1630986E+01
 -0.8220000E+04  0.1628089E+01
 -0.8215000E+04  0.1624373E+01
 -0.8210000E+04  0.1620291E+01
 -0.8205000E+04  0.1616664E+01
 -0.8200000E+04  0.1615183E+01
 -0.8195000E+04  0.1617512E+01
 -0.8190000E+04  0.1614544E+01
 -0.8185000E+04  0.1608318E+01
 -0.8180000E+04  0.1600440E+01
 -0.8430000E+04  0.1740727E+01
 -0.8425000E+04  0.1741467E+01
 -0.8420000E+04  0.1741706E+01
 -0.8415000E+04  0.1734257E+01
 -0.8410000E+04  0.1734673E+01
 -0.8405000E+04  0.1731501E+01
 -0.8400000E+04  0.1727944E+01
 -0.8395000E+04  0.1727836E+01
 -0.8390000E+04  0.1723764E+01
 -0.8385000E+04  0.1720265E+01
 -0.8380000E+04  0.1716293E+01
 -0.8375000E+04  0.1713823E+01
 -0.8370000E+04  0.1713073E+01
 -0.8365000E+04  0.1708448E+01
 -0.8360000E+04  0.1705486E+01
 -0.8355000E+04  0.1704631E+01
 -0.8350000E+04  0.1701625E+01
 -0.8345000E+04  0.1699672E+01
 -0.8340000E+04  0.1693590E+01
 -0.8335000E+04  0.1690644E+01
 -0.8330000E+04  0.1690271E+01
 -0.8325000E+04  0.1687101E+01
 -0.8320000E+04  0.1680772E+01
 -0.8315000E+04  0.1677397E+01
 -0.8310000E+04  0.1678700E+01
 -0.8305000E+04  0.1675299E+01
 -0.8300000E+04  0.1671994E+01
 -0.8295000E+04  0.1667676E+01
 -0.8290000E+04  0.1667523E+01
 -0.8285000E+04  0.1665933E+01
 -0.8280000E+04  0.1656390E+01
 -0.8275000E+04  0.1655679E+01
 -0.8270000E+04  0.1657871E+01
