 -0.8550000E+04  0.1817348E+01
 -0.8545000E+04  0.1814314E+01
 -0.8540000E+04  0.1811285E+01
 -0.8535000E+04  0.1808260E+01
 -0.8530000E+04  0.1805239E+01
 -0.8525000E+04  0.1802223E+01
 -0.8520000E+04  0.1799212E+01
 -0.8515000E+04  0.1796205E+01
 -0.8510000E+04  0.1793202E+01
 -0.8505000E+04  0.1790204E+01
 -0.8500000E+04  0.1787210E+01
 -0.8495000E+04  0.1784221E+01
 -0.8490000E+04  0.1781236E+01
 -0.8485000E+04  0.1778256E+01
 -0.8480000E+04  0.1775280E+01
 -0.8475000E+04  0.1772308E+01
 -0.8470000E+04  0.1769341E+01
 -0.8465000E+04  0.1766378E+01
 -0.8460000E+04  0.1763420E+01
 -0.8455000E+04  0.1760466E+01
 -0.8450000E+04  0.1757517E+01
 -0.8445000E+04  0.1754572E+01
 -0.8440000E+04  0.1751631E+01
 -0.8435000E+04  0.1748695E+01
 -0.8430000E+04  0.1745763E+01
 -0.8425000E+04  0.1742835E+01
 -0.8420000E+04  0.1739912E+01
 -0.8415000E+04  0.1736993E+01
 -0.8410000E+04  0.1734079E+01
 -0.8405000E+04  0.1731169E+01
 -0.8400000E+04  0.1728264E+01
 -0.8395000E+04  0.1725362E+01
 -0.8390000E+04  0.1722465E+01
 -0.8385000E+04  0.1719573E+01
 -0.8380000E+04  0.1716685E+01
 -0.8375000E+04  0.1713801E+01
 -0.8370000E+04  0.1710921E+01
 -0.8365000E+04  0.1708046E+01
 -0.8360000E+04  0.1705175E+01
 -0.8355000E+04  0.1702309E+01
 -0.8350000E+04  0.1699447E+01
 -0.8345000E+04  0.1696589E+01
 -0.8340000E+04  0.1693735E+01
 -0.8335000E+04  0.1690886E+01
 -0.8330000E+04  0.1688041E+01
 -0.8325000E+04  0.1685200E+01
 -0.8320000E+04  0.1682364E+01
 -0.8315000E+04  0.1679532E+01
 -0.8310000E+04  0.1676704E+01
 -0.8305000E+04  0.1673881E+01
 -0.8300000E+04  0.1671061E+01
 -0.8295000E+04  0.1668246E+01
 -0.8290000E+04  0.1665436E+01
 -0.8285000E+04  0.1662629E+01
 -0.8280000E+04  0.1659827E+01
 -0.8275000E+04  0.1657029E+01
 -0.8270000E+04  0.1654236E+01
 -0.8265000E+04  0.1651446E+01
 -0.8260000E+04  0.1648661E+01
 -0.8255000E+04  0.1645881E+01
 -0.8250000E+04  0.1643104E+01
 -0.8245000E+04  0.1640332E+01
 -0.8240000E+04  0.1637563E+01
 -0.8235000E+04  0.1634799E+01
 -0.8230000E+04  0.1632040E+01
 -0.8225000E+04  0.1629284E+01
 -0.8220000E+04  0.1626533E+01
 -0.8215000E+04  0.1623786E+01
 -0.8210000E+04  0.1621043E+01
 -0.8205000E+04  0.1618304E+01
 -0.8200000E+04  0.1615570E+01
 -0.8195000E+04  0.1612840E+01
 -0.8190000E+04  0.1610114E+01
 -0.8185000E+04  0.1607392E+01
 -0.8180000E+04  0.1604674E+01
 -0.8175000E+04  0.1601960E+01
 -0.8170000E+04  0.1599251E+01
 -0.8165000E+04  0.1596546E+01
 -0.8160000E+04  0.1593845E+01
 -0.8155000E+04  0.1591148E+01
 -0.8150000E+04  0.1588455E+01
 -0.8145000E+04  0.1585767E+01
 -0.8140000E+04  0.1583082E+01
 -0.8135000E+04  0.1580402E+01
 -0.8130000E+04  0.1577726E+01
 -0.8125000E+04  0.1575054E+01
 -0.8120000E+04  0.1572386E+01
 -0.8115000E+04  0.1569722E+01
 -0.8110000E+04  0.1567062E+01
 -0.8105000E+04  0.1564407E+01
 -0.8100000E+04  0.1561756E+01
 -0.8095000E+04  0.1559108E+01
 -0.8090000E+04  0.1556465E+01
 -0.8085000E+04  0.1553826E+01
 -0.8080000E+04  0.1551191E+01
 -0.8075000E+04  0.1548560E+01
 -0.8070000E+04  0.1545933E+01
 -0.8065000E+04  0.1543310E+01
 -0.8060000E+04  0.1540692E+01
 -0.8055000E+04  0.1538077E+01
 -0.8050000E+04  0.1535467E+01
 -0.8045000E+04  0.1532860E+01
 -0.8040000E+04  0.1530258E+01
 -0.8035000E+04  0.1527659E+01
 -0.8030000E+04  0.1525065E+01
 -0.8025000E+04  0.1522475E+01
 -0.8020000E+04  0.1519889E+01
 -0.8015000E+04  0.1517307E+01
 -0.8010000E+04  0.1514729E+01
 -0.8005000E+04  0.1512154E+01
 -0.8000000E+04  0.1509584E+01
 -0.7995000E+04  0.1507018E+01
 -0.7990000E+04  0.1504456E+01
 -0.7985000E+04  0.1501898E+01
 -0.7980000E+04  0.1499344E+01
 -0.7975000E+04  0.1496795E+01
 -0.7970000E+04  0.1494249E+01
 -0.7965000E+04  0.1491707E+01
 -0.7960000E+04  0.1489169E+01
 -0.7955000E+04  0.1486635E+01
 -0.7950000E+04  0.1484105E+01
 -0.7945000E+04  0.1481579E+01
 -0.7940000E+04  0.1479057E+01
 -0.7935000E+04  0.1476539E+01
 -0.7930000E+04  0.1474024E+01
 -0.7925000E+04  0.1471514E+01
 -0.7920000E+04  0.1469008E+01
 -0.7915000E+04  0.1466506E+01
 -0.7910000E+04  0.1464008E+01
 -0.7905000E+04  0.1461513E+01
 -0.7900000E+04  0.1459023E+01
 -0.7895000E+04  0.1456537E+01
 -0.7890000E+04  0.1454054E+01
 -0.7885000E+04  0.1451576E+01
 -0.7880000E+04  0.1449101E+01
 -0.7875000E+04  0.1446630E+01
 -0.7870000E+04  0.1444164E+01
 -0.7865000E+04  0.1441701E+01
 -0.7860000E+04  0.1439242E+01
 -0.7855000E+04  0.1436787E+01
 -0.7850000E+04  0.1434335E+01
 -0.7845000E+04  0.1431888E+01
 -0.7840000E+04  0.1429445E+01
 -0.7835000E+04  0.1427005E+01
 -0.7830000E+04  0.1424570E+01
 -0.7825000E+04  0.1422138E+01
 -0.7820000E+04  0.1419710E+01
 -0.7815000E+04  0.1417286E+01
 -0.7810000E+04  0.1414866E+01
 -0.7805000E+04  0.1412450E+01
 -0.7800000E+04  0.1410038E+01
 -0.7795000E+04  0.1407629E+01
 -0.7790000E+04  0.1405225E+01
 -0.7785000E+04  0.1402824E+01
 -0.7780000E+04  0.1400427E+01
 -0.7775000E+04  0.1398034E+01
 -0.7770000E+04  0.1395644E+01
 -0.7765000E+04  0.1393259E+01
 -0.7760000E+04  0.1390877E+01
 -0.7755000E+04  0.1388499E+01
 -0.7750000E+04  0.1386125E+01
 -0.7745000E+04  0.1383755E+01
 -0.7740000E+04  0.1381389E+01
 -0.7735000E+04  0.1379026E+01
 -0.7730000E+04  0.1376668E+01
 -0.7725000E+04  0.1374313E+01
 -0.7720000E+04  0.1371961E+01
 -0.7715000E+04  0.1369614E+01
 -0.7710000E+04  0.1367270E+01
 -0.7705000E+04  0.1364931E+01
 -0.7700000E+04  0.1362595E+01
 -0.7695000E+04  0.1360262E+01
 -0.7690000E+04  0.1357934E+01
 -0.7685000E+04  0.1355609E+01
 -0.7680000E+04  0.1353288E+01
 -0.7675000E+04  0.1350971E+01
 -0.7670000E+04  0.1348657E+01
 -0.7665000E+04  0.1346348E+01
 -0.7660000E+04  0.1344042E+01
 -0.7655000E+04  0.1341739E+01
 -0.7650000E+04  0.1339441E+01
 -0.7645000E+04  0.1337146E+01
 -0.7640000E+04  0.1334855E+01
 -0.7635000E+04  0.1332568E+01
 -0.7630000E+04  0.1330284E+01
 -0.7625000E+04  0.1328004E+01
 -0.7620000E+04  0.1325728E+01
 -0.7615000E+04  0.1323455E+01
 -0.7610000E+04  0.1321187E+01
 -0.7605000E+04  0.1318922E+01
 -0.7600000E+04  0.1316660E+01
 -0.7595000E+04  0.1314402E+01
 -0.7590000E+04  0.1312148E+01
 -0.7585000E+04  0.1309898E+01
 -0.7580000E+04  0.1307651E+01
 -0.7575000E+04  0.1305408E+01
 -0.7570000E+04  0.1303169E+01
 -0.7565000E+04  0.1300933E+01
 -0.7560000E+04  0.1298701E+01
 -0.7555000E+04  0.1296473E+01
 -0.7550000E+04  0.1294248E+01
 -0.7545000E+04  0.1292027E+01
 -0.7540000E+04  0.1289810E+01
 -0.7535000E+04  0.1287596E+01
 -0.7530000E+04  0.1285386E+01
 -0.7525000E+04  0.1283179E+01
 -0.7520000E+04  0.1280976E+01
 -0.7515000E+04  0.1278777E+01
 -0.7510000E+04  0.1276581E+01
 -0.7505000E+04  0.1274389E+01
 -0.7500000E+04  0.1272201E+01
 -0.7495000E+04  0.1270016E+01
 -0.7490000E+04  0.1267834E+01
 -0.7485000E+04  0.1265657E+01
 -0.7480000E+04  0.1263483E+01
 -0.7475000E+04  0.1261312E+01
 -0.7470000E+04  0.1259145E+01
 -0.7465000E+04  0.1256982E+01
 -0.7460000E+04  0.1254822E+01
 -0.7455000E+04  0.1252666E+01
 -0.7450000E+04  0.1250513E+01
 -0.7445000E+04  0.1248364E+01
 -0.7440000E+04  0.1246219E+01
 -0.7435000E+04  0.1244077E+01
 -0.7430000E+04  0.1241938E+01
 -0.7425000E+04  0.1239804E+01
 -0.7420000E+04  0.1237672E+01
 -0.7415000E+04  0.1235545E+01
 -0.7410000E+04  0.1233420E+01
 -0.7405000E+04  0.1231300E+01
 -0.7400000E+04  0.1229182E+01
 -0.7395000E+04  0.1227069E+01
 -0.7390000E+04  0.1224958E+01
 -0.7385000E+04  0.1222852E+01
 -0.7380000E+04  0.1220749E+01
 -0.7375000E+04  0.1218649E+01
 -0.7370000E+04  0.1216553E+01
 -0.7365000E+04  0.1214460E+01
 -0.7360000E+04  0.1212371E+01
 -0.7355000E+04  0.1210285E+01
 -0.7350000E+04  0.1208203E+01
 -0.7345000E+04  0.1206124E+01
 -0.7340000E+04  0.1204049E+01
 -0.7335000E+04  0.1201977E+01
 -0.7330000E+04  0.1199909E+01
 -0.7325000E+04  0.1197844E+01
 -0.7320000E+04  0.1195783E+01
 -0.7315000E+04  0.1193725E+01
 -0.7310000E+04  0.1191670E+01
 -0.7305000E+04  0.1189619E+01
 -0.7300000E+04  0.1187572E+01
 -0.7295000E+04  0.1185527E+01
 -0.7290000E+04  0.1183487E+01
 -0.7285000E+04  0.1181449E+01
 -0.7280000E+04  0.1179415E+01
 -0.7275000E+04  0.1177385E+01
 -0.7270000E+04  0.1175358E+01
 -0.7265000E+04  0.1173334E+01
 -0.7260000E+04  0.1171314E+01
 -0.7255000E+04  0.1169297E+01
 -0.7250000E+04  0.1167284E+01
 -0.7245000E+04  0.1165274E+01
 -0.7240000E+04  0.1163267E+01
 -0.7235000E+04  0.1161264E+01
 -0.7230000E+04  0.1159264E+01
 -0.7225000E+04  0.1157267E+01
 -0.7220000E+04  0.1155274E+01
 -0.7215000E+04  0.1153284E+01
 -0.7210000E+04  0.1151298E+01
 -0.7205000E+04  0.1149315E+01
 -0.7200000E+04  0.1147335E+01
 -0.7195000E+04  0.1145358E+01
 -0.7190000E+04  0.1143385E+01
 -0.7185000E+04  0.1141416E+01
 -0.7180000E+04  0.1139449E+01
 -0.7175000E+04  0.1137486E+01
 -0.7170000E+04  0.1135527E+01
 -0.7165000E+04  0.1133570E+01
 -0.7160000E+04  0.1131617E+01
 -0.7155000E+04  0.1129668E+01
 -0.7150000E+04  0.1127721E+01
 -0.7145000E+04  0.1125778E+01
 -0.7140000E+04  0.1123838E+01
 -0.7135000E+04  0.1121902E+01
 -0.7130000E+04  0.1119968E+01
 -0.7125000E+04  0.1118039E+01
 -0.7120000E+04  0.1116112E+01
 -0.7115000E+04  0.1114189E+01
 -0.7110000E+04  0.1112269E+01
 -0.7105000E+04  0.1110352E+01
 -0.7100000E+04  0.1108438E+01
 -0.7095000E+04  0.1106528E+01
 -0.7090000E+04  0.1104621E+01
 -0.7085000E+04  0.1102717E+01
 -0.7080000E+04  0.1100817E+01
 -0.7075000E+04  0.1098920E+01
 -0.7070000E+04  0.1097026E+01
 -0.7065000E+04  0.1095135E+01
 -0.7060000E+04  0.1093247E+01
 -0.7055000E+04  0.1091363E+01
 -0.7050000E+04  0.1089482E+01
 -0.7045000E+04  0.1087604E+01
 -0.7040000E+04  0.1085730E+01
 -0.7035000E+04  0.1083858E+01
 -0.7030000E+04  0.1081990E+01
 -0.7025000E+04  0.1080125E+01
 -0.7020000E+04  0.1078263E+01
 -0.7015000E+04  0.1076405E+01
 -0.7010000E+04  0.1074549E+01
 -0.7005000E+04  0.1072697E+01
 -0.7000000E+04  0.1070848E+01
 -0.6995000E+04  0.1069002E+01
 -0.6990000E+04  0.1067160E+01
 -0.6985000E+04  0.1065320E+01
 -0.6980000E+04  0.1063484E+01
 -0.6975000E+04  0.1061651E+01
 -0.6970000E+04  0.1059821E+01
 -0.6965000E+04  0.1057994E+01
 -0.6960000E+04  0.1056170E+01
 -0.6955000E+04  0.1054350E+01
 -0.6950000E+04  0.1052532E+01
 -0.6945000E+04  0.1050718E+01
 -0.6940000E+04  0.1048907E+01
 -0.6935000E+04  0.1047099E+01
 -0.6930000E+04  0.1045294E+01
 -0.6925000E+04  0.1043493E+01
 -0.6920000E+04  0.1041694E+01
 -0.6915000E+04  0.1039899E+01
 -0.6910000E+04  0.1038106E+01
 -0.6905000E+04  0.1036317E+01
 -0.6900000E+04  0.1034531E+01
 -0.6895000E+04  0.1032748E+01
 -0.6890000E+04  0.1030968E+01
 -0.6885000E+04  0.1029191E+01
 -0.6880000E+04  0.1027417E+01
 -0.6875000E+04  0.1025646E+01
 -0.6870000E+04  0.1023879E+01
 -0.6865000E+04  0.1022114E+01
 -0.6860000E+04  0.1020353E+01
 -0.6855000E+04  0.1018594E+01
 -0.6850000E+04  0.1016839E+01
 -0.6845000E+04  0.1015087E+01
 -0.6840000E+04  0.1013337E+01
 -0.6835000E+04  0.1011591E+01
 -0.6830000E+04  0.1009848E+01
 -0.6825000E+04  0.1008108E+01
 -0.6820000E+04  0.1006371E+01
 -0.6815000E+04  0.1004637E+01
 -0.6810000E+04  0.1002906E+01
 -0.6805000E+04  0.1001178E+01
 -0.6800000E+04  0.9994528E+00
 -0.6795000E+04  0.9977308E+00
 -0.6790000E+04  0.9960118E+00
 -0.6785000E+04  0.9942958E+00
 -0.6780000E+04  0.9925829E+00
 -0.6775000E+04  0.9908729E+00
 -0.6770000E+04  0.9891659E+00
 -0.6765000E+04  0.9874619E+00
 -0.6760000E+04  0.9857609E+00
 -0.6755000E+04  0.9840629E+00
 -0.6750000E+04  0.9823679E+00
 -0.6745000E+04  0.9806758E+00
 -0.6740000E+04  0.9789867E+00
 -0.6735000E+04  0.9773005E+00
 -0.6730000E+04  0.9756173E+00
 -0.6725000E+04  0.9739371E+00
 -0.6720000E+04  0.9722598E+00
 -0.6715000E+04  0.9705855E+00
 -0.6710000E+04  0.9689141E+00
 -0.6705000E+04  0.9672456E+00
 -0.6700000E+04  0.9655801E+00
 -0.6695000E+04  0.9639175E+00
 -0.6690000E+04  0.9622579E+00
 -0.6685000E+04  0.9606011E+00
 -0.6680000E+04  0.9589473E+00
 -0.6675000E+04  0.9572964E+00
 -0.6670000E+04  0.9556484E+00
 -0.6665000E+04  0.9540033E+00
 -0.6660000E+04  0.9523611E+00
 -0.6655000E+04  0.9507217E+00
 -0.6650000E+04  0.9490853E+00
 -0.6645000E+04  0.9474518E+00
 -0.6640000E+04  0.9458212E+00
 -0.6635000E+04  0.9441934E+00
 -0.6630000E+04  0.9425685E+00
 -0.6625000E+04  0.9409465E+00
 -0.6620000E+04  0.9393273E+00
 -0.6615000E+04  0.9377110E+00
 -0.6610000E+04  0.9360976E+00
 -0.6605000E+04  0.9344870E+00
 -0.6600000E+04  0.9328793E+00
 -0.6595000E+04  0.9312744E+00
 -0.6590000E+04  0.9296723E+00
 -0.6585000E+04  0.9280731E+00
 -0.6580000E+04  0.9264768E+00
 -0.6575000E+04  0.9248832E+00
 -0.6570000E+04  0.9232925E+00
 -0.6565000E+04  0.9217046E+00
 -0.6560000E+04  0.9201195E+00
 -0.6555000E+04  0.9185372E+00
 -0.6550000E+04  0.9169577E+00
 -0.6545000E+04  0.9153811E+00
 -0.6540000E+04  0.9138072E+00
 -0.6535000E+04  0.9122361E+00
 -0.6530000E+04  0.9106678E+00
 -0.6525000E+04  0.9091024E+00
 -0.6520000E+04  0.9075396E+00
 -0.6515000E+04  0.9059797E+00
 -0.6510000E+04  0.9044225E+00
 -0.6505000E+04  0.9028681E+00
 -0.6500000E+04  0.9013165E+00
 -0.6495000E+04  0.8997677E+00
 -0.6490000E+04  0.8982215E+00
 -0.6485000E+04  0.8966782E+00
 -0.6480000E+04  0.8951376E+00
 -0.6475000E+04  0.8935997E+00
 -0.6470000E+04  0.8920646E+00
 -0.6465000E+04  0.8905322E+00
 -0.6460000E+04  0.8890025E+00
 -0.6455000E+04  0.8874756E+00
 -0.6450000E+04  0.8859514E+00
 -0.6445000E+04  0.8844299E+00
 -0.6440000E+04  0.8829111E+00
 -0.6435000E+04  0.8813951E+00
 -0.6430000E+04  0.8798817E+00
 -0.6425000E+04  0.8783711E+00
 -0.6420000E+04  0.8768631E+00
 -0.6415000E+04  0.8753579E+00
 -0.6410000E+04  0.8738553E+00
 -0.6405000E+04  0.8723554E+00
 -0.6400000E+04  0.8708582E+00
 -0.6395000E+04  0.8693637E+00
 -0.6390000E+04  0.8678718E+00
 -0.6385000E+04  0.8663826E+00
 -0.6380000E+04  0.8648961E+00
 -0.6375000E+04  0.8634122E+00
 -0.6370000E+04  0.8619310E+00
 -0.6365000E+04  0.8604525E+00
 -0.6360000E+04  0.8589765E+00
 -0.6355000E+04  0.8575033E+00
 -0.6350000E+04  0.8560326E+00
 -0.6345000E+04  0.8545647E+00
 -0.6340000E+04  0.8530993E+00
 -0.6335000E+04  0.8516366E+00
 -0.6330000E+04  0.8501764E+00
 -0.6325000E+04  0.8487189E+00
 -0.6320000E+04  0.8472641E+00
 -0.6315000E+04  0.8458118E+00
 -0.6310000E+04  0.8443621E+00
 -0.6305000E+04  0.8429151E+00
 -0.6300000E+04  0.8414706E+00
 -0.6295000E+04  0.8400287E+00
 -0.6290000E+04  0.8385894E+00
 -0.6285000E+04  0.8371527E+00
 -0.6280000E+04  0.8357186E+00
 -0.6275000E+04  0.8342870E+00
 -0.6270000E+04  0.8328581E+00
 -0.6265000E+04  0.8314316E+00
 -0.6260000E+04  0.8300078E+00
 -0.6255000E+04  0.8285865E+00
 -0.6250000E+04  0.8271678E+00
 -0.6245000E+04  0.8257516E+00
 -0.6240000E+04  0.8243380E+00
 -0.6235000E+04  0.8229269E+00
 -0.6230000E+04  0.8215183E+00
 -0.6225000E+04  0.8201123E+00
 -0.6220000E+04  0.8187088E+00
 -0.6215000E+04  0.8173078E+00
 -0.6210000E+04  0.8159094E+00
 -0.6205000E+04  0.8145134E+00
 -0.6200000E+04  0.8131200E+00
 -0.6195000E+04  0.8117291E+00
 -0.6190000E+04  0.8103407E+00
 -0.6185000E+04  0.8089548E+00
 -0.6180000E+04  0.8075714E+00
 -0.6175000E+04  0.8061905E+00
 -0.6170000E+04  0.8048121E+00
 -0.6165000E+04  0.8034361E+00
 -0.6160000E+04  0.8020626E+00
 -0.6155000E+04  0.8006916E+00
 -0.6150000E+04  0.7993231E+00
 -0.6145000E+04  0.7979571E+00
 -0.6140000E+04  0.7965935E+00
 -0.6135000E+04  0.7952323E+00
 -0.6130000E+04  0.7938736E+00
 -0.6125000E+04  0.7925174E+00
 -0.6120000E+04  0.7911636E+00
 -0.6115000E+04  0.7898123E+00
 -0.6110000E+04  0.7884634E+00
 -0.6105000E+04  0.7871169E+00
 -0.6100000E+04  0.7857728E+00
 -0.6095000E+04  0.7844312E+00
 -0.6090000E+04  0.7830920E+00
 -0.6085000E+04  0.7817552E+00
 -0.6080000E+04  0.7804208E+00
 -0.6075000E+04  0.7790889E+00
 -0.6070000E+04  0.7777593E+00
 -0.6065000E+04  0.7764321E+00
 -0.6060000E+04  0.7751074E+00
 -0.6055000E+04  0.7737850E+00
 -0.6050000E+04  0.7724650E+00
 -0.6045000E+04  0.7711474E+00
 -0.6040000E+04  0.7698321E+00
 -0.6035000E+04  0.7685193E+00
 -0.6030000E+04  0.7672088E+00
 -0.6025000E+04  0.7659006E+00
 -0.6020000E+04  0.7645949E+00
 -0.6015000E+04  0.7632915E+00
 -0.6010000E+04  0.7619904E+00
 -0.6005000E+04  0.7606917E+00
 -0.6000000E+04  0.7593953E+00
 -0.5995000E+04  0.7581013E+00
 -0.5990000E+04  0.7568096E+00
 -0.5985000E+04  0.7555203E+00
 -0.5980000E+04  0.7542332E+00
 -0.5975000E+04  0.7529485E+00
 -0.5970000E+04  0.7516661E+00
 -0.5965000E+04  0.7503861E+00
 -0.5960000E+04  0.7491083E+00
 -0.5955000E+04  0.7478328E+00
 -0.5950000E+04  0.7465597E+00
