 -0.8550000E+04  0.9987945E+00
 -0.8545000E+04  0.9987963E+00
 -0.8540000E+04  0.9987981E+00
 -0.8535000E+04  0.9987999E+00
 -0.8530000E+04  0.9988016E+00
 -0.8525000E+04  0.9988034E+00
 -0.8520000E+04  0.9988052E+00
 -0.8515000E+04  0.9988070E+00
 -0.8510000E+04  0.9988087E+00
 -0.8505000E+04  0.9988105E+00
 -0.8500000E+04  0.9988123E+00
 -0.8495000E+04  0.9988140E+00
 -0.8490000E+04  0.9988158E+00
 -0.8485000E+04  0.9988176E+00
 -0.8480000E+04  0.9988193E+00
 -0.8475000E+04  0.9988211E+00
 -0.8470000E+04  0.9988228E+00
 -0.8465000E+04  0.9988246E+00
 -0.8460000E+04  0.9988263E+00
 -0.8455000E+04  0.9988281E+00
 -0.8450000E+04  0.9988298E+00
 -0.8445000E+04  0.9988316E+00
 -0.8440000E+04  0.9988333E+00
 -0.8435000E+04  0.9988351E+00
 -0.8430000E+04  0.9988368E+00
 -0.8425000E+04  0.9988386E+00
 -0.8420000E+04  0.9988403E+00
 -0.8415000E+04  0.9988420E+00
 -0.8410000E+04  0.9988438E+00
 -0.8405000E+04  0.9988455E+00
 -0.8400000E+04  0.9988472E+00
 -0.8395000E+04  0.9988490E+00
 -0.8390000E+04  0.9988507E+00
 -0.8385000E+04  0.9988524E+00
 -0.8380000E+04  0.9988541E+00
 -0.8375000E+04  0.9988559E+00
 -0.8370000E+04  0.9988576E+00
 -0.8365000E+04  0.9988593E+00
 -0.8360000E+04  0.9988610E+00
 -0.8355000E+04  0.9988627E+00
 -0.8350000E+04  0.9988645E+00
 -0.8345000E+04  0.9988662E+00
 -0.8340000E+04  0.9988679E+00
 -0.8335000E+04  0.9988696E+00
 -0.8330000E+04  0.9988713E+00
 -0.8325000E+04  0.9988730E+00
 -0.8320000E+04  0.9988747E+00
 -0.8315000E+04  0.9988764E+00
 -0.8310000E+04  0.9988781E+00
 -0.8305000E+04  0.9988798E+00
 -0.8300000E+04  0.9988815E+00
 -0.8295000E+04  0.9988832E+00
 -0.8290000E+04  0.9988849E+00
 -0.8285000E+04  0.9988866E+00
 -0.8280000E+04  0.9988883E+00
 -0.8275000E+04  0.9988900E+00
 -0.8270000E+04  0.9988917E+00
 -0.8265000E+04  0.9988934E+00
 -0.8260000E+04  0.9988951E+00
 -0.8255000E+04  0.9988967E+00
 -0.8250000E+04  0.9988984E+00
 -0.8245000E+04  0.9989001E+00
 -0.8240000E+04  0.9989018E+00
 -0.8235000E+04  0.9989035E+00
 -0.8230000E+04  0.9989051E+00
 -0.8225000E+04  0.9989068E+00
 -0.8220000E+04  0.9989085E+00
 -0.8215000E+04  0.9989101E+00
 -0.8210000E+04  0.9989118E+00
 -0.8205000E+04  0.9989135E+00
 -0.8200000E+04  0.9989152E+00
 -0.8195000E+04  0.9989168E+00
 -0.8190000E+04  0.9989185E+00
 -0.8185000E+04  0.9989201E+00
 -0.8180000E+04  0.9989218E+00
 -0.8175000E+04  0.9989235E+00
 -0.8170000E+04  0.9989251E+00
 -0.8165000E+04  0.9989268E+00
 -0.8160000E+04  0.9989284E+00
 -0.8155000E+04  0.9989301E+00
 -0.8150000E+04  0.9989317E+00
 -0.8145000E+04  0.9989334E+00
 -0.8140000E+04  0.9989350E+00
 -0.8135000E+04  0.9989366E+00
 -0.8130000E+04  0.9989383E+00
 -0.8125000E+04  0.9989399E+00
 -0.8120000E+04  0.9989416E+00
 -0.8115000E+04  0.9989432E+00
 -0.8110000E+04  0.9989448E+00
 -0.8105000E+04  0.9989465E+00
 -0.8100000E+04  0.9989481E+00
 -0.8095000E+04  0.9989497E+00
 -0.8090000E+04  0.9989514E+00
 -0.8085000E+04  0.9989530E+00
 -0.8080000E+04  0.9989546E+00
 -0.8075000E+04  0.9989562E+00
 -0.8070000E+04  0.9989579E+00
 -0.8065000E+04  0.9989595E+00
 -0.8060000E+04  0.9989611E+00
 -0.8055000E+04  0.9989627E+00
 -0.8050000E+04  0.9989643E+00
 -0.8045000E+04  0.9989660E+00
 -0.8040000E+04  0.9989676E+00
 -0.8035000E+04  0.9989692E+00
 -0.8030000E+04  0.9989708E+00
 -0.8025000E+04  0.9989724E+00
 -0.8020000E+04  0.9989740E+00
 -0.8015000E+04  0.9989756E+00
 -0.8010000E+04  0.9989772E+00
 -0.8005000E+04  0.9989788E+00
 -0.8000000E+04  0.9989804E+00
 -0.7995000E+04  0.9989820E+00
 -0.7990000E+04  0.9989836E+00
 -0.7985000E+04  0.9989852E+00
 -0.7980000E+04  0.9989868E+00
 -0.7975000E+04  0.9989884E+00
 -0.7970000E+04  0.9989900E+00
 -0.7965000E+04  0.9989915E+00
 -0.7960000E+04  0.9989931E+00
 -0.7955000E+04  0.9989947E+00
 -0.7950000E+04  0.9989963E+00
 -0.7945000E+04  0.9989979E+00
 -0.7940000E+04  0.9989995E+00
 -0.7935000E+04  0.9990010E+00
 -0.7930000E+04  0.9990026E+00
 -0.7925000E+04  0.9990042E+00
 -0.7920000E+04  0.9990057E+00
 -0.7915000E+04  0.9990073E+00
 -0.7910000E+04  0.9990089E+00
 -0.7905000E+04  0.9990105E+00
 -0.7900000E+04  0.9990120E+00
 -0.7895000E+04  0.9990136E+00
 -0.7890000E+04  0.9990151E+00
 -0.7885000E+04  0.9990167E+00
 -0.7880000E+04  0.9990183E+00
 -0.7875000E+04  0.9990198E+00
 -0.7870000E+04  0.9990214E+00
 -0.7865000E+04  0.9990229E+00
 -0.7860000E+04  0.9990245E+00
 -0.7855000E+04  0.9990260E+00
 -0.7850000E+04  0.9990276E+00
 -0.7845000E+04  0.9990291E+00
 -0.7840000E+04  0.9990307E+00
 -0.7835000E+04  0.9990322E+00
 -0.7830000E+04  0.9990338E+00
 -0.7825000E+04  0.9990353E+00
 -0.7820000E+04  0.9990368E+00
 -0.7815000E+04  0.9990384E+00
 -0.7810000E+04  0.9990399E+00
 -0.7805000E+04  0.9990414E+00
 -0.7800000E+04  0.9990430E+00
 -0.7795000E+04  0.9990445E+00
 -0.7790000E+04  0.9990460E+00
 -0.7785000E+04  0.9990476E+00
 -0.7780000E+04  0.9990491E+00
 -0.7775000E+04  0.9990506E+00
 -0.7770000E+04  0.9990521E+00
 -0.7765000E+04  0.9990536E+00
 -0.7760000E+04  0.9990552E+00
 -0.7755000E+04  0.9990567E+00
 -0.7750000E+04  0.9990582E+00
 -0.7745000E+04  0.9990597E+00
 -0.7740000E+04  0.9990612E+00
 -0.7735000E+04  0.9990627E+00
 -0.7730000E+04  0.9990642E+00
 -0.7725000E+04  0.9990657E+00
 -0.7720000E+04  0.9990673E+00
 -0.7715000E+04  0.9990688E+00
 -0.7710000E+04  0.9990703E+00
 -0.7705000E+04  0.9990718E+00
 -0.7700000E+04  0.9990733E+00
 -0.7695000E+04  0.9990748E+00
 -0.7690000E+04  0.9990762E+00
 -0.7685000E+04  0.9990777E+00
 -0.7680000E+04  0.9990792E+00
 -0.7675000E+04  0.9990807E+00
 -0.7670000E+04  0.9990822E+00
 -0.7665000E+04  0.9990837E+00
 -0.7660000E+04  0.9990852E+00
 -0.7655000E+04  0.9990867E+00
 -0.7650000E+04  0.9990881E+00
 -0.7645000E+04  0.9990896E+00
 -0.7640000E+04  0.9990911E+00
 -0.7635000E+04  0.9990926E+00
 -0.7630000E+04  0.9990941E+00
 -0.7625000E+04  0.9990955E+00
 -0.7620000E+04  0.9990970E+00
 -0.7615000E+04  0.9990985E+00
 -0.7610000E+04  0.9990999E+00
 -0.7605000E+04  0.9991014E+00
 -0.7600000E+04  0.9991029E+00
 -0.7595000E+04  0.9991043E+00
 -0.7590000E+04  0.9991058E+00
 -0.7585000E+04  0.9991073E+00
 -0.7580000E+04  0.9991087E+00
 -0.7575000E+04  0.9991102E+00
 -0.7570000E+04  0.9991116E+00
 -0.7565000E+04  0.9991131E+00
 -0.7560000E+04  0.9991145E+00
 -0.7555000E+04  0.9991160E+00
 -0.7550000E+04  0.9991174E+00
 -0.7545000E+04  0.9991189E+00
 -0.7540000E+04  0.9991203E+00
 -0.7535000E+04  0.9991218E+00
 -0.7530000E+04  0.9991232E+00
 -0.7525000E+04  0.9991246E+00
 -0.7520000E+04  0.9991261E+00
 -0.7515000E+04  0.9991275E+00
 -0.7510000E+04  0.9991289E+00
 -0.7505000E+04  0.9991304E+00
 -0.7500000E+04  0.9991318E+00
 -0.7495000E+04  0.9991332E+00
 -0.7490000E+04  0.9991347E+00
 -0.7485000E+04  0.9991361E+00
 -0.7480000E+04  0.9991375E+00
 -0.7475000E+04  0.9991389E+00
 -0.7470000E+04  0.9991404E+00
 -0.7465000E+04  0.9991418E+00
 -0.7460000E+04  0.9991432E+00
 -0.7455000E+04  0.9991446E+00
 -0.7450000E+04  0.9991460E+00
 -0.7445000E+04  0.9991474E+00
 -0.7440000E+04  0.9991489E+00
 -0.7435000E+04  0.9991503E+00
 -0.7430000E+04  0.9991517E+00
 -0.7425000E+04  0.9991531E+00
 -0.7420000E+04  0.9991545E+00
 -0.7415000E+04  0.9991559E+00
 -0.7410000E+04  0.9991573E+00
 -0.7405000E+04  0.9991587E+00
 -0.7400000E+04  0.9991601E+00
 -0.7395000E+04  0.9991615E+00
 -0.7390000E+04  0.9991629E+00
 -0.7385000E+04  0.9991643E+00
 -0.7380000E+04  0.9991657E+00
 -0.7375000E+04  0.9991671E+00
 -0.7370000E+04  0.9991684E+00
 -0.7365000E+04  0.9991698E+00
 -0.7360000E+04  0.9991712E+00
 -0.7355000E+04  0.9991726E+00
 -0.7350000E+04  0.9991740E+00
 -0.7345000E+04  0.9991754E+00
 -0.7340000E+04  0.9991767E+00
 -0.7335000E+04  0.9991781E+00
 -0.7330000E+04  0.9991795E+00
 -0.7325000E+04  0.9991809E+00
 -0.7320000E+04  0.9991822E+00
 -0.7315000E+04  0.9991836E+00
 -0.7310000E+04  0.9991850E+00
 -0.7305000E+04  0.9991863E+00
 -0.7300000E+04  0.9991877E+00
 -0.7295000E+04  0.9991891E+00
 -0.7290000E+04  0.9991904E+00
 -0.7285000E+04  0.9991918E+00
 -0.7280000E+04  0.9991931E+00
 -0.7275000E+04  0.9991945E+00
 -0.7270000E+04  0.9991959E+00
 -0.7265000E+04  0.9991972E+00
 -0.7260000E+04  0.9991986E+00
 -0.7255000E+04  0.9991999E+00
 -0.7250000E+04  0.9992013E+00
 -0.7245000E+04  0.9992026E+00
 -0.7240000E+04  0.9992039E+00
 -0.7235000E+04  0.9992053E+00
 -0.7230000E+04  0.9992066E+00
 -0.7225000E+04  0.9992080E+00
 -0.7220000E+04  0.9992093E+00
 -0.7215000E+04  0.9992106E+00
 -0.7210000E+04  0.9992120E+00
 -0.7205000E+04  0.9992133E+00
 -0.7200000E+04  0.9992146E+00
 -0.7195000E+04  0.9992160E+00
 -0.7190000E+04  0.9992173E+00
 -0.7185000E+04  0.9992186E+00
 -0.7180000E+04  0.9992199E+00
 -0.7175000E+04  0.9992213E+00
 -0.7170000E+04  0.9992226E+00
 -0.7165000E+04  0.9992239E+00
 -0.7160000E+04  0.9992252E+00
 -0.7155000E+04  0.9992265E+00
 -0.7150000E+04  0.9992279E+00
 -0.7145000E+04  0.9992292E+00
 -0.7140000E+04  0.9992305E+00
 -0.7135000E+04  0.9992318E+00
 -0.7130000E+04  0.9992331E+00
 -0.7125000E+04  0.9992344E+00
 -0.7120000E+04  0.9992357E+00
 -0.7115000E+04  0.9992370E+00
 -0.7110000E+04  0.9992383E+00
 -0.7105000E+04  0.9992396E+00
 -0.7100000E+04  0.9992409E+00
 -0.7095000E+04  0.9992422E+00
 -0.7090000E+04  0.9992435E+00
 -0.7085000E+04  0.9992448E+00
 -0.7080000E+04  0.9992461E+00
 -0.7075000E+04  0.9992474E+00
 -0.7070000E+04  0.9992487E+00
 -0.7065000E+04  0.9992499E+00
 -0.7060000E+04  0.9992512E+00
 -0.7055000E+04  0.9992525E+00
 -0.7050000E+04  0.9992538E+00
 -0.7045000E+04  0.9992551E+00
 -0.7040000E+04  0.9992564E+00
 -0.7035000E+04  0.9992576E+00
 -0.7030000E+04  0.9992589E+00
 -0.7025000E+04  0.9992602E+00
 -0.7020000E+04  0.9992614E+00
 -0.7015000E+04  0.9992627E+00
 -0.7010000E+04  0.9992640E+00
 -0.7005000E+04  0.9992652E+00
 -0.7000000E+04  0.9992665E+00
 -0.6995000E+04  0.9992678E+00
 -0.6990000E+04  0.9992690E+00
 -0.6985000E+04  0.9992703E+00
 -0.6980000E+04  0.9992716E+00
 -0.6975000E+04  0.9992728E+00
 -0.6970000E+04  0.9992741E+00
 -0.6965000E+04  0.9992753E+00
 -0.6960000E+04  0.9992766E+00
 -0.6955000E+04  0.9992778E+00
 -0.6950000E+04  0.9992791E+00
 -0.6945000E+04  0.9992803E+00
 -0.6940000E+04  0.9992816E+00
 -0.6935000E+04  0.9992828E+00
 -0.6930000E+04  0.9992840E+00
 -0.6925000E+04  0.9992853E+00
 -0.6920000E+04  0.9992865E+00
 -0.6915000E+04  0.9992877E+00
 -0.6910000E+04  0.9992890E+00
 -0.6905000E+04  0.9992902E+00
 -0.6900000E+04  0.9992914E+00
 -0.6895000E+04  0.9992927E+00
 -0.6890000E+04  0.9992939E+00
 -0.6885000E+04  0.9992951E+00
 -0.6880000E+04  0.9992964E+00
 -0.6875000E+04  0.9992976E+00
 -0.6870000E+04  0.9992988E+00
 -0.6865000E+04  0.9993000E+00
 -0.6860000E+04  0.9993012E+00
 -0.6855000E+04  0.9993024E+00
 -0.6850000E+04  0.9993037E+00
 -0.6845000E+04  0.9993049E+00
 -0.6840000E+04  0.9993061E+00
 -0.6835000E+04  0.9993073E+00
 -0.6830000E+04  0.9993085E+00
 -0.6825000E+04  0.9993097E+00
 -0.6820000E+04  0.9993109E+00
 -0.6815000E+04  0.9993121E+00
 -0.6810000E+04  0.9993133E+00
 -0.6805000E+04  0.9993145E+00
 -0.6800000E+04  0.9993157E+00
 -0.6795000E+04  0.9993169E+00
 -0.6790000E+04  0.9993181E+00
 -0.6785000E+04  0.9993193E+00
 -0.6780000E+04  0.9993205E+00
 -0.6775000E+04  0.9993217E+00
 -0.6770000E+04  0.9993229E+00
 -0.6765000E+04  0.9993240E+00
 -0.6760000E+04  0.9993252E+00
 -0.6755000E+04  0.9993264E+00
 -0.6750000E+04  0.9993276E+00
 -0.6745000E+04  0.9993288E+00
 -0.6740000E+04  0.9993300E+00
 -0.6735000E+04  0.9993311E+00
 -0.6730000E+04  0.9993323E+00
 -0.6725000E+04  0.9993335E+00
 -0.6720000E+04  0.9993346E+00
 -0.6715000E+04  0.9993358E+00
 -0.6710000E+04  0.9993370E+00
 -0.6705000E+04  0.9993381E+00
 -0.6700000E+04  0.9993393E+00
 -0.6695000E+04  0.9993405E+00
 -0.6690000E+04  0.9993416E+00
 -0.6685000E+04  0.9993428E+00
 -0.6680000E+04  0.9993439E+00
 -0.6675000E+04  0.9993451E+00
 -0.6670000E+04  0.9993463E+00
 -0.6665000E+04  0.9993474E+00
 -0.6660000E+04  0.9993486E+00
 -0.6655000E+04  0.9993497E+00
 -0.6650000E+04  0.9993509E+00
 -0.6645000E+04  0.9993520E+00
 -0.6640000E+04  0.9993531E+00
 -0.6635000E+04  0.9993543E+00
 -0.6630000E+04  0.9993554E+00
 -0.6625000E+04  0.9993566E+00
 -0.6620000E+04  0.9993577E+00
 -0.6615000E+04  0.9993588E+00
 -0.6610000E+04  0.9993600E+00
 -0.6605000E+04  0.9993611E+00
 -0.6600000E+04  0.9993622E+00
 -0.6595000E+04  0.9993634E+00
 -0.6590000E+04  0.9993645E+00
 -0.6585000E+04  0.9993656E+00
 -0.6580000E+04  0.9993667E+00
 -0.6575000E+04  0.9993679E+00
 -0.6570000E+04  0.9993690E+00
 -0.6565000E+04  0.9993701E+00
 -0.6560000E+04  0.9993712E+00
 -0.6555000E+04  0.9993723E+00
 -0.6550000E+04  0.9993734E+00
 -0.6545000E+04  0.9993746E+00
 -0.6540000E+04  0.9993757E+00
 -0.6535000E+04  0.9993768E+00
 -0.6530000E+04  0.9993779E+00
 -0.6525000E+04  0.9993790E+00
 -0.6520000E+04  0.9993801E+00
 -0.6515000E+04  0.9993812E+00
 -0.6510000E+04  0.9993823E+00
 -0.6505000E+04  0.9993834E+00
 -0.6500000E+04  0.9993845E+00
 -0.6495000E+04  0.9993856E+00
 -0.6490000E+04  0.9993867E+00
 -0.6485000E+04  0.9993878E+00
 -0.6480000E+04  0.9993889E+00
 -0.6475000E+04  0.9993900E+00
 -0.6470000E+04  0.9993910E+00
 -0.6465000E+04  0.9993921E+00
 -0.6460000E+04  0.9993932E+00
 -0.6455000E+04  0.9993943E+00
 -0.6450000E+04  0.9993954E+00
 -0.6445000E+04  0.9993965E+00
 -0.6440000E+04  0.9993975E+00
 -0.6435000E+04  0.9993986E+00
 -0.6430000E+04  0.9993997E+00
 -0.6425000E+04  0.9994008E+00
 -0.6420000E+04  0.9994018E+00
 -0.6415000E+04  0.9994029E+00
 -0.6410000E+04  0.9994040E+00
 -0.6405000E+04  0.9994050E+00
 -0.6400000E+04  0.9994061E+00
 -0.6395000E+04  0.9994071E+00
 -0.6390000E+04  0.9994082E+00
 -0.6385000E+04  0.9994093E+00
 -0.6380000E+04  0.9994103E+00
 -0.6375000E+04  0.9994114E+00
 -0.6370000E+04  0.9994124E+00
 -0.6365000E+04  0.9994135E+00
 -0.6360000E+04  0.9994145E+00
 -0.6355000E+04  0.9994156E+00
 -0.6350000E+04  0.9994166E+00
 -0.6345000E+04  0.9994177E+00
 -0.6340000E+04  0.9994187E+00
 -0.6335000E+04  0.9994198E+00
 -0.6330000E+04  0.9994208E+00
 -0.6325000E+04  0.9994218E+00
 -0.6320000E+04  0.9994229E+00
 -0.6315000E+04  0.9994239E+00
 -0.6310000E+04  0.9994249E+00
 -0.6305000E+04  0.9994260E+00
 -0.6300000E+04  0.9994270E+00
 -0.6295000E+04  0.9994280E+00
 -0.6290000E+04  0.9994291E+00
 -0.6285000E+04  0.9994301E+00
 -0.6280000E+04  0.9994311E+00
 -0.6275000E+04  0.9994321E+00
 -0.6270000E+04  0.9994332E+00
 -0.6265000E+04  0.9994342E+00
 -0.6260000E+04  0.9994352E+00
 -0.6255000E+04  0.9994362E+00
 -0.6250000E+04  0.9994372E+00
 -0.6245000E+04  0.9994382E+00
 -0.6240000E+04  0.9994392E+00
 -0.6235000E+04  0.9994402E+00
 -0.6230000E+04  0.9994413E+00
 -0.6225000E+04  0.9994423E+00
 -0.6220000E+04  0.9994433E+00
 -0.6215000E+04  0.9994443E+00
 -0.6210000E+04  0.9994453E+00
 -0.6205000E+04  0.9994463E+00
 -0.6200000E+04  0.9994473E+00
 -0.6195000E+04  0.9994483E+00
 -0.6190000E+04  0.9994492E+00
 -0.6185000E+04  0.9994502E+00
 -0.6180000E+04  0.9994512E+00
 -0.6175000E+04  0.9994522E+00
 -0.6170000E+04  0.9994532E+00
 -0.6165000E+04  0.9994542E+00
 -0.6160000E+04  0.9994552E+00
 -0.6155000E+04  0.9994562E+00
 -0.6150000E+04  0.9994571E+00
 -0.6145000E+04  0.9994581E+00
 -0.6140000E+04  0.9994591E+00
 -0.6135000E+04  0.9994601E+00
 -0.6130000E+04  0.9994610E+00
 -0.6125000E+04  0.9994620E+00
 -0.6120000E+04  0.9994630E+00
 -0.6115000E+04  0.9994639E+00
 -0.6110000E+04  0.9994649E+00
 -0.6105000E+04  0.9994659E+00
 -0.6100000E+04  0.9994668E+00
 -0.6095000E+04  0.9994678E+00
 -0.6090000E+04  0.9994688E+00
 -0.6085000E+04  0.9994697E+00
 -0.6080000E+04  0.9994707E+00
 -0.6075000E+04  0.9994716E+00
 -0.6070000E+04  0.9994726E+00
 -0.6065000E+04  0.9994735E+00
 -0.6060000E+04  0.9994745E+00
 -0.6055000E+04  0.9994754E+00
 -0.6050000E+04  0.9994764E+00
 -0.6045000E+04  0.9994773E+00
 -0.6040000E+04  0.9994783E+00
 -0.6035000E+04  0.9994792E+00
 -0.6030000E+04  0.9994802E+00
 -0.6025000E+04  0.9994811E+00
 -0.6020000E+04  0.9994820E+00
 -0.6015000E+04  0.9994830E+00
 -0.6010000E+04  0.9994839E+00
 -0.6005000E+04  0.9994848E+00
 -0.6000000E+04  0.9994858E+00
 -0.5995000E+04  0.9994867E+00
 -0.5990000E+04  0.9994876E+00
 -0.5985000E+04  0.9994885E+00
 -0.5980000E+04  0.9994895E+00
 -0.5975000E+04  0.9994904E+00
 -0.5970000E+04  0.9994913E+00
 -0.5965000E+04  0.9994922E+00
 -0.5960000E+04  0.9994931E+00
 -0.5955000E+04  0.9994941E+00
 -0.5950000E+04  0.9994950E+00
